167

11\33_33103.jpg
266 400
17 56 242 306; 68 58 240 273; 7 59 239 333; 

11\33_33126.jpg
300 400
96 35 264 381; 162 74 249 186; 99 76 272 368; 

11\33_33225.jpg
400 300
108 146 361 288; 204 152 331 283; 98 151 330 282; 

11\33_33228.jpg
400 266
46 36 346 173; 209 38 346 171; 37 38 347 171; 

11\33_33235.jpg
400 256
179 86 348 246; 181 87 341 250; 184 87 342 252; 

11\33_33252.jpg
400 273
223 109 376 226; 226 104 381 263; 227 95 384 264; 

11\33_33259.jpg
400 278
49 139 382 276; 49 139 385 276; 48 140 384 276; 

11\33_33278.jpg
400 320
156 22 311 215; 176 22 307 141; 179 24 304 215; 

11\33_33312.jpg
355 400
48 134 324 291; 64 174 326 269; 66 169 323 268; 

11\33_33322.jpg
322 400
95 76 267 383; 119 83 251 175; 97 86 263 377; 

11\33_33347.jpg
400 300
52 26 320 292; 53 28 321 292; 54 27 321 291; 

11\33_33378.jpg
400 266
21 62 342 229; 84 61 279 149; 2 61 277 161; 

11\33_33394.jpg
400 300
133 38 338 260; 138 39 333 257; 139 43 332 255; 

11\33_33405.jpg
400 395
38 60 358 227; 55 79 350 212; 57 78 349 212; 

11\33_33432.jpg
400 300
108 171 387 276; 87 186 242 297; 98 137 391 300; 

11\33_33438.jpg
400 310
110 69 335 219; 120 88 268 183; 92 59 389 254; 

11\33_33439.jpg
339 400
91 51 278 392; 91 52 262 217; 92 52 263 230; 

11\33_33442.jpg
400 267
41 28 241 194; 41 29 216 175; 41 29 242 191; 

11\33_33462.jpg
300 400
20 95 124 344; 26 98 120 338; 24 99 119 336; 

11\33_33465.jpg
400 303
40 38 259 299; 105 90 205 213; 60 32 279 211; 

11\33_33509.jpg
278 400
126 172 244 363; 129 171 243 351; 129 172 242 342; 

11\33_33524.jpg
400 300
20 86 371 289; 122 90 231 176; 0 91 400 286; 

11\33_33525.jpg
400 320
61 84 390 268; 61 86 173 197; 62 86 396 202; 

11\33_33527.jpg
400 315
55 26 315 300; 59 26 314 295; 62 27 312 295; 

11\33_33529.jpg
335 400
51 66 311 363; 52 65 195 221; 51 66 308 249; 

11\33_33544.jpg
400 352
145 50 335 244; 146 51 336 243; 147 51 337 243; 

11\33_33545.jpg
400 300
113 10 256 298; 169 103 253 209; 130 1 252 299; 

11\33_33554.jpg
400 300
96 99 272 222; 95 101 271 221; 96 101 271 224; 

11\33_33568.jpg
314 400
26 68 229 231; 27 89 213 228; 28 73 270 227; 

11\33_33584.jpg
400 320
82 49 356 201; 133 74 239 188; 82 42 358 202; 

11\33_33585.jpg
320 400
70 40 276 285; 142 159 212 231; 143 158 212 231; 

11\33_33615.jpg
400 300
71 54 294 252; 117 142 254 238; 90 45 279 277; 

11\33_33625.jpg
400 299
109 78 306 272; 111 76 301 272; 114 75 302 271; 

11\33_33634.jpg
300 400
92 66 209 374; 102 73 196 205; 94 72 228 368; 

11\33_33646.jpg
320 400
138 51 272 258; 135 54 272 258; 135 55 279 368; 

11\33_33651.jpg
332 399
88 181 247 395; 127 181 212 319; 87 182 245 385; 

11\33_33653.jpg
400 302
153 57 379 260; 155 74 274 255; 159 61 393 255; 

11\33_33690.jpg
400 320
49 52 321 269; 109 55 319 166; 47 56 349 269; 

11\33_33725.jpg
400 400
216 104 340 268; 216 106 354 262; 196 107 356 262; 

11\33_33755.jpg
400 266
95 22 316 246; 93 125 181 241; 94 29 305 241; 

11\33_33756.jpg
400 348
102 96 389 336; 106 139 243 332; 108 128 366 342; 

11\33_33769.jpg
400 300
131 31 349 231; 132 72 352 235; 136 75 351 234; 

11\33_33780.jpg
400 300
51 22 271 291; 163 24 270 174; 33 24 269 291; 

11\33_33781.jpg
400 300
41 9 264 300; 106 71 238 266; 108 72 237 262; 

11\33_33786.jpg
320 400
50 60 232 252; 50 62 226 248; 56 61 241 299; 

11\33_33829.jpg
400 300
46 17 181 161; 44 17 184 176; 68 21 154 131; 

11\33_33872.jpg
400 259
9 24 220 243; 15 23 213 232; 13 24 212 230; 

11\33_33874.jpg
306 400
44 248 284 350; 46 251 282 331; 46 251 282 326; 

11\33_33878.jpg
400 300
262 141 353 282; 266 144 348 278; 266 144 348 278; 

11\33_33933.jpg
400 300
259 128 367 274; 261 130 364 268; 264 131 363 265; 

11\33_33951.jpg
400 288
30 49 384 238; 126 53 382 178; 128 54 381 197; 

11\33_33954.jpg
400 193
26 86 144 179; 29 84 142 190; 29 85 142 191; 

11\33_33961.jpg
400 321
39 109 174 289; 44 110 124 287; 44 111 122 282; 

11\33_33978.jpg
399 344
167 92 329 301; 211 94 300 264; 156 96 344 297; 

11\34_34000.jpg
283 400
22 26 257 170; 107 66 258 171; 25 32 258 171; 

11\34_34004.jpg
300 400
83 32 279 242; 84 38 280 241; 84 34 279 240; 

11\34_34005.jpg
400 299
65 119 266 251; 72 116 262 204; 72 114 262 204; 

11\34_34006.jpg
266 400
143 12 260 125; 149 27 255 123; 149 22 255 121; 

11\34_34020.jpg
400 302
105 81 281 233; 101 79 281 219; 103 81 280 216; 

11\34_34023.jpg
300 400
26 12 138 206; 39 186 155 348; 31 182 217 364; 

11\34_34026.jpg
400 311
160 182 374 301; 159 214 356 298; 161 186 369 298; 

11\34_34086.jpg
400 300
56 51 355 261; 44 46 354 258; 45 49 354 258; 

11\34_34096.jpg
400 230
9 36 374 172; 11 41 372 156; 1 39 371 161; 

11\34_34102.jpg
400 300
151 104 269 298; 154 126 262 266; 153 118 308 289; 

11\34_34109.jpg
400 280
20 31 263 275; 27 32 164 231; 19 33 263 278; 

11\34_34114.jpg
400 300
44 63 385 210; 51 156 364 201; 44 62 378 209; 

11\34_34124.jpg
400 300
86 51 357 254; 148 76 246 171; 91 53 354 252; 

11\34_34153.jpg
400 279
143 7 377 270; 173 60 289 209; 141 0 379 278; 

11\34_34180.jpg
300 400
48 24 256 287; 143 131 223 283; 38 32 266 280; 

11\34_34181.jpg
300 400
21 69 253 259; 86 88 221 212; 22 68 251 258; 

11\34_34206.jpg
400 300
121 21 246 289; 123 22 245 185; 122 22 245 294; 

11\34_34207.jpg
266 400
10 261 167 391; 53 263 169 390; 0 263 166 379; 

11\34_34236.jpg
391 293
131 46 356 255; 132 46 346 254; 135 47 352 251; 

11\34_34250.jpg
400 300
3 89 396 203; 94 87 359 205; 0 93 398 199; 

11\34_34261.jpg
400 300
60 80 332 199; 63 79 338 201; 63 79 339 200; 

11\34_34272.jpg
400 286
117 24 372 235; 207 151 319 235; 162 21 373 236; 

11\34_34284.jpg
400 300
16 75 374 210; 20 81 369 126; 20 81 369 206; 

11\34_34288.jpg
400 321
26 62 279 220; 28 63 277 214; 30 63 278 212; 

11\34_34294.jpg
400 300
119 16 311 214; 120 16 267 212; 121 17 266 212; 

11\34_34300.jpg
399 301
53 34 294 199; 58 38 219 140; 58 38 298 200; 

11\34_34308.jpg
400 300
14 76 351 206; 45 75 218 205; 16 64 348 204; 

11\34_34314.jpg
400 300
183 48 382 286; 186 42 341 203; 188 46 340 221; 

11\34_34321.jpg
400 300
43 26 347 236; 43 102 351 165; 46 30 349 232; 

11\34_34341.jpg
400 272
49 30 346 234; 203 77 343 225; 59 46 338 226; 

11\34_34344.jpg
400 300
99 114 241 238; 96 116 229 232; 113 120 227 228; 

11\34_34345.jpg
400 300
54 81 299 290; 158 54 344 246; 0 84 294 299; 

11\34_34347.jpg
399 320
7 74 325 277; 96 102 222 206; 4 79 345 253; 

11\34_34349.jpg
400 300
54 31 314 288; 113 64 277 201; 116 68 288 201; 

11\34_34374.jpg
352 400
64 11 197 371; 74 26 191 197; 71 32 195 196; 

11\34_34382.jpg
399 267
106 53 347 216; 104 51 346 217; 105 51 356 215; 

11\34_34418.jpg
400 300
66 70 379 232; 66 80 274 239; 66 68 377 239; 

11\34_34427.jpg
400 299
68 29 307 235; 180 60 352 185; 69 73 366 238; 

11\34_34434.jpg
400 266
127 11 377 251; 234 129 374 262; 132 11 382 262; 

11\34_34448.jpg
300 400
38 66 224 274; 107 89 178 207; 18 34 221 272; 

11\34_34450.jpg
320 400
51 55 253 339; 86 127 224 338; 58 59 254 336; 

11\34_34464.jpg
323 400
62 19 267 254; 82 136 191 255; 72 34 253 252; 

11\34_34467.jpg
400 300
114 44 346 277; 114 49 340 276; 115 49 341 276; 

11\34_34479.jpg
400 300
147 10 375 279; 174 124 343 279; 146 1 374 274; 

11\34_34482.jpg
300 400
81 24 208 211; 80 60 202 198; 83 61 201 209; 

11\34_34485.jpg
400 266
121 13 317 249; 121 16 318 200; 123 16 318 248; 

11\34_34490.jpg
400 320
173 4 359 301; 176 101 320 294; 176 1 400 301; 

11\34_34510.jpg
400 320
24 119 219 247; 24 119 212 246; 24 49 250 246; 

11\34_34511.jpg
400 320
19 75 371 260; 18 92 368 257; 18 39 368 258; 

11\34_34550.jpg
400 300
43 41 303 292; 145 45 301 197; 127 48 299 219; 

11\34_34557.jpg
345 400
162 20 294 393; 168 151 292 336; 166 33 326 368; 

11\34_34569.jpg
370 400
22 50 316 302; 138 138 258 264; 0 139 317 292; 

11\34_34578.jpg
308 400
49 37 266 244; 53 41 266 241; 55 42 266 240; 

11\34_34583.jpg
400 300
38 26 289 296; 188 26 288 131; 40 28 288 300; 

11\34_34584.jpg
399 299
73 52 362 284; 76 76 293 209; 80 55 360 284; 

11\34_34593.jpg
292 400
12 24 235 246; 137 28 235 171; 1 29 236 316; 

11\34_34594.jpg
300 400
63 93 225 335; 107 95 175 219; 67 97 222 335; 

11\34_34595.jpg
300 400
28 72 273 314; 30 140 163 293; 31 116 269 359; 

11\34_34597.jpg
400 310
151 15 347 252; 237 39 343 166; 152 21 345 251; 

11\34_34599.jpg
294 400
131 150 279 350; 131 152 277 347; 132 153 277 370; 

11\34_34647.jpg
400 300
130 81 275 276; 182 121 223 217; 123 57 291 278; 

11\34_34652.jpg
400 320
21 13 248 254; 26 13 101 256; 22 1 251 254; 

11\34_34653.jpg
320 400
56 56 231 342; 56 54 157 341; 57 55 229 343; 

11\34_34660.jpg
300 400
79 185 226 327; 82 186 223 322; 82 187 222 321; 

11\34_34675.jpg
266 400
15 56 207 368; 6 53 220 223; 5 53 218 235; 

11\34_34713.jpg
400 267
138 89 304 252; 142 93 302 264; 142 94 302 264; 

11\34_34731.jpg
399 265
66 28 283 259; 141 139 280 260; 66 28 278 258; 

11\34_34732.jpg
351 400
144 98 306 324; 145 97 249 247; 146 99 312 322; 

11\34_34790.jpg
400 300
4 94 221 293; 0 94 221 300; 2 97 220 299; 

11\34_34813.jpg
400 300
189 61 382 293; 224 62 351 226; 221 62 382 299; 

11\34_34817.jpg
261 400
81 44 179 386; 97 43 164 183; 90 43 171 300; 

11\34_34854.jpg
400 320
144 56 269 238; 141 55 266 238; 149 61 274 240; 

11\34_34876.jpg
400 284
28 43 275 255; 61 79 231 173; 31 46 274 254; 

11\34_34886.jpg
300 400
120 202 265 380; 124 211 254 374; 124 211 251 368; 

11\34_34965.jpg
300 400
66 192 283 390; 91 195 226 348; 68 194 300 368; 

11\34_34995.jpg
400 265
32 104 384 233; 117 106 384 232; 0 59 384 233; 

11\34_34997.jpg
381 400
79 163 339 324; 158 165 338 262; 80 165 338 320; 

11\34_34999.jpg
400 344
37 34 314 282; 37 32 313 278; 38 33 315 275; 

11\35_35060.jpg
400 353
94 61 285 343; 98 8 285 305; 96 8 284 299; 

11\35_35070.jpg
400 301
56 51 396 246; 147 115 308 238; 56 118 305 253; 

11\35_35080.jpg
400 299
93 79 338 279; 117 78 314 294; 119 79 315 228; 

11\35_35096.jpg
400 300
79 22 320 248; 197 98 302 228; 166 74 320 250; 

11\35_35159.jpg
400 296
47 51 283 285; 151 77 280 253; 46 53 280 224; 

11\35_35173.jpg
400 300
141 78 306 218; 142 79 300 222; 141 79 300 220; 

11\35_35204.jpg
400 363
58 166 279 340; 121 185 268 248; 17 165 257 349; 

11\35_35216.jpg
400 308
33 66 351 241; 34 105 271 245; 36 106 268 242; 

11\35_35222.jpg
400 300
174 51 360 279; 175 54 356 281; 176 56 355 279; 

11\35_35228.jpg
251 400
71 12 197 395; 69 18 184 375; 71 32 197 368; 

11\35_35334.jpg
400 300
102 0 245 128; 100 0 239 128; 102 0 238 125; 

11\35_35337.jpg
400 270
19 88 318 201; 68 86 319 202; 21 89 316 203; 

11\35_35339.jpg
400 300
12 61 388 231; 103 62 301 192; 9 63 390 230; 

11\35_35402.jpg
266 400
65 59 254 330; 65 140 226 326; 67 46 261 329; 

11\35_35473.jpg
400 300
29 52 299 296; 74 244 270 300; 44 51 284 300; 

11\35_35499.jpg
329 400
16 65 239 355; 63 66 209 355; 18 68 259 353; 

11\35_35502.jpg
400 320
64 61 316 282; 83 59 176 169; 49 60 315 284; 

11\35_35516.jpg
266 400
62 96 192 326; 64 99 191 320; 64 99 191 321; 

11\35_35527.jpg
400 333
110 26 285 284; 111 27 276 134; 113 27 283 279; 

11\35_35529.jpg
400 300
100 61 285 189; 102 64 283 188; 103 64 282 186; 

11\35_35628.jpg
399 300
138 72 239 200; 140 74 236 207; 92 73 237 208; 

11\35_35631.jpg
400 300
225 75 344 298; 232 79 336 299; 233 81 336 299; 

11\35_35712.jpg
400 329
79 49 320 291; 114 92 266 251; 81 52 317 288; 

11\35_35713.jpg
400 300
106 86 290 222; 107 101 288 197; 107 102 287 191; 

11\35_35759.jpg
335 400
103 128 286 291; 108 134 281 290; 109 134 281 286; 

11\35_35791.jpg
391 400
210 195 355 354; 223 194 356 354; 224 196 355 352; 

11\35_35795.jpg
218 399
59 40 212 246; 58 39 206 244; 57 41 206 243; 

11\35_35802.jpg
400 308
78 100 318 224; 69 93 365 229; 77 87 369 234; 

11\35_35811.jpg
370 259
106 107 202 232; 104 108 201 170; 105 110 200 167; 

11\35_35862.jpg
300 400
46 44 251 371; 41 52 184 204; 44 54 183 203; 

11\35_35873.jpg
400 300
134 42 249 266; 135 42 218 261; 136 43 255 268; 

11\35_35887.jpg
400 320
108 49 386 222; 148 99 274 219; 87 48 398 216; 

11\35_35888.jpg
400 300
16 116 393 268; 143 119 267 249; 1 120 398 272; 

11\35_35893.jpg
399 349
92 32 340 287; 151 33 297 226; 92 37 340 331; 

11\35_35990.jpg
400 300
22 41 349 188; 122 62 228 176; 2 41 399 179; 

