190

14\42_42004.jpg
399 393
55 102 375 380; 54 21 378 294; 58 112 343 373; 

14\42_42006.jpg
320 400
34 56 202 384; 32 56 181 217; 32 58 207 354; 

14\42_42093.jpg
400 248
58 38 390 197; 188 39 399 144; 1 39 399 189; 

14\42_42116.jpg
307 400
136 32 288 203; 137 38 285 203; 137 46 284 203; 

14\42_42161.jpg
400 373
49 52 308 372; 56 165 244 349; 48 73 299 341; 

14\42_42184.jpg
400 325
144 52 392 322; 143 51 276 306; 145 51 310 311; 

14\42_42187.jpg
400 300
53 21 317 271; 54 24 314 268; 62 31 302 261; 

14\42_42207.jpg
399 309
72 22 312 292; 117 20 239 239; 72 21 312 295; 

14\42_42212.jpg
300 400
48 72 238 398; 94 70 221 159; 96 45 222 353; 

14\42_42242.jpg
266 400
58 50 220 332; 66 54 163 186; 59 54 222 331; 

14\42_42243.jpg
266 400
31 72 241 376; 22 129 239 223; 39 77 231 268; 

14\42_42244.jpg
400 266
125 28 276 258; 120 32 284 199; 131 32 272 197; 

14\42_42245.jpg
400 266
96 0 327 231; 88 101 245 188; 102 11 316 229; 

14\42_42247.jpg
400 266
6 61 264 207; 136 74 259 186; 1 60 259 195; 

14\42_42248.jpg
400 266
71 70 374 265; 72 74 374 172; 72 74 372 257; 

14\42_42249.jpg
400 266
106 33 289 258; 152 34 282 146; 153 36 281 178; 

14\42_42250.jpg
400 266
218 78 386 263; 221 76 365 190; 220 76 365 194; 

14\42_42251.jpg
400 266
137 73 322 242; 136 75 249 198; 138 76 331 246; 

14\42_42252.jpg
400 266
8 3 240 248; 72 32 199 176; 72 34 199 176; 

14\42_42253.jpg
400 266
204 11 394 264; 208 81 352 236; 208 9 368 234; 

14\42_42255.jpg
400 400
56 50 365 270; 55 119 257 265; 58 50 362 265; 

14\42_42256.jpg
400 400
31 101 329 337; 95 102 205 243; 33 103 324 333; 

14\42_42257.jpg
266 400
58 164 221 312; 91 164 178 309; 61 165 222 312; 

14\42_42258.jpg
400 266
75 63 268 215; 102 67 183 219; 76 68 268 221; 

14\42_42259.jpg
389 399
123 114 265 358; 102 186 289 361; 72 47 342 357; 

14\42_42266.jpg
346 400
15 52 188 354; 75 53 186 336; 20 53 184 354; 

14\42_42309.jpg
400 300
162 66 329 288; 164 78 328 230; 165 78 327 282; 

14\42_42326.jpg
260 193
46 46 183 172; 56 45 188 178; 58 48 184 175; 

14\42_42329.jpg
400 335
97 44 395 313; 102 109 287 299; 103 50 394 306; 

14\42_42334.jpg
399 296
76 52 308 249; 72 49 316 249; 75 49 315 250; 

14\42_42351.jpg
400 266
61 19 299 256; 64 61 286 210; 70 61 287 189; 

14\42_42375.jpg
400 300
138 42 237 299; 139 44 231 192; 137 46 236 299; 

14\42_42429.jpg
400 300
79 38 328 252; 79 36 320 248; 78 38 331 248; 

14\42_42440.jpg
298 400
110 22 259 196; 110 90 245 206; 109 46 258 201; 

14\42_42441.jpg
400 268
58 62 326 226; 55 71 324 222; 57 70 324 229; 

14\42_42470.jpg
400 300
72 20 378 201; 71 19 372 203; 72 20 371 201; 

14\42_42484.jpg
400 282
104 50 213 231; 103 50 210 235; 105 51 208 231; 

14\42_42491.jpg
400 256
1 48 323 140; 62 50 321 139; 1 50 321 138; 

14\42_42499.jpg
400 266
92 36 371 261; 138 39 339 146; 172 41 280 145; 

14\42_42544.jpg
400 314
157 54 358 249; 227 116 357 249; 228 116 356 248; 

14\42_42580.jpg
400 323
48 116 362 319; 106 142 213 257; 105 144 326 257; 

14\42_42582.jpg
400 275
141 22 279 266; 158 21 260 266; 136 22 280 274; 

14\42_42599.jpg
300 400
48 52 134 222; 52 52 131 220; 52 52 131 221; 

14\42_42641.jpg
400 320
133 100 339 282; 176 104 338 285; 122 104 338 284; 

14\42_42706.jpg
234 399
92 197 179 377; 68 185 177 365; 74 188 177 359; 

14\42_42729.jpg
400 306
58 42 291 277; 131 51 239 219; 59 44 292 276; 

14\42_42735.jpg
400 266
94 39 347 261; 218 38 349 258; 91 37 348 257; 

14\42_42799.jpg
400 300
86 87 161 289; 89 89 158 241; 86 91 159 286; 

14\42_42804.jpg
400 328
183 110 305 283; 183 109 302 282; 184 110 301 281; 

14\42_42817.jpg
400 314
198 25 380 259; 198 27 306 109; 200 28 381 266; 

14\42_42820.jpg
400 344
87 55 258 315; 103 54 258 201; 88 54 257 313; 

14\42_42858.jpg
400 300
88 138 193 253; 89 105 193 253; 90 141 192 252; 

14\42_42863.jpg
400 280
269 19 339 279; 268 7 341 278; 269 8 342 279; 

14\42_42881.jpg
400 391
127 79 268 251; 128 82 270 249; 129 81 268 250; 

14\42_42891.jpg
400 320
50 148 266 247; 53 150 267 229; 53 150 266 229; 

14\42_42897.jpg
400 301
27 88 256 271; 28 91 168 272; 27 91 167 271; 

14\42_42911.jpg
400 336
123 32 339 218; 124 32 188 228; 124 33 339 238; 

14\42_42923.jpg
400 300
229 28 337 292; 230 29 335 293; 231 31 334 291; 

14\42_42926.jpg
320 400
88 112 286 304; 88 112 232 212; 86 113 261 353; 

14\42_42930.jpg
320 400
68 56 228 392; 128 57 215 192; 68 58 225 353; 

14\42_42939.jpg
400 284
196 58 268 262; 199 60 264 261; 199 59 263 259; 

14\42_42953.jpg
321 400
26 180 172 319; 31 181 166 319; 31 181 166 332; 

14\42_42955.jpg
283 400
83 45 199 390; 89 128 191 298; 89 129 194 355; 

14\42_42979.jpg
399 299
60 8 298 298; 135 104 297 248; 76 26 302 299; 

14\43_43011.jpg
400 300
80 84 314 207; 81 86 256 207; 79 85 310 204; 

14\43_43080.jpg
300 400
68 204 182 310; 64 220 157 308; 68 217 156 308; 

14\43_43086.jpg
400 266
185 128 338 236; 188 128 340 231; 189 129 341 230; 

14\43_43089.jpg
400 279
12 90 186 219; 0 106 181 214; 0 105 181 212; 

14\43_43090.jpg
400 299
278 101 358 269; 279 101 357 268; 279 101 357 266; 

14\43_43103.jpg
400 342
186 34 382 199; 196 32 382 185; 196 34 385 183; 

14\43_43132.jpg
296 400
55 50 245 338; 65 179 195 323; 56 52 246 337; 

14\43_43144.jpg
400 247
144 73 280 154; 144 74 278 154; 145 76 278 152; 

14\43_43145.jpg
400 373
35 56 326 322; 195 56 324 241; 185 56 324 249; 

14\43_43164.jpg
301 400
73 35 288 358; 117 39 216 144; 124 46 210 141; 

14\43_43183.jpg
400 291
182 85 340 291; 183 86 339 289; 184 85 338 291; 

14\43_43203.jpg
300 400
32 26 208 226; 31 106 203 212; 33 46 203 210; 

14\43_43206.jpg
400 300
206 102 312 297; 206 106 312 300; 209 105 312 298; 

14\43_43209.jpg
400 336
167 46 338 312; 193 44 336 226; 166 44 336 311; 

14\43_43215.jpg
400 243
230 86 382 191; 226 88 379 192; 228 89 379 190; 

14\43_43217.jpg
300 400
139 124 264 394; 144 119 261 242; 138 119 264 354; 

14\43_43232.jpg
323 400
129 40 193 284; 128 39 194 282; 129 45 194 282; 

14\43_43242.jpg
270 400
61 108 154 371; 64 106 156 272; 64 107 156 354; 

14\43_43257.jpg
400 266
50 102 328 191; 48 102 327 191; 47 104 325 189; 

14\43_43268.jpg
400 303
197 105 334 249; 199 106 334 247; 199 104 336 251; 

14\43_43277.jpg
400 300
147 92 264 278; 151 91 264 195; 154 93 259 195; 

14\43_43279.jpg
168 400
14 4 106 312; 29 42 98 145; 12 45 106 314; 

14\43_43285.jpg
400 323
20 20 292 232; 18 14 292 191; 21 15 291 232; 

14\43_43286.jpg
400 300
20 114 390 296; 203 109 274 299; 22 112 393 299; 

14\43_43293.jpg
400 276
234 24 344 206; 242 20 331 149; 235 20 346 208; 

14\43_43295.jpg
299 394
95 104 210 262; 99 101 207 258; 99 102 206 258; 

14\43_43302.jpg
400 300
82 42 164 276; 79 42 165 281; 81 43 169 278; 

14\43_43320.jpg
266 400
76 55 179 365; 123 56 178 346; 124 58 177 341; 

14\43_43333.jpg
400 300
49 73 284 275; 51 75 155 213; 52 75 317 285; 

14\43_43364.jpg
400 300
134 79 249 231; 135 79 248 229; 136 80 249 228; 

14\43_43375.jpg
399 372
234 166 325 332; 235 167 325 320; 237 168 325 319; 

14\43_43381.jpg
400 266
99 90 218 234; 102 91 214 228; 102 92 214 226; 

14\43_43390.jpg
400 300
85 12 294 274; 84 44 200 230; 85 14 298 271; 

14\43_43391.jpg
400 266
218 35 341 182; 236 29 384 184; 236 25 384 182; 

14\43_43399.jpg
400 300
159 78 359 224; 161 81 252 244; 174 72 398 294; 

14\43_43404.jpg
400 300
124 85 326 235; 124 84 305 242; 126 85 342 287; 

14\43_43405.jpg
370 400
168 14 345 228; 141 102 300 302; 170 36 345 228; 

14\43_43408.jpg
305 400
19 203 278 374; 22 205 276 352; 24 206 274 351; 

14\43_43412.jpg
400 341
10 38 226 292; 4 38 226 290; 6 40 224 289; 

14\43_43497.jpg
400 266
122 26 385 195; 122 28 386 194; 124 27 385 192; 

14\43_43520.jpg
400 320
195 8 281 266; 192 10 285 267; 192 11 287 266; 

14\43_43544.jpg
400 313
54 46 248 184; 57 46 250 184; 55 47 249 184; 

14\43_43546.jpg
400 300
117 22 382 256; 117 24 381 259; 137 24 376 253; 

14\43_43560.jpg
400 266
150 34 296 220; 194 32 296 235; 134 32 297 255; 

14\43_43573.jpg
400 266
39 48 362 234; 37 56 164 186; 38 48 362 234; 

14\43_43584.jpg
267 400
17 12 110 260; 17 27 110 216; 18 36 108 215; 

14\43_43604.jpg
400 320
84 94 315 302; 88 96 312 297; 91 103 311 309; 

14\43_43632.jpg
400 320
62 11 287 240; 62 11 225 235; 61 15 344 261; 

14\43_43633.jpg
400 400
60 32 301 292; 61 37 263 292; 61 46 367 355; 

14\43_43634.jpg
400 266
70 46 331 182; 70 48 329 177; 72 48 329 231; 

14\43_43637.jpg
400 241
250 11 368 237; 250 10 369 241; 251 11 369 240; 

14\43_43652.jpg
400 266
26 54 382 202; 26 47 384 202; 31 55 376 195; 

14\43_43713.jpg
400 308
106 77 392 281; 128 78 392 198; 129 79 391 211; 

14\43_43730.jpg
400 300
58 96 252 246; 58 98 248 240; 59 98 249 242; 

14\43_43737.jpg
400 335
82 19 368 276; 82 104 352 276; 86 22 366 272; 

14\43_43738.jpg
400 256
71 81 343 182; 71 85 342 150; 73 86 339 150; 

14\43_43758.jpg
300 400
67 59 276 394; 66 63 210 326; 66 63 274 371; 

14\43_43821.jpg
400 266
61 65 181 247; 63 69 177 243; 63 70 177 243; 

14\43_43894.jpg
400 291
48 52 350 242; 57 53 347 241; 58 54 346 241; 

14\43_43899.jpg
400 320
126 82 349 255; 128 81 349 253; 128 81 349 252; 

14\43_43917.jpg
238 400
76 180 159 318; 72 181 181 319; 76 183 181 316; 

14\43_43926.jpg
400 230
86 20 322 214; 82 32 170 217; 83 25 275 215; 

14\43_43938.jpg
286 400
54 71 222 352; 58 83 206 286; 61 82 202 286; 

14\43_43950.jpg
400 302
74 16 221 264; 72 19 222 267; 73 19 221 298; 

14\43_43960.jpg
300 400
69 64 238 324; 68 69 238 237; 68 70 256 354; 

14\43_43989.jpg
400 320
104 29 385 257; 108 32 384 258; 82 31 384 256; 

14\43_43996.jpg
300 400
91 93 205 315; 92 95 195 238; 94 96 204 333; 

14\44_44004.jpg
400 320
157 40 366 185; 195 39 283 123; 159 41 368 175; 

14\44_44022.jpg
258 400
66 98 201 396; 64 99 204 328; 66 96 202 354; 

14\44_44024.jpg
400 302
44 40 218 194; 111 42 220 148; 111 42 219 148; 

14\44_44025.jpg
290 399
36 126 253 366; 30 114 263 343; 35 112 253 359; 

14\44_44044.jpg
289 400
63 157 233 337; 63 157 233 337; 63 158 232 335; 

14\44_44073.jpg
400 317
221 113 310 286; 221 115 309 286; 222 114 309 283; 

14\44_44087.jpg
400 241
7 40 241 210; 120 37 263 133; 9 38 262 209; 

14\44_44090.jpg
400 300
85 46 322 235; 101 48 281 176; 93 49 276 238; 

14\44_44108.jpg
400 288
189 105 373 286; 189 107 373 287; 189 107 375 287; 

14\44_44112.jpg
400 266
16 98 327 178; 22 99 325 176; 22 99 339 176; 

14\44_44116.jpg
400 266
106 18 313 235; 181 19 262 241; 66 18 312 241; 

14\44_44118.jpg
400 266
89 18 316 248; 89 19 314 247; 89 18 314 247; 

14\44_44132.jpg
400 244
44 44 385 212; 206 49 327 126; 147 44 346 191; 

14\44_44198.jpg
400 335
56 101 338 273; 221 103 342 200; 58 103 342 272; 

14\44_44224.jpg
400 300
45 29 278 255; 45 29 279 254; 43 29 277 253; 

14\44_44227.jpg
400 265
69 42 228 262; 92 39 192 265; 69 39 226 263; 

14\44_44247.jpg
299 400
42 12 161 358; 42 103 164 358; 42 46 164 354; 

14\44_44275.jpg
400 300
111 148 306 260; 112 153 308 258; 114 80 306 256; 

14\44_44280.jpg
400 261
204 33 369 199; 204 36 369 181; 206 36 368 179; 

14\44_44281.jpg
400 378
212 37 304 355; 198 37 292 211; 202 37 302 343; 

14\44_44283.jpg
399 299
104 14 314 296; 106 85 297 220; 106 16 313 300; 

14\44_44284.jpg
400 290
104 14 319 286; 106 14 280 155; 109 15 279 153; 

14\44_44321.jpg
320 240
64 5 242 218; 61 5 242 214; 61 5 240 209; 

14\44_44333.jpg
300 400
121 69 246 399; 117 67 248 294; 118 68 255 355; 

14\44_44344.jpg
400 300
144 102 252 226; 146 103 250 225; 147 104 249 223; 

14\44_44353.jpg
293 400
22 91 240 365; 21 90 99 347; 22 91 240 345; 

14\44_44379.jpg
400 300
11 48 362 198; 10 52 362 199; 11 53 361 199; 

14\44_44387.jpg
319 318
104 102 212 211; 102 101 214 217; 105 104 214 211; 

14\44_44431.jpg
400 317
55 41 182 253; 55 39 184 254; 56 41 185 271; 

14\44_44444.jpg
331 400
79 58 296 370; 79 57 196 268; 80 58 296 267; 

14\44_44482.jpg
400 292
11 62 387 214; 179 98 362 181; 180 98 362 180; 

14\44_44493.jpg
400 300
228 105 361 274; 229 106 360 274; 230 105 359 274; 

14\44_44536.jpg
300 400
42 46 156 198; 45 47 154 188; 45 46 154 187; 

14\44_44545.jpg
200 400
39 161 150 341; 42 160 146 335; 47 164 144 332; 

14\44_44553.jpg
400 300
9 123 314 255; 8 124 312 252; 9 125 311 251; 

14\44_44589.jpg
400 320
55 64 279 291; 41 101 274 286; 54 38 274 285; 

14\44_44614.jpg
400 356
94 49 372 284; 162 121 280 226; 106 48 326 229; 

14\44_44630.jpg
400 300
94 80 382 282; 102 95 241 172; 89 81 357 245; 

14\44_44635.jpg
400 297
105 18 370 284; 164 76 309 222; 106 19 368 280; 

14\44_44685.jpg
400 266
102 54 260 206; 106 53 253 197; 108 54 252 193; 

14\44_44701.jpg
400 184
124 6 229 162; 118 5 228 162; 118 6 230 165; 

14\44_44712.jpg
400 312
124 124 294 287; 125 124 265 268; 124 124 264 266; 

14\44_44758.jpg
320 400
30 174 226 388; 97 158 156 256; 29 196 225 353; 

14\44_44760.jpg
400 247
111 19 356 236; 112 91 257 152; 114 17 360 242; 

14\44_44781.jpg
399 266
52 15 205 263; 59 13 203 241; 64 17 203 239; 

14\44_44782.jpg
400 320
55 39 204 317; 62 41 203 268; 64 42 203 265; 

14\44_44791.jpg
399 306
61 34 328 282; 54 33 328 277; 62 42 328 269; 

14\44_44808.jpg
320 400
50 115 232 347; 94 131 186 262; 53 118 231 345; 

14\44_44811.jpg
261 400
28 147 228 365; 34 169 180 271; 23 146 229 353; 

14\44_44830.jpg
353 399
129 73 319 351; 158 82 321 351; 131 76 321 352; 

14\44_44831.jpg
400 237
168 36 328 179; 166 34 326 177; 169 37 324 174; 

14\44_44832.jpg
400 278
138 75 260 207; 139 78 258 197; 140 79 258 195; 

14\44_44839.jpg
400 340
134 58 348 243; 148 57 346 226; 134 58 349 278; 

14\44_44886.jpg
400 320
79 101 348 256; 187 104 346 251; 79 103 346 254; 

14\44_44916.jpg
400 295
22 4 332 194; 112 29 225 149; 24 6 331 194; 

14\44_44936.jpg
400 300
125 18 373 272; 136 86 381 222; 125 17 379 273; 

14\44_44941.jpg
400 300
69 13 324 268; 121 12 306 174; 69 10 327 271; 

14\44_44945.jpg
400 213
56 26 340 189; 54 56 344 184; 54 26 342 182; 

14\44_44986.jpg
258 400
19 34 122 232; 19 38 123 235; 19 46 121 236; 

