159

15\45_45002.jpg
266 400
37 51 229 354; 62 99 205 278; 39 55 229 352; 

15\45_45003.jpg
266 400
40 129 230 354; 75 136 166 269; 39 133 229 372; 

15\45_45016.jpg
400 270
148 14 383 184; 148 16 382 184; 149 15 382 183; 

15\45_45018.jpg
399 355
59 42 351 316; 56 24 362 339; 56 24 363 341; 

15\45_45020.jpg
303 400
96 56 199 360; 136 56 207 346; 142 57 202 326; 

15\45_45076.jpg
400 300
10 107 210 280; 65 109 183 253; 12 105 216 298; 

15\45_45099.jpg
399 399
52 58 344 347; 77 82 320 327; 55 59 342 345; 

15\45_45114.jpg
400 276
28 54 225 252; 34 55 227 216; 35 58 227 217; 

15\45_45131.jpg
282 399
37 23 182 383; 38 22 180 383; 41 23 180 383; 

15\45_45167.jpg
400 400
5 55 296 259; 84 59 238 259; 6 62 294 251; 

15\45_45169.jpg
400 266
90 34 318 209; 88 34 318 209; 91 37 318 208; 

15\45_45178.jpg
400 395
106 46 360 374; 103 114 361 366; 117 36 396 385; 

15\45_45179.jpg
400 345
101 56 321 237; 101 74 319 216; 105 9 316 217; 

15\45_45180.jpg
400 268
9 11 318 206; 76 4 318 207; 6 3 316 207; 

15\45_45185.jpg
396 400
76 28 365 344; 91 74 363 342; 92 74 363 341; 

15\45_45191.jpg
400 300
82 31 346 288; 84 30 344 289; 89 30 344 289; 

15\45_45237.jpg
266 400
44 84 247 340; 44 75 258 342; 47 78 257 342; 

15\45_45246.jpg
400 319
85 21 346 309; 81 21 354 316; 83 21 353 316; 

15\45_45264.jpg
299 400
45 103 258 385; 47 185 226 255; 46 105 257 383; 

15\45_45286.jpg
400 306
132 48 356 286; 128 41 363 292; 131 42 361 289; 

15\45_45287.jpg
400 300
69 21 281 272; 71 23 281 272; 71 22 280 272; 

15\45_45297.jpg
400 300
22 74 221 299; 74 74 216 220; 23 76 231 299; 

15\45_45298.jpg
400 320
21 128 189 317; 22 128 187 281; 20 130 187 319; 

15\45_45307.jpg
400 300
8 100 390 265; 165 103 391 264; 1 102 389 265; 

15\45_45328.jpg
400 300
129 77 318 230; 129 84 316 232; 131 85 316 231; 

15\45_45329.jpg
400 300
59 16 224 203; 61 16 224 204; 62 16 224 201; 

15\45_45346.jpg
400 266
34 24 185 218; 37 23 183 200; 36 25 183 199; 

15\45_45358.jpg
302 399
45 103 257 351; 45 102 257 352; 45 101 256 350; 

15\45_45366.jpg
400 300
165 46 362 221; 165 47 359 160; 165 48 359 184; 

15\45_45397.jpg
400 300
137 11 387 229; 138 9 398 229; 139 9 399 231; 

15\45_45405.jpg
400 302
134 68 281 218; 132 70 280 217; 132 71 278 213; 

15\45_45420.jpg
296 399
44 136 248 327; 47 139 236 252; 48 139 236 253; 

15\45_45421.jpg
400 300
92 25 309 292; 91 26 308 259; 94 26 324 259; 

15\45_45430.jpg
400 317
98 34 304 301; 91 35 308 223; 94 35 310 299; 

15\45_45431.jpg
400 300
189 65 384 261; 190 63 385 263; 190 64 385 263; 

15\45_45434.jpg
400 364
76 55 327 307; 76 54 325 307; 77 55 325 307; 

15\45_45449.jpg
305 400
69 7 212 332; 69 101 212 330; 69 4 213 331; 

15\45_45469.jpg
399 301
8 44 380 210; 227 41 393 199; 25 42 390 197; 

15\45_45475.jpg
329 400
62 73 246 302; 64 74 243 303; 68 74 244 261; 

15\45_45532.jpg
300 400
34 40 236 232; 86 103 243 221; 88 103 255 219; 

15\45_45573.jpg
287 400
22 12 165 380; 22 162 274 304; 21 163 273 311; 

15\45_45577.jpg
399 319
170 94 370 254; 167 95 369 260; 166 97 369 259; 

15\45_45586.jpg
400 300
207 108 322 228; 209 110 320 220; 208 111 318 219; 

15\45_45591.jpg
400 325
129 34 353 318; 133 34 358 197; 134 36 357 228; 

15\45_45595.jpg
400 300
78 5 314 261; 78 5 314 259; 79 6 312 260; 

15\45_45603.jpg
400 300
124 71 356 268; 122 80 356 214; 124 71 354 271; 

15\45_45604.jpg
320 400
11 16 212 391; 54 101 212 285; 13 19 211 293; 

15\45_45605.jpg
400 273
72 19 342 259; 121 26 277 199; 122 45 274 199; 

15\45_45607.jpg
400 262
18 20 282 225; 16 19 285 224; 18 20 283 224; 

15\45_45619.jpg
400 300
80 21 322 254; 108 167 316 262; 82 4 319 259; 

15\45_45620.jpg
308 400
34 112 240 363; 58 112 226 215; 35 114 269 360; 

15\45_45638.jpg
400 276
72 4 386 178; 131 48 343 181; 76 7 385 178; 

15\45_45687.jpg
400 136
140 12 370 118; 194 9 371 111; 192 11 369 109; 

15\45_45691.jpg
399 279
16 25 266 268; 19 26 264 267; 19 25 264 266; 

15\45_45762.jpg
400 300
126 92 254 232; 128 93 256 230; 126 93 256 227; 

15\45_45765.jpg
305 400
36 88 272 298; 59 124 272 287; 61 125 272 288; 

15\45_45771.jpg
400 301
101 78 276 223; 101 76 272 219; 102 78 276 216; 

15\45_45772.jpg
400 285
87 67 300 209; 86 66 301 212; 88 69 326 209; 

15\45_45777.jpg
400 300
99 52 321 281; 101 53 322 283; 101 53 321 282; 

15\45_45784.jpg
400 300
82 26 359 271; 81 29 364 271; 82 28 364 269; 

15\45_45788.jpg
266 400
20 54 166 391; 56 55 166 259; 10 56 176 394; 

15\45_45796.jpg
399 274
203 36 380 224; 204 37 379 224; 204 37 378 222; 

15\45_45813.jpg
400 320
66 7 378 202; 69 7 375 178; 70 9 376 177; 

15\45_45882.jpg
299 399
50 75 258 354; 141 106 205 234; 50 29 257 355; 

15\45_45883.jpg
400 327
182 94 322 259; 235 88 309 211; 135 25 339 286; 

15\45_45884.jpg
400 357
185 63 331 303; 231 135 307 237; 183 51 330 303; 

15\45_45930.jpg
400 266
26 49 374 221; 24 49 206 150; 26 49 370 218; 

15\45_45935.jpg
400 300
115 36 368 300; 190 36 339 222; 191 36 339 221; 

15\46_46004.jpg
400 187
15 44 398 144; 59 45 397 141; 16 46 397 144; 

15\46_46104.jpg
400 269
38 29 333 230; 38 30 334 231; 38 28 332 232; 

15\46_46108.jpg
266 400
61 49 192 358; 61 49 195 356; 59 49 196 358; 

15\46_46128.jpg
307 400
57 26 240 338; 56 24 243 347; 54 27 242 369; 

15\46_46151.jpg
400 300
257 42 330 226; 256 38 329 227; 256 42 329 226; 

15\46_46165.jpg
400 257
32 48 318 199; 171 47 316 175; 128 46 316 174; 

15\46_46168.jpg
394 400
105 36 218 358; 109 39 210 257; 109 39 209 327; 

15\46_46171.jpg
320 400
57 67 259 354; 57 71 254 351; 56 72 255 351; 

15\46_46220.jpg
300 400
68 29 245 328; 68 30 247 230; 68 32 246 226; 

15\46_46230.jpg
400 325
48 39 229 226; 62 40 168 221; 61 40 227 222; 

15\46_46243.jpg
399 306
38 56 167 304; 64 59 128 288; 38 58 170 296; 

15\46_46248.jpg
266 400
21 74 253 312; 24 121 232 271; 26 122 234 274; 

15\46_46275.jpg
400 400
15 17 368 276; 22 18 327 168; 21 17 368 276; 

15\46_46285.jpg
399 295
61 150 256 267; 61 144 268 278; 62 144 268 280; 

15\46_46288.jpg
283 400
56 147 264 300; 54 174 270 297; 69 152 249 298; 

15\46_46298.jpg
360 400
59 115 309 365; 69 185 296 354; 60 158 308 361; 

15\46_46301.jpg
400 268
111 20 322 265; 122 19 302 128; 122 21 300 149; 

15\46_46312.jpg
400 316
116 164 266 315; 114 163 267 316; 116 164 266 316; 

15\46_46345.jpg
266 400
76 30 203 232; 74 28 219 236; 76 27 201 206; 

15\46_46346.jpg
400 266
148 52 261 225; 141 7 271 190; 145 10 269 186; 

15\46_46347.jpg
266 400
64 108 205 364; 66 104 203 362; 66 104 203 361; 

15\46_46349.jpg
400 266
100 26 267 258; 101 53 268 257; 1 4 266 254; 

15\46_46362.jpg
270 400
28 137 258 283; 25 139 256 278; 8 73 264 365; 

15\46_46363.jpg
400 308
81 84 217 213; 90 89 230 205; 98 89 203 203; 

15\46_46386.jpg
400 300
48 32 309 153; 154 34 306 147; 49 35 301 148; 

15\46_46410.jpg
400 299
54 37 356 228; 122 41 251 159; 124 40 344 205; 

15\46_46443.jpg
400 300
108 29 281 215; 106 29 280 214; 109 30 279 214; 

15\46_46446.jpg
300 400
63 28 278 231; 62 26 278 228; 64 27 277 229; 

15\46_46489.jpg
400 266
242 72 355 204; 243 74 354 208; 244 74 355 206; 

15\46_46507.jpg
320 400
62 10 252 366; 97 55 174 241; 101 65 171 227; 

15\46_46578.jpg
400 300
130 22 302 252; 134 116 281 260; 138 3 298 248; 

15\46_46582.jpg
400 317
139 106 389 264; 141 118 250 263; 141 108 386 266; 

15\46_46599.jpg
400 300
21 36 293 229; 21 149 264 230; 18 30 289 227; 

15\46_46604.jpg
400 320
97 68 359 296; 147 121 261 226; 99 71 356 293; 

15\46_46621.jpg
400 300
89 52 268 209; 87 53 268 214; 88 53 267 210; 

15\46_46631.jpg
400 266
32 6 278 155; 29 5 225 141; 32 6 226 143; 

15\46_46660.jpg
266 400
61 137 221 359; 59 149 210 351; 61 146 211 352; 

15\46_46662.jpg
400 287
181 6 394 286; 180 0 399 285; 182 1 398 287; 

15\46_46668.jpg
400 376
55 56 362 334; 68 57 358 302; 68 58 359 302; 

15\46_46672.jpg
399 268
38 99 358 243; 43 100 358 240; 39 99 358 241; 

15\46_46674.jpg
399 391
94 27 382 303; 83 100 320 332; 90 36 388 329; 

15\46_46797.jpg
400 304
21 44 229 234; 10 37 233 240; 22 48 211 217; 

15\46_46825.jpg
400 305
176 112 310 241; 177 112 313 242; 176 113 312 242; 

15\46_46837.jpg
400 320
21 125 313 277; 17 123 313 268; 17 124 312 268; 

15\46_46848.jpg
332 400
76 114 245 273; 78 98 245 291; 80 99 237 271; 

15\46_46851.jpg
400 300
79 34 346 252; 79 36 346 262; 80 36 346 259; 

15\46_46856.jpg
399 266
254 48 365 168; 256 48 366 171; 256 48 364 168; 

15\46_46857.jpg
400 285
256 46 365 167; 255 48 363 169; 256 48 363 168; 

15\46_46906.jpg
399 300
69 38 343 240; 68 33 344 244; 70 34 344 245; 

15\46_46975.jpg
264 400
34 35 188 265; 36 99 184 266; 26 36 184 265; 

15\46_46976.jpg
400 318
28 38 220 236; 31 36 222 225; 33 37 222 221; 

15\46_46992.jpg
400 300
103 100 282 298; 105 111 281 300; 106 111 280 299; 

15\47_47099.jpg
309 399
80 83 290 395; 78 85 290 399; 80 85 290 398; 

15\47_47122.jpg
400 320
66 65 342 178; 67 63 341 179; 68 65 339 179; 

15\47_47163.jpg
400 298
27 78 371 242; 169 101 376 242; 0 61 372 241; 

15\47_47167.jpg
400 298
57 72 288 238; 53 72 287 239; 55 72 288 252; 

15\47_47184.jpg
400 298
11 9 235 238; 14 4 235 239; 13 6 234 236; 

15\47_47211.jpg
400 341
29 42 316 257; 27 43 320 257; 29 44 318 256; 

15\47_47223.jpg
400 285
156 11 381 285; 186 64 337 285; 186 63 334 259; 

15\47_47250.jpg
400 300
116 18 250 248; 121 101 251 231; 121 103 249 229; 

15\47_47285.jpg
400 400
121 61 303 374; 120 164 296 318; 125 63 296 316; 

15\47_47294.jpg
320 400
114 187 271 302; 113 194 266 302; 114 192 266 299; 

15\47_47302.jpg
400 260
118 28 360 196; 120 27 354 156; 121 29 354 157; 

15\47_47332.jpg
266 400
71 47 249 400; 81 48 236 228; 67 49 254 399; 

15\47_47334.jpg
400 285
246 66 396 239; 249 63 397 238; 250 66 397 236; 

15\47_47340.jpg
400 357
21 129 389 261; 18 129 393 259; 17 131 391 258; 

15\47_47348.jpg
266 400
64 29 189 384; 64 28 184 196; 64 29 183 394; 

15\47_47350.jpg
328 400
28 80 311 199; 29 81 310 197; 30 82 309 197; 

15\47_47400.jpg
235 400
16 228 204 378; 18 204 197 376; 19 206 196 376; 

15\47_47408.jpg
400 300
84 41 349 295; 84 40 347 171; 116 41 345 168; 

15\47_47413.jpg
400 320
21 24 280 269; 20 26 282 271; 21 27 280 269; 

15\47_47469.jpg
399 329
130 27 273 318; 132 25 289 325; 135 18 290 327; 

15\47_47611.jpg
400 293
79 19 272 212; 81 19 272 211; 82 19 272 209; 

15\47_47703.jpg
274 400
22 121 142 384; 21 123 139 373; 23 122 137 371; 

15\47_47723.jpg
400 320
88 22 254 224; 111 78 231 196; 112 29 231 172; 

15\47_47729.jpg
255 400
90 22 171 383; 93 25 181 226; 94 26 179 219; 

15\47_47764.jpg
400 300
71 78 284 241; 70 76 281 242; 72 79 280 241; 

15\47_47773.jpg
400 300
136 30 271 211; 137 32 272 221; 139 32 282 202; 

15\47_47779.jpg
340 399
65 22 285 340; 62 22 284 341; 64 22 285 340; 

15\47_47781.jpg
400 300
93 29 319 255; 92 29 316 250; 97 30 313 249; 

15\47_47784.jpg
400 300
52 11 298 266; 61 69 298 266; 89 58 296 265; 

15\47_47811.jpg
400 276
50 56 279 143; 50 56 280 141; 50 57 279 140; 

15\47_47818.jpg
320 400
74 70 260 330; 77 70 254 331; 77 70 254 332; 

15\47_47851.jpg
302 400
148 57 254 342; 142 59 253 345; 144 59 251 343; 

15\47_47854.jpg
400 312
49 54 358 281; 43 51 361 280; 48 54 359 277; 

15\47_47922.jpg
300 400
58 84 214 339; 58 85 212 264; 57 86 213 399; 

15\47_47938.jpg
312 399
66 32 299 343; 69 38 286 320; 27 38 294 346; 

15\47_47942.jpg
400 320
62 41 316 306; 68 42 271 225; 48 41 322 308; 

15\47_47956.jpg
320 400
40 130 258 371; 32 130 258 368; 31 131 257 366; 

15\47_47964.jpg
399 333
50 47 373 253; 53 48 370 256; 55 49 367 256; 

15\47_47987.jpg
400 392
13 185 389 382; 108 213 366 392; 1 191 397 391; 

