203

18\54_54029.jpg
400 299
52 38 220 281; 58 36 214 298; 58 37 213 299; 

18\54_54048.jpg
364 400
127 53 292 262; 139 79 285 264; 140 7 295 235; 

18\54_54061.jpg
266 400
25 143 199 353; 25 146 198 352; 26 148 196 351; 

18\54_54062.jpg
266 400
70 136 262 390; 71 132 216 321; 73 134 241 322; 

18\54_54066.jpg
266 400
60 12 256 320; 59 129 257 327; 61 130 254 293; 

18\54_54068.jpg
309 399
23 48 242 331; 67 41 241 160; 70 48 242 159; 

18\54_54071.jpg
300 400
18 86 240 321; 19 86 231 292; 18 86 236 291; 

18\54_54098.jpg
400 312
77 32 332 256; 77 32 332 256; 78 30 331 256; 

18\54_54099.jpg
400 300
174 10 370 183; 171 4 366 176; 170 6 365 175; 

18\54_54127.jpg
400 300
132 23 356 274; 116 6 351 282; 159 71 352 282; 

18\54_54139.jpg
300 400
59 38 228 156; 62 37 226 156; 64 40 226 164; 

18\54_54160.jpg
399 218
35 44 380 158; 22 44 379 160; 51 44 377 157; 

18\54_54206.jpg
400 307
141 79 263 225; 121 66 287 238; 152 96 246 193; 

18\54_54215.jpg
400 266
69 7 323 249; 142 9 324 243; 149 11 323 241; 

18\54_54219.jpg
320 400
64 24 259 361; 53 24 258 241; 129 26 256 122; 

18\54_54285.jpg
400 294
214 138 362 269; 218 144 364 263; 219 144 363 262; 

18\54_54287.jpg
400 266
116 8 340 224; 181 30 337 223; 77 1 336 215; 

18\54_54381.jpg
400 303
184 26 326 162; 183 29 324 163; 184 29 324 161; 

18\54_54383.jpg
400 300
79 41 274 263; 81 46 271 259; 81 44 271 259; 

18\54_54425.jpg
320 400
32 152 285 396; 88 142 216 276; 89 151 216 278; 

18\54_54467.jpg
293 400
86 69 180 299; 91 72 180 301; 91 72 179 298; 

18\54_54483.jpg
400 400
99 104 301 344; 132 158 258 343; 132 158 257 341; 

18\54_54536.jpg
292 400
95 85 209 314; 94 88 210 313; 96 89 209 312; 

18\54_54567.jpg
400 300
129 25 388 298; 129 34 281 291; 129 25 398 299; 

18\54_54630.jpg
300 400
50 86 266 248; 51 91 267 228; 51 92 268 227; 

18\54_54631.jpg
400 326
72 34 244 181; 71 62 241 181; 44 7 238 178; 

18\54_54671.jpg
320 400
50 128 292 368; 40 119 204 262; 109 96 217 222; 

18\54_54673.jpg
306 400
39 27 279 331; 68 29 242 249; 37 30 285 246; 

18\54_54676.jpg
400 300
125 35 288 284; 98 31 282 281; 101 32 296 298; 

18\54_54678.jpg
400 300
72 28 310 280; 74 28 310 239; 82 29 308 238; 

18\54_54680.jpg
400 300
89 10 330 269; 124 37 327 272; 232 36 326 179; 

18\54_54681.jpg
400 300
96 41 285 260; 81 42 285 263; 181 42 286 146; 

18\54_54682.jpg
400 300
129 24 314 258; 124 35 257 245; 127 35 219 163; 

18\54_54683.jpg
400 300
91 8 314 291; 93 9 238 288; 93 11 241 288; 

18\54_54684.jpg
400 300
68 45 316 253; 69 94 329 252; 196 94 329 252; 

18\54_54689.jpg
254 399
47 46 208 395; 67 53 190 278; 48 54 207 384; 

18\54_54722.jpg
400 300
124 22 273 240; 123 24 266 237; 122 21 266 236; 

18\54_54747.jpg
300 400
68 42 212 342; 63 39 215 345; 66 35 221 341; 

18\54_54766.jpg
304 399
39 27 224 247; 37 23 217 248; 39 27 219 247; 

18\54_54860.jpg
400 393
136 84 302 269; 138 83 301 269; 139 84 301 263; 

18\54_54865.jpg
272 400
39 30 233 267; 43 28 231 271; 43 28 229 339; 

18\54_54920.jpg
400 300
166 101 251 296; 166 103 250 264; 167 104 360 300; 

18\54_54972.jpg
400 300
102 61 284 200; 104 53 285 182; 104 54 284 199; 

18\54_54975.jpg
400 300
134 34 316 282; 129 137 279 288; 131 139 276 286; 

18\54_54995.jpg
400 300
121 52 274 215; 122 54 272 211; 124 55 270 211; 

18\55_55005.jpg
399 315
148 71 388 264; 150 74 391 265; 148 74 389 263; 

18\55_55027.jpg
400 266
94 37 264 256; 123 39 248 121; 94 39 264 251; 

18\55_55045.jpg
400 400
62 51 338 366; 246 132 337 380; 242 134 336 270; 

18\55_55047.jpg
400 300
138 2 289 282; 155 1 239 156; 155 1 239 101; 

18\55_55074.jpg
400 316
68 41 204 271; 64 48 199 268; 69 48 199 268; 

18\55_55077.jpg
399 302
170 14 378 293; 165 12 395 298; 167 4 393 298; 

18\55_55083.jpg
234 400
5 69 199 315; 7 69 198 314; 8 69 196 316; 

18\55_55087.jpg
400 300
59 53 200 248; 68 56 195 250; 68 58 195 249; 

18\55_55088.jpg
400 343
68 48 334 336; 94 49 308 262; 96 49 308 337; 

18\55_55089.jpg
400 254
128 9 388 236; 133 12 292 202; 133 12 386 254; 

18\55_55124.jpg
378 400
31 30 293 298; 134 136 378 398; 41 46 289 272; 

18\55_55140.jpg
400 315
24 104 270 257; 25 106 268 258; 25 106 268 257; 

18\55_55146.jpg
300 400
68 38 248 364; 64 46 266 384; 64 47 235 353; 

18\55_55207.jpg
400 273
57 49 275 203; 58 47 279 202; 60 50 278 208; 

18\55_55217.jpg
400 276
72 66 310 194; 48 64 308 192; 49 64 301 191; 

18\55_55230.jpg
325 400
62 66 244 306; 62 68 246 308; 62 69 245 308; 

18\55_55270.jpg
400 285
152 22 303 279; 149 19 308 279; 153 21 308 277; 

18\55_55334.jpg
400 300
261 2 389 290; 258 8 398 292; 259 8 396 292; 

18\55_55343.jpg
400 202
9 70 351 168; 72 56 398 168; 2 56 398 166; 

18\55_55344.jpg
400 400
73 93 302 334; 67 94 298 332; 69 97 298 330; 

18\55_55346.jpg
400 320
8 17 239 136; 4 16 241 136; 4 16 239 136; 

18\55_55348.jpg
400 320
71 32 189 249; 56 23 185 260; 59 15 185 232; 

18\55_55354.jpg
300 400
106 48 291 327; 104 45 296 329; 106 48 295 328; 

18\55_55399.jpg
285 400
69 56 230 371; 125 54 229 336; 69 57 228 382; 

18\55_55407.jpg
400 320
176 51 308 192; 171 52 310 192; 174 53 307 191; 

18\55_55420.jpg
320 400
78 80 312 308; 73 78 313 292; 76 81 310 287; 

18\55_55425.jpg
400 267
11 22 271 111; 6 20 268 106; 10 22 267 104; 

18\55_55444.jpg
400 369
81 41 354 311; 79 38 354 262; 83 39 352 311; 

18\55_55457.jpg
400 266
132 89 300 264; 139 142 282 266; 129 89 301 266; 

18\55_55469.jpg
400 300
31 37 328 224; 26 34 330 231; 26 34 329 232; 

18\55_55491.jpg
400 290
8 9 124 186; 11 11 124 186; 11 11 122 184; 

18\55_55511.jpg
400 300
96 56 222 249; 91 59 220 251; 92 59 241 250; 

18\55_55512.jpg
400 300
120 48 301 286; 114 48 302 289; 116 49 302 287; 

18\55_55521.jpg
314 399
8 30 309 260; 2 28 242 267; 1 29 242 265; 

18\55_55522.jpg
307 400
63 32 294 351; 64 29 264 247; 66 31 292 356; 

18\55_55530.jpg
318 400
32 239 135 384; 27 241 135 385; 28 242 133 384; 

18\55_55535.jpg
300 400
34 20 266 249; 125 80 216 226; 26 28 269 249; 

18\55_55541.jpg
400 275
58 36 326 219; 52 31 325 235; 53 33 322 232; 

18\55_55552.jpg
400 300
56 105 212 291; 122 106 207 279; 61 106 207 280; 

18\55_55568.jpg
399 272
217 5 380 195; 212 10 384 195; 214 10 382 195; 

18\55_55582.jpg
300 400
28 136 236 396; 22 139 239 264; 23 138 239 382; 

18\55_55587.jpg
400 300
46 25 266 287; 36 58 261 290; 46 40 261 287; 

18\55_55589.jpg
400 260
145 11 318 158; 143 7 320 160; 143 8 320 161; 

18\55_55590.jpg
400 300
47 78 329 297; 46 75 326 257; 49 75 327 297; 

18\55_55601.jpg
300 400
84 124 249 250; 84 122 250 249; 86 124 249 250; 

18\55_55605.jpg
400 266
60 38 255 206; 59 43 280 219; 59 43 276 216; 

18\55_55613.jpg
400 310
21 18 199 264; 21 16 199 266; 25 17 200 264; 

18\55_55623.jpg
400 302
26 75 175 238; 20 74 174 242; 22 74 176 241; 

18\55_55629.jpg
400 276
131 83 279 235; 139 116 275 225; 140 115 275 224; 

18\55_55632.jpg
400 264
21 26 306 239; 34 21 305 220; 21 22 312 259; 

18\55_55661.jpg
314 400
84 32 307 358; 82 31 281 174; 84 31 281 172; 

18\55_55662.jpg
320 400
85 24 306 360; 84 26 288 174; 85 28 286 171; 

18\55_55672.jpg
400 266
76 39 361 239; 78 40 292 244; 198 39 292 137; 

18\55_55677.jpg
400 260
35 79 149 240; 34 81 153 241; 34 81 152 242; 

18\55_55678.jpg
400 328
27 11 187 321; 49 7 178 321; 23 7 187 321; 

18\55_55715.jpg
400 251
14 87 389 238; 10 81 385 246; 244 96 383 225; 

18\55_55717.jpg
389 400
84 62 350 291; 85 62 258 236; 86 62 202 146; 

18\55_55727.jpg
381 400
21 24 251 358; 103 26 252 199; 168 25 244 96; 

18\55_55730.jpg
391 400
0 89 317 306; 74 144 306 306; 1 68 337 311; 

18\55_55731.jpg
400 301
36 49 392 236; 35 52 393 234; 37 51 394 233; 

18\55_55732.jpg
400 354
21 14 328 193; 17 18 336 194; 17 18 336 194; 

18\55_55736.jpg
400 278
221 19 379 211; 218 18 379 217; 221 18 378 216; 

18\55_55746.jpg
271 400
52 35 222 342; 87 138 176 294; 104 139 171 291; 

18\55_55762.jpg
400 320
141 93 324 289; 140 92 323 286; 143 94 323 287; 

18\55_55775.jpg
221 400
27 60 185 358; 24 38 185 361; 26 64 184 361; 

18\55_55777.jpg
312 400
16 110 266 350; 14 109 197 355; 14 108 284 356; 

18\55_55783.jpg
399 322
20 22 217 296; 94 45 175 234; 15 10 220 295; 

18\55_55792.jpg
320 400
48 34 224 388; 41 20 234 212; 54 28 218 212; 

18\55_55797.jpg
305 400
28 28 260 307; 62 26 258 285; 61 28 258 286; 

18\55_55825.jpg
400 336
220 9 369 256; 216 11 368 255; 216 9 368 256; 

18\55_55826.jpg
400 300
118 26 370 282; 120 26 368 279; 126 28 366 280; 

18\55_55852.jpg
400 267
99 66 326 246; 209 89 324 203; 118 69 323 229; 

18\55_55874.jpg
266 399
27 22 239 280; 29 19 236 268; 29 19 236 266; 

18\55_55881.jpg
400 320
70 40 370 160; 94 63 364 158; 71 40 376 235; 

18\55_55892.jpg
400 291
53 102 361 272; 104 102 219 222; 105 102 219 220; 

18\55_55893.jpg
400 324
23 60 241 196; 25 62 240 193; 26 63 239 229; 

18\55_55915.jpg
400 345
120 4 395 281; 122 3 398 282; 122 3 397 281; 

18\55_55923.jpg
300 400
73 214 281 388; 73 219 286 387; 72 221 284 383; 

18\55_55936.jpg
280 400
50 36 226 288; 62 84 222 280; 63 85 222 279; 

18\55_55956.jpg
288 400
30 144 208 336; 82 151 212 345; 82 152 212 346; 

18\55_55970.jpg
400 309
103 92 295 254; 98 88 297 253; 100 89 297 251; 

18\55_55978.jpg
353 399
72 53 267 284; 70 53 270 286; 71 54 267 284; 

18\55_55982.jpg
400 311
134 25 345 159; 134 22 349 159; 133 22 348 158; 

18\55_55999.jpg
400 300
219 9 385 246; 222 45 384 254; 222 46 374 200; 

18\56_56005.jpg
391 399
196 91 302 355; 190 98 302 298; 191 97 300 353; 

18\56_56006.jpg
400 309
36 12 258 304; 54 12 238 303; 6 125 277 309; 

18\56_56009.jpg
350 364
33 17 200 347; 15 9 204 354; 15 9 201 351; 

18\56_56017.jpg
399 319
123 54 389 306; 107 41 395 314; 92 27 395 314; 

18\56_56041.jpg
400 300
195 89 389 291; 194 89 400 294; 196 91 398 294; 

18\56_56042.jpg
400 269
204 37 400 259; 205 46 344 152; 206 45 346 150; 

18\56_56043.jpg
400 266
138 22 374 184; 141 22 376 186; 142 23 373 184; 

18\56_56048.jpg
400 315
38 33 154 286; 38 33 157 286; 39 36 155 282; 

18\56_56055.jpg
266 400
62 56 191 192; 59 58 194 193; 60 58 193 191; 

18\56_56060.jpg
241 400
78 82 219 336; 76 78 222 339; 79 79 221 337; 

18\56_56080.jpg
400 333
55 19 208 246; 44 21 210 249; 44 22 209 246; 

18\56_56081.jpg
400 300
242 71 362 228; 239 73 362 225; 244 75 361 222; 

18\56_56083.jpg
300 400
44 66 173 326; 46 68 169 324; 44 69 171 325; 

18\56_56090.jpg
400 268
72 64 346 268; 62 64 346 254; 64 66 346 256; 

18\56_56096.jpg
400 321
108 16 377 178; 112 15 346 173; 109 16 393 321; 

18\56_56097.jpg
400 377
118 41 300 281; 143 59 264 179; 144 60 264 178; 

18\56_56100.jpg
400 351
38 27 260 332; 22 21 279 336; 24 22 276 334; 

18\56_56108.jpg
400 300
98 37 304 232; 102 38 299 229; 99 33 304 238; 

18\56_56110.jpg
400 320
167 11 373 231; 164 7 399 242; 160 4 399 245; 

18\56_56121.jpg
400 300
52 39 203 191; 43 32 214 202; 42 32 211 200; 

18\56_56124.jpg
287 399
28 24 274 243; 82 31 279 235; 81 32 277 233; 

18\56_56148.jpg
400 316
74 54 242 214; 77 58 233 206; 76 58 234 202; 

18\56_56150.jpg
399 280
135 61 260 194; 135 64 262 190; 137 63 262 192; 

18\56_56155.jpg
357 400
101 12 240 358; 99 14 244 358; 100 17 244 355; 

18\56_56159.jpg
400 340
36 21 211 241; 34 20 209 241; 37 21 208 239; 

18\56_56172.jpg
400 266
189 41 354 264; 188 44 353 266; 189 44 352 266; 

18\56_56174.jpg
400 266
72 56 171 267; 66 56 171 266; 66 58 171 266; 

18\56_56176.jpg
266 400
9 194 146 396; 1 198 148 396; 2 200 146 383; 

18\56_56233.jpg
400 400
115 139 282 326; 112 174 286 342; 116 140 283 342; 

18\56_56243.jpg
266 400
32 74 201 314; 33 78 201 318; 34 76 200 316; 

18\56_56264.jpg
400 356
101 82 391 346; 124 79 349 272; 99 81 398 354; 

18\56_56265.jpg
400 248
161 62 389 231; 161 65 394 235; 162 65 394 234; 

18\56_56266.jpg
400 269
44 11 239 265; 60 8 210 191; 4 11 234 266; 

18\56_56272.jpg
400 301
47 76 364 192; 72 80 326 181; 72 81 342 178; 

18\56_56276.jpg
400 333
172 15 326 319; 179 22 322 215; 179 24 322 322; 

18\56_56288.jpg
400 300
67 15 327 281; 64 15 216 224; 65 16 324 281; 

18\56_56305.jpg
400 279
73 41 362 236; 79 62 274 216; 81 45 371 214; 

18\56_56307.jpg
400 320
82 18 331 320; 84 79 328 259; 84 1 327 258; 

18\56_56308.jpg
320 400
56 14 227 372; 57 16 226 249; 58 18 226 379; 

18\56_56316.jpg
289 400
63 13 256 368; 68 65 204 285; 49 5 256 375; 

18\56_56322.jpg
400 314
26 87 328 244; 96 82 291 244; 8 83 291 244; 

18\56_56371.jpg
400 318
207 17 377 315; 203 3 379 315; 202 4 377 315; 

18\56_56374.jpg
400 322
197 28 385 310; 198 21 384 264; 197 21 384 315; 

18\56_56415.jpg
400 386
132 102 318 337; 99 111 314 347; 98 112 313 348; 

18\56_56481.jpg
400 266
10 69 383 187; 2 73 392 187; 8 74 389 176; 

18\56_56491.jpg
400 300
201 103 400 265; 198 102 354 262; 201 103 398 259; 

18\56_56527.jpg
300 400
68 6 273 321; 80 9 229 259; 61 18 272 319; 

18\56_56543.jpg
400 300
137 116 318 248; 138 119 316 247; 140 119 314 247; 

18\56_56546.jpg
303 400
68 58 192 214; 65 59 194 212; 71 60 194 210; 

18\56_56547.jpg
400 307
65 35 356 271; 64 82 251 268; 68 31 250 264; 

18\56_56564.jpg
303 400
101 6 287 361; 140 9 287 356; 141 19 284 352; 

18\56_56572.jpg
400 335
40 109 351 279; 60 112 336 224; 42 112 348 279; 

18\56_56613.jpg
266 400
41 24 205 344; 44 26 188 209; 44 27 187 208; 

18\56_56638.jpg
400 302
156 59 239 229; 156 59 238 228; 157 60 236 227; 

18\56_56654.jpg
400 300
166 109 361 300; 168 109 374 242; 169 111 361 239; 

18\56_56676.jpg
400 286
143 12 376 273; 139 12 360 271; 234 12 334 108; 

18\56_56686.jpg
400 320
92 64 242 243; 79 36 238 232; 88 56 238 248; 

18\56_56687.jpg
400 286
41 52 347 266; 168 54 346 238; 230 55 346 156; 

18\56_56694.jpg
400 297
211 9 393 285; 210 6 389 233; 211 6 389 279; 

18\56_56696.jpg
305 400
86 101 199 373; 72 111 205 325; 48 109 203 327; 

18\56_56699.jpg
400 286
202 79 383 273; 204 82 386 228; 205 83 398 285; 

18\56_56702.jpg
400 373
117 22 336 364; 117 3 329 371; 116 6 332 369; 

18\56_56705.jpg
400 266
23 34 239 259; 96 39 239 242; 69 39 228 239; 

18\56_56717.jpg
268 399
117 74 236 236; 123 74 236 233; 114 75 235 227; 

18\56_56728.jpg
320 400
55 28 302 308; 92 28 302 310; 84 29 301 309; 

18\56_56730.jpg
400 266
46 23 346 226; 48 80 268 186; 49 82 267 189; 

18\56_56734.jpg
400 300
84 32 313 265; 82 31 315 274; 82 32 313 269; 

18\56_56741.jpg
400 300
35 41 344 248; 35 48 238 248; 39 34 358 249; 

18\56_56749.jpg
400 320
203 81 396 305; 202 86 396 302; 203 87 394 302; 

18\56_56751.jpg
400 303
62 51 344 286; 60 52 346 239; 62 54 346 257; 

18\56_56807.jpg
266 400
22 146 249 340; 20 149 247 338; 21 150 246 336; 

18\56_56808.jpg
400 283
112 28 280 189; 109 33 286 186; 112 34 286 184; 

18\56_56954.jpg
400 300
21 100 351 273; 73 98 188 196; 75 99 185 196; 

18\56_56997.jpg
322 400
60 50 236 183; 61 47 208 150; 62 48 291 176; 

