194

23\69_69039.jpg
300 400
106 177 241 306; 97 176 239 308; 95 176 239 306; 

23\69_69057.jpg
400 300
78 21 355 224; 68 24 217 222; 69 21 345 221; 

23\69_69071.jpg
400 266
274 57 371 248; 269 58 368 251; 269 59 368 249; 

23\69_69117.jpg
400 273
23 45 173 201; 23 46 174 200; 24 46 172 261; 

23\69_69118.jpg
400 254
84 50 274 222; 85 51 269 229; 85 52 298 250; 

23\69_69134.jpg
230 400
39 9 191 362; 60 92 160 359; 61 92 194 358; 

23\69_69141.jpg
399 307
40 54 147 203; 39 55 147 205; 42 55 147 203; 

23\69_69142.jpg
307 400
41 9 273 239; 41 11 272 203; 39 10 271 202; 

23\69_69152.jpg
400 329
151 62 338 246; 156 64 336 244; 156 66 335 249; 

23\69_69217.jpg
399 243
46 41 303 199; 92 41 276 202; 107 42 273 197; 

23\69_69224.jpg
400 320
133 17 338 303; 135 19 336 299; 138 18 335 301; 

23\69_69228.jpg
266 400
17 71 213 365; 54 117 209 223; 17 73 219 364; 

23\69_69231.jpg
400 282
146 3 298 275; 152 52 288 279; 199 4 299 179; 

23\69_69235.jpg
400 295
28 41 301 290; 174 42 301 295; 32 42 301 293; 

23\69_69294.jpg
400 301
108 71 365 299; 108 67 370 191; 109 68 368 300; 

23\69_69295.jpg
400 301
116 69 227 300; 156 68 226 271; 156 68 226 232; 

23\69_69300.jpg
400 300
156 62 331 298; 158 63 331 274; 158 63 330 299; 

23\69_69303.jpg
400 385
245 76 391 362; 249 84 386 256; 249 84 391 370; 

23\69_69304.jpg
400 350
50 46 323 280; 122 76 261 232; 93 50 272 231; 

23\69_69319.jpg
371 400
70 22 297 361; 75 21 286 241; 79 23 286 239; 

23\69_69335.jpg
400 266
23 74 371 239; 24 76 261 199; 25 78 374 238; 

23\69_69363.jpg
333 400
80 97 284 351; 144 119 282 322; 144 119 282 328; 

23\69_69368.jpg
400 242
21 100 377 175; 20 99 379 177; 19 99 377 176; 

23\69_69370.jpg
400 260
32 29 308 161; 31 27 309 162; 33 28 308 160; 

23\69_69372.jpg
400 350
169 37 333 322; 173 36 328 323; 173 37 328 323; 

23\69_69389.jpg
400 300
84 25 290 281; 89 28 280 272; 89 28 280 270; 

23\69_69402.jpg
400 300
141 19 326 288; 206 49 322 260; 133 8 320 300; 

23\69_69434.jpg
294 400
73 120 250 278; 131 120 252 279; 119 121 251 283; 

23\69_69473.jpg
400 300
15 52 342 272; 16 52 344 174; 16 51 344 176; 

23\69_69487.jpg
400 300
42 1 250 299; 42 6 249 300; 43 6 248 299; 

23\69_69490.jpg
320 400
30 58 289 314; 32 58 290 313; 32 60 288 311; 

23\69_69492.jpg
400 320
131 74 319 251; 121 84 316 256; 122 81 396 254; 

23\69_69494.jpg
400 266
109 46 384 240; 111 48 379 246; 111 48 380 248; 

23\69_69499.jpg
400 338
79 62 318 275; 78 66 318 276; 79 65 318 274; 

23\69_69502.jpg
320 400
89 70 301 241; 97 86 307 234; 68 24 306 244; 

23\69_69507.jpg
400 376
108 41 306 317; 103 142 278 315; 109 40 306 314; 

23\69_69515.jpg
301 400
66 46 245 288; 60 120 243 286; 60 121 243 290; 

23\69_69517.jpg
400 306
56 56 348 228; 55 52 351 224; 56 55 351 222; 

23\69_69534.jpg
400 370
103 140 391 366; 102 144 332 246; 105 142 332 296; 

23\69_69549.jpg
400 300
66 42 257 266; 59 42 245 269; 68 40 398 298; 

23\69_69606.jpg
400 293
140 49 277 181; 136 51 281 181; 139 52 277 181; 

23\69_69612.jpg
275 400
31 23 169 262; 28 21 168 263; 30 22 167 261; 

23\69_69613.jpg
266 400
69 85 194 285; 70 95 190 283; 69 91 190 281; 

23\69_69614.jpg
399 340
8 3 286 233; 16 43 281 230; 2 8 287 229; 

23\69_69639.jpg
302 400
32 44 271 292; 86 141 254 284; 36 52 271 288; 

23\69_69644.jpg
400 282
48 11 359 222; 169 105 299 149; 39 16 358 165; 

23\69_69648.jpg
400 266
62 36 306 173; 59 38 299 169; 59 39 299 168; 

23\69_69664.jpg
400 268
129 122 266 260; 124 69 282 262; 125 33 281 264; 

23\69_69666.jpg
400 266
74 122 364 218; 76 122 362 216; 76 121 361 215; 

23\69_69669.jpg
292 399
36 203 253 330; 55 238 149 330; 37 206 252 333; 

23\69_69679.jpg
305 400
24 43 203 399; 92 46 141 399; 16 46 203 399; 

23\69_69725.jpg
400 300
102 15 318 299; 105 16 316 283; 104 16 316 300; 

23\69_69766.jpg
400 320
27 41 393 217; 27 45 231 155; 27 45 231 154; 

23\69_69778.jpg
273 399
28 52 266 214; 38 38 261 206; 36 25 264 205; 

23\69_69781.jpg
400 372
35 69 192 363; 38 74 191 365; 37 75 192 366; 

23\69_69802.jpg
400 320
99 10 306 318; 99 9 305 309; 99 11 306 320; 

23\69_69827.jpg
400 266
116 76 355 202; 120 85 356 198; 122 86 355 196; 

23\69_69896.jpg
400 292
91 62 332 277; 167 112 261 233; 93 111 319 274; 

23\69_69903.jpg
400 300
52 9 294 297; 49 1 297 300; 51 1 293 298; 

23\69_69989.jpg
400 247
45 8 312 208; 44 9 311 201; 44 9 310 201; 

23\70_70008.jpg
400 300
97 42 300 274; 97 43 302 280; 95 44 302 280; 

23\70_70010.jpg
400 301
202 14 383 171; 202 13 388 172; 201 13 388 176; 

23\70_70017.jpg
300 400
39 181 188 375; 32 189 176 359; 34 187 182 370; 

23\70_70023.jpg
400 354
88 124 289 352; 168 124 253 277; 168 124 252 276; 

23\70_70024.jpg
400 300
54 36 329 290; 57 39 330 249; 59 40 329 251; 

23\70_70053.jpg
400 280
59 18 209 263; 57 19 208 263; 45 19 207 261; 

23\70_70059.jpg
400 300
53 53 329 268; 52 57 268 226; 52 32 332 268; 

23\70_70074.jpg
400 331
127 10 368 229; 112 13 369 249; 124 13 366 245; 

23\70_70118.jpg
345 400
10 93 283 380; 8 93 280 356; 8 93 284 383; 

23\70_70132.jpg
400 295
195 66 344 291; 195 62 345 295; 196 66 344 295; 

23\70_70136.jpg
400 300
80 62 335 239; 82 64 338 183; 84 66 338 184; 

23\70_70142.jpg
400 252
41 0 334 181; 202 28 332 138; 204 29 331 139; 

23\70_70150.jpg
400 216
42 51 327 191; 40 59 326 187; 43 60 328 187; 

23\70_70151.jpg
400 300
145 41 364 249; 151 42 358 247; 154 45 352 244; 

23\70_70154.jpg
400 300
97 14 302 277; 159 28 298 229; 116 2 297 229; 

23\70_70155.jpg
300 400
13 33 209 178; 68 152 210 190; 15 14 211 177; 

23\70_70184.jpg
400 266
48 79 244 231; 47 80 256 217; 49 79 259 220; 

23\70_70189.jpg
400 320
26 26 271 302; 24 32 270 198; 24 31 271 309; 

23\70_70194.jpg
400 266
44 58 347 265; 201 74 348 209; 43 1 346 266; 

23\70_70211.jpg
400 310
96 98 346 244; 96 97 351 245; 96 99 349 244; 

23\70_70242.jpg
400 266
101 22 375 187; 98 22 375 186; 100 21 374 184; 

23\70_70269.jpg
400 300
73 0 198 147; 67 1 201 149; 66 0 199 148; 

23\70_70304.jpg
400 266
228 37 380 192; 228 36 381 192; 228 38 379 189; 

23\70_70308.jpg
400 240
171 22 316 237; 172 23 304 215; 173 24 316 239; 

23\70_70311.jpg
400 312
151 8 381 305; 172 68 381 272; 96 2 395 311; 

23\70_70320.jpg
400 320
129 48 359 262; 131 49 358 268; 131 49 358 276; 

23\70_70321.jpg
400 266
12 8 262 162; 18 9 279 144; 19 11 302 138; 

23\70_70323.jpg
400 257
100 25 249 172; 119 26 250 172; 117 26 249 164; 

23\70_70330.jpg
320 400
15 9 302 216; 48 17 303 213; 1 15 304 215; 

23\70_70332.jpg
400 300
28 19 332 234; 24 16 330 231; 26 18 330 231; 

23\70_70335.jpg
400 300
35 32 361 236; 36 32 361 236; 36 32 361 235; 

23\70_70336.jpg
300 400
48 79 280 374; 48 78 282 370; 48 79 283 371; 

23\70_70363.jpg
320 400
75 16 248 349; 77 15 239 194; 77 15 237 184; 

23\70_70474.jpg
400 297
91 61 296 241; 60 59 309 262; 60 60 310 261; 

23\70_70525.jpg
337 400
76 63 262 390; 78 68 260 144; 81 67 259 400; 

23\70_70531.jpg
400 300
201 68 370 218; 202 67 368 219; 202 68 368 220; 

23\70_70532.jpg
300 400
41 47 268 362; 74 46 275 298; 70 47 271 299; 

23\70_70535.jpg
336 400
93 144 259 300; 94 141 253 302; 95 141 251 302; 

23\70_70546.jpg
283 400
86 84 186 339; 87 87 201 346; 88 86 200 346; 

23\70_70554.jpg
400 400
28 21 296 331; 26 16 292 244; 26 17 291 241; 

23\70_70567.jpg
286 400
38 52 274 328; 39 139 229 324; 35 141 230 394; 

23\70_70577.jpg
400 266
42 22 361 207; 41 23 364 207; 42 26 360 204; 

23\70_70585.jpg
400 335
61 71 329 303; 65 72 326 307; 75 83 314 292; 

23\70_70587.jpg
400 286
62 14 318 276; 67 19 319 273; 69 18 313 272; 

23\70_70588.jpg
400 300
0 31 358 226; 46 26 359 229; 42 32 358 224; 

23\70_70601.jpg
289 400
44 122 232 353; 42 122 248 364; 45 34 247 361; 

23\70_70604.jpg
399 191
281 9 378 189; 282 9 381 191; 281 11 380 190; 

23\70_70612.jpg
400 279
116 63 351 214; 116 64 351 222; 118 66 350 221; 

23\70_70635.jpg
365 400
54 72 278 244; 52 72 265 242; 53 69 317 244; 

23\70_70637.jpg
400 274
23 30 229 182; 24 29 216 168; 24 31 216 167; 

23\70_70640.jpg
400 266
121 62 387 261; 115 63 386 266; 118 64 384 266; 

23\70_70669.jpg
400 300
64 18 341 258; 64 22 339 261; 66 20 341 274; 

23\70_70693.jpg
400 320
100 34 373 291; 99 36 374 292; 99 36 373 292; 

23\70_70697.jpg
400 266
28 42 278 232; 25 39 280 199; 26 39 279 240; 

23\70_70730.jpg
400 325
71 108 318 286; 72 108 316 284; 71 108 316 284; 

23\70_70732.jpg
400 320
51 88 363 224; 53 92 396 223; 49 91 395 223; 

23\70_70750.jpg
400 298
102 64 264 278; 103 64 263 279; 104 64 264 279; 

23\70_70761.jpg
400 265
111 57 278 239; 109 61 279 238; 111 61 278 236; 

23\70_70763.jpg
400 300
44 4 264 296; 139 59 277 181; 51 60 277 300; 

23\70_70765.jpg
299 399
10 151 292 391; 6 141 297 396; 4 152 297 399; 

23\70_70772.jpg
320 400
41 57 269 299; 37 57 271 304; 42 58 269 390; 

23\70_70776.jpg
400 300
17 1 287 235; 48 2 250 167; 51 2 398 268; 

23\70_70781.jpg
400 400
53 89 249 326; 91 91 349 161; 51 90 348 348; 

23\70_70783.jpg
400 300
62 97 388 278; 62 98 387 277; 62 98 387 279; 

23\70_70786.jpg
400 276
56 28 329 237; 57 34 322 204; 57 35 323 238; 

23\70_70803.jpg
293 400
144 198 264 341; 145 199 261 338; 146 200 260 338; 

23\70_70810.jpg
299 400
44 96 195 260; 46 98 190 257; 48 99 189 256; 

23\70_70833.jpg
400 300
178 187 341 298; 178 188 337 258; 179 188 339 300; 

23\70_70863.jpg
400 237
15 80 228 193; 16 78 229 197; 18 79 227 196; 

23\70_70874.jpg
400 266
43 31 167 261; 51 31 162 171; 52 31 161 173; 

23\70_70880.jpg
400 276
140 92 278 276; 139 91 272 219; 141 94 272 275; 

23\70_70893.jpg
400 284
67 71 341 277; 69 72 338 263; 28 70 365 266; 

23\70_70895.jpg
266 400
82 39 239 227; 81 39 238 228; 82 38 238 228; 

23\70_70909.jpg
400 253
33 59 325 167; 211 61 325 162; 34 61 324 161; 

23\70_70913.jpg
400 268
85 11 332 259; 82 9 334 206; 83 10 334 206; 

23\70_70915.jpg
400 245
218 101 338 244; 217 101 337 245; 219 102 336 244; 

23\70_70918.jpg
282 400
33 24 203 354; 54 79 182 359; 55 81 183 359; 

23\70_70926.jpg
266 400
31 98 168 338; 29 99 164 336; 29 99 165 332; 

23\70_70935.jpg
281 400
46 12 178 397; 46 12 179 400; 46 12 177 398; 

23\70_70943.jpg
188 400
61 218 187 399; 58 211 188 398; 58 210 186 399; 

23\71_71034.jpg
300 400
169 117 274 340; 162 118 272 334; 166 118 267 338; 

23\71_71045.jpg
293 400
58 159 224 336; 57 160 224 334; 58 160 222 334; 

23\71_71061.jpg
400 315
90 96 278 249; 94 92 271 233; 95 93 271 228; 

23\71_71062.jpg
310 400
72 28 217 381; 72 26 191 230; 73 27 216 383; 

23\71_71082.jpg
268 400
57 24 208 379; 52 25 228 381; 54 25 226 378; 

23\71_71085.jpg
400 266
92 121 282 256; 93 118 281 261; 94 119 279 259; 

23\71_71094.jpg
400 265
111 67 268 206; 116 106 265 206; 117 107 262 204; 

23\71_71107.jpg
400 298
266 13 387 291; 281 13 372 191; 280 11 371 189; 

23\71_71110.jpg
266 399
24 148 266 379; 43 142 216 362; 50 106 151 263; 

23\71_71113.jpg
400 261
24 48 369 196; 26 45 323 199; 25 44 381 202; 

23\71_71115.jpg
276 400
49 46 178 361; 45 48 174 367; 46 49 175 368; 

23\71_71150.jpg
148 400
7 152 92 374; 5 154 91 376; 6 154 91 374; 

23\71_71185.jpg
400 300
118 18 328 277; 136 110 257 257; 119 2 348 256; 

23\71_71204.jpg
400 280
31 55 248 212; 67 59 244 221; 69 63 244 220; 

23\71_71206.jpg
315 399
72 80 281 280; 67 81 289 288; 66 82 288 287; 

23\71_71225.jpg
400 320
38 34 362 259; 163 91 330 191; 165 64 398 190; 

23\71_71243.jpg
400 335
156 39 310 334; 160 87 305 336; 134 3 324 229; 

23\71_71246.jpg
400 261
78 32 229 245; 77 29 231 257; 77 41 228 256; 

23\71_71279.jpg
191 400
51 5 151 376; 52 5 149 376; 52 7 148 378; 

23\71_71305.jpg
255 400
58 52 206 382; 62 51 202 336; 60 52 199 392; 

23\71_71307.jpg
400 312
22 32 294 255; 66 33 219 145; 13 22 294 264; 

23\71_71309.jpg
400 320
64 38 332 280; 62 39 331 279; 63 40 331 278; 

23\71_71449.jpg
400 300
44 38 351 269; 43 36 349 269; 44 35 348 266; 

23\71_71455.jpg
400 300
56 23 297 286; 50 26 202 174; 54 27 203 172; 

23\71_71459.jpg
400 375
49 37 315 372; 48 106 186 292; 51 42 244 292; 

23\71_71463.jpg
400 320
80 29 371 273; 82 28 298 275; 85 14 388 274; 

23\71_71468.jpg
400 397
29 60 312 393; 78 92 264 279; 41 39 262 281; 

23\71_71469.jpg
400 375
13 58 301 368; 114 111 237 257; 29 57 304 301; 

23\71_71554.jpg
400 300
69 82 378 202; 68 82 383 209; 74 83 371 198; 

23\71_71586.jpg
400 265
202 2 328 264; 208 1 327 265; 209 2 326 265; 

23\71_71587.jpg
399 299
118 57 301 220; 134 80 285 217; 156 89 246 185; 

23\71_71595.jpg
300 400
34 104 294 349; 94 142 181 235; 32 106 298 346; 

23\71_71630.jpg
400 298
127 0 265 299; 131 79 257 298; 131 1 263 297; 

23\71_71631.jpg
400 266
104 4 301 251; 103 18 298 252; 103 18 297 252; 

23\71_71632.jpg
400 266
111 24 257 240; 106 26 254 240; 109 27 254 241; 

23\71_71657.jpg
399 299
87 93 265 283; 93 90 261 268; 95 110 258 266; 

23\71_71670.jpg
399 376
117 51 332 323; 115 97 298 340; 116 99 298 335; 

23\71_71671.jpg
320 400
60 83 278 375; 56 13 272 350; 102 14 236 196; 

23\71_71677.jpg
400 300
48 36 278 140; 43 39 282 142; 46 41 279 141; 

23\71_71687.jpg
284 399
75 104 234 347; 81 102 232 345; 81 102 234 345; 

23\71_71747.jpg
236 400
29 206 161 399; 30 205 162 400; 29 206 161 399; 

23\71_71768.jpg
400 266
144 146 301 266; 141 145 301 266; 142 146 302 265; 

23\71_71769.jpg
289 400
79 103 268 384; 91 138 259 282; 59 12 274 282; 

23\71_71770.jpg
400 242
238 45 386 242; 238 41 389 242; 240 41 398 241; 

23\71_71771.jpg
319 400
47 112 276 330; 49 114 276 328; 48 115 275 332; 

23\71_71807.jpg
300 400
54 56 250 376; 59 44 208 204; 56 44 216 368; 

23\71_71862.jpg
400 301
39 69 231 231; 113 71 232 229; 25 74 226 236; 

23\71_71896.jpg
320 400
142 69 298 183; 147 81 295 178; 148 79 291 179; 

23\71_71914.jpg
400 300
63 82 241 298; 115 79 244 297; 30 96 241 299; 

23\71_71928.jpg
400 300
74 8 315 246; 99 57 321 238; 38 1 321 238; 

23\71_71949.jpg
300 400
79 116 214 317; 73 115 216 289; 80 120 215 287; 

23\71_71951.jpg
399 265
108 38 294 222; 106 37 292 222; 108 39 291 221; 

23\71_71975.jpg
400 300
49 48 286 293; 52 44 279 289; 51 45 274 283; 

23\71_71981.jpg
400 258
11 64 151 258; 2 57 121 255; 1 66 119 257; 

