313

25\75_75003.jpg
400 400
95 44 349 389; 138 44 347 280; 138 43 347 280; 

25\75_75042.jpg
400 266
59 60 349 208; 63 59 348 209; 63 59 348 209; 

25\75_75050.jpg
400 266
17 56 254 262; 40 63 216 154; 41 63 214 156; 

25\75_75061.jpg
400 315
16 69 373 246; 14 72 282 237; 18 72 383 243; 

25\75_75089.jpg
400 266
26 58 205 201; 29 64 207 201; 29 64 208 199; 

25\75_75096.jpg
400 300
90 107 268 294; 148 103 266 299; 88 103 263 295; 

25\75_75104.jpg
279 400
9 9 266 230; 9 11 271 227; 8 11 269 227; 

25\75_75134.jpg
400 300
91 124 222 224; 98 132 221 216; 98 132 215 212; 

25\75_75146.jpg
400 204
13 17 218 193; 13 19 315 193; 13 14 238 191; 

25\75_75149.jpg
400 300
70 24 266 296; 59 28 291 230; 59 48 309 299; 

25\75_75154.jpg
400 300
96 42 302 255; 98 42 296 254; 98 43 294 252; 

25\75_75155.jpg
400 311
42 10 260 311; 43 12 242 259; 46 12 242 257; 

25\75_75163.jpg
400 311
56 65 320 299; 138 66 284 289; 164 67 271 190; 

25\75_75169.jpg
400 300
13 67 179 179; 14 69 177 181; 16 69 175 179; 

25\75_75174.jpg
400 266
45 39 352 223; 46 37 349 223; 48 36 370 222; 

25\75_75176.jpg
400 300
55 78 344 234; 49 77 309 232; 50 78 342 232; 

25\75_75179.jpg
400 285
45 48 286 246; 44 42 298 256; 44 45 295 250; 

25\75_75187.jpg
400 242
16 4 164 195; 13 21 194 212; 14 1 195 226; 

25\75_75208.jpg
400 271
54 22 215 231; 57 8 212 205; 59 10 218 200; 

25\75_75231.jpg
266 400
59 32 236 224; 59 38 235 220; 60 39 234 218; 

25\75_75233.jpg
400 266
123 95 285 222; 124 98 284 222; 125 98 286 226; 

25\75_75238.jpg
400 400
117 136 301 301; 106 139 294 290; 108 141 294 325; 

25\75_75240.jpg
400 265
49 96 161 241; 64 131 159 239; 69 131 161 241; 

25\75_75252.jpg
400 400
15 108 194 334; 15 112 188 335; 16 111 189 334; 

25\75_75273.jpg
266 400
139 179 251 394; 133 179 253 398; 133 181 251 397; 

25\75_75277.jpg
336 400
38 57 281 351; 36 57 282 354; 137 137 279 356; 

25\75_75278.jpg
266 400
80 28 241 218; 81 26 242 218; 82 26 243 226; 

25\75_75281.jpg
400 264
150 67 376 240; 63 69 372 130; 64 69 372 131; 

25\75_75284.jpg
300 400
78 79 233 385; 86 85 224 343; 87 84 219 338; 

25\75_75289.jpg
334 400
220 174 321 378; 224 175 323 381; 225 176 321 366; 

25\75_75294.jpg
400 300
92 35 248 299; 94 23 257 234; 93 28 251 232; 

25\75_75296.jpg
300 400
146 51 300 389; 122 46 300 400; 149 49 297 322; 

25\75_75297.jpg
300 400
5 32 194 395; 2 104 183 364; 2 104 181 362; 

25\75_75299.jpg
300 400
34 134 214 394; 34 146 213 379; 102 144 188 265; 

25\75_75302.jpg
400 284
106 86 356 223; 98 89 333 218; 102 91 351 224; 

25\75_75353.jpg
400 400
222 183 369 354; 226 193 369 349; 224 191 369 347; 

25\75_75401.jpg
400 320
61 26 349 288; 45 38 359 304; 41 15 169 182; 

25\75_75414.jpg
392 400
82 70 295 375; 80 70 306 399; 76 67 305 396; 

25\75_75430.jpg
400 265
0 101 316 236; 0 104 312 239; 1 103 312 236; 

25\75_75449.jpg
400 261
69 88 212 182; 71 89 214 181; 71 88 214 179; 

25\75_75470.jpg
400 303
123 27 322 285; 126 101 324 265; 124 21 324 264; 

25\75_75472.jpg
399 301
163 4 349 271; 160 6 346 268; 160 7 348 267; 

25\75_75474.jpg
342 400
76 5 293 341; 77 3 341 398; 87 3 291 210; 

25\75_75488.jpg
386 400
37 95 276 358; 33 97 283 355; 34 98 281 357; 

25\75_75489.jpg
400 259
215 76 368 228; 26 79 366 228; 214 80 367 226; 

25\75_75513.jpg
400 272
29 48 229 249; 36 46 223 235; 95 48 213 238; 

25\75_75515.jpg
400 385
118 21 294 377; 128 27 288 324; 105 44 301 382; 

25\75_75524.jpg
400 266
58 89 276 247; 58 89 277 175; 61 89 277 173; 

25\75_75534.jpg
303 399
48 12 248 356; 48 145 251 364; 59 171 245 367; 

25\75_75542.jpg
360 400
86 4 276 355; 112 23 249 315; 88 91 272 324; 

25\75_75548.jpg
400 295
19 29 246 258; 23 24 363 258; 26 28 171 168; 

25\75_75553.jpg
400 333
109 78 239 202; 104 78 248 189; 126 94 224 181; 

25\75_75556.jpg
305 400
29 38 260 349; 28 86 264 299; 29 57 256 294; 

25\75_75560.jpg
400 259
44 62 144 190; 44 68 142 194; 44 69 142 221; 

25\75_75568.jpg
399 265
57 12 310 156; 55 12 314 155; 56 10 310 152; 

25\75_75596.jpg
400 321
68 96 380 312; 70 96 356 237; 69 97 354 238; 

25\75_75633.jpg
400 300
82 14 318 299; 95 111 295 247; 99 26 296 246; 

25\75_75638.jpg
399 266
230 21 360 158; 230 23 357 159; 232 22 358 156; 

25\75_75641.jpg
400 400
56 42 193 250; 59 47 192 239; 62 47 192 238; 

25\75_75642.jpg
400 266
256 48 363 188; 258 49 362 183; 260 54 360 184; 

25\75_75663.jpg
400 303
65 19 312 199; 39 23 346 194; 42 28 348 198; 

25\75_75664.jpg
400 296
95 50 325 290; 95 46 328 199; 99 50 324 198; 

25\75_75665.jpg
400 323
184 81 338 302; 187 81 338 298; 184 83 336 298; 

25\75_75666.jpg
288 400
28 28 245 230; 29 28 246 228; 28 29 246 229; 

25\75_75673.jpg
400 320
227 80 343 267; 227 80 342 265; 227 80 343 265; 

25\75_75675.jpg
286 400
56 150 250 386; 60 153 252 384; 58 154 250 384; 

25\75_75679.jpg
400 266
107 93 285 232; 109 92 281 236; 111 92 291 235; 

25\75_75699.jpg
400 400
189 202 386 378; 188 207 386 378; 192 200 384 377; 

25\75_75701.jpg
272 397
61 41 240 387; 101 41 237 236; 101 39 236 234; 

25\75_75705.jpg
292 400
78 32 212 166; 72 26 226 229; 89 43 209 162; 

25\75_75707.jpg
400 267
71 32 256 220; 74 32 256 218; 74 35 255 215; 

25\75_75717.jpg
400 300
128 73 282 202; 129 81 281 201; 130 81 282 199; 

25\75_75719.jpg
400 266
142 36 394 263; 145 53 361 266; 148 58 378 266; 

25\75_75722.jpg
400 290
13 30 271 288; 11 14 278 290; 38 18 224 161; 

25\75_75723.jpg
266 400
39 46 224 391; 34 42 228 391; 34 42 226 391; 

25\75_75734.jpg
400 220
147 9 393 214; 139 8 396 216; 141 8 396 215; 

25\75_75742.jpg
400 304
227 34 356 208; 230 31 356 206; 231 30 358 208; 

25\75_75747.jpg
275 400
64 121 203 396; 80 134 196 400; 75 23 195 399; 

25\75_75749.jpg
366 399
76 24 341 296; 189 26 338 215; 92 26 337 263; 

25\75_75751.jpg
288 400
59 124 208 370; 56 126 214 369; 58 126 213 369; 

25\75_75759.jpg
400 316
91 138 395 287; 88 142 393 279; 88 141 395 285; 

25\75_75769.jpg
400 301
158 24 346 259; 158 26 349 268; 159 27 348 278; 

25\75_75805.jpg
399 300
56 12 335 260; 56 13 337 263; 56 12 336 264; 

25\75_75808.jpg
400 320
199 41 331 193; 201 39 334 193; 201 40 333 192; 

25\75_75818.jpg
266 400
9 252 249 383; 11 254 250 381; 12 256 249 380; 

25\75_75843.jpg
400 204
18 66 176 201; 14 67 176 204; 15 16 174 203; 

25\75_75850.jpg
400 300
154 8 254 176; 155 18 258 212; 154 10 249 164; 

25\75_75855.jpg
400 297
71 41 334 263; 88 39 294 242; 91 42 295 249; 

25\75_75862.jpg
400 300
166 180 361 274; 167 156 362 270; 167 178 362 269; 

25\75_75863.jpg
400 281
115 32 374 261; 111 31 335 267; 112 32 358 266; 

25\75_75864.jpg
399 314
98 9 351 302; 94 18 292 266; 94 13 348 295; 

25\75_75869.jpg
400 266
26 26 281 255; 28 66 247 222; 27 49 260 229; 

25\75_75891.jpg
400 266
112 82 284 210; 106 84 279 224; 106 83 279 224; 

25\75_75904.jpg
270 399
70 9 204 396; 73 8 208 397; 72 8 206 237; 

25\75_75917.jpg
400 368
55 16 201 354; 55 22 198 218; 55 22 197 355; 

25\75_75920.jpg
399 300
173 44 400 214; 170 46 399 215; 176 47 398 214; 

25\75_75921.jpg
286 400
28 86 258 221; 30 119 254 218; 32 34 254 216; 

25\75_75927.jpg
400 361
15 17 262 242; 20 15 257 258; 59 128 257 308; 

25\75_75928.jpg
399 298
87 44 329 228; 112 42 323 181; 113 43 323 191; 

25\75_75929.jpg
266 400
167 197 228 384; 164 200 228 388; 156 200 227 390; 

25\75_75947.jpg
400 400
132 95 254 326; 135 98 255 302; 136 97 258 291; 

25\75_75952.jpg
383 400
27 151 229 344; 35 158 228 342; 34 159 228 343; 

25\75_75971.jpg
399 265
124 40 317 207; 124 39 315 207; 126 39 315 210; 

25\75_75986.jpg
400 195
26 15 214 156; 26 16 214 156; 27 18 213 154; 

25\75_75991.jpg
400 213
113 29 365 211; 108 29 367 209; 109 31 366 208; 

25\75_75992.jpg
400 400
128 119 263 307; 136 135 249 301; 126 122 256 307; 

25\75_75998.jpg
400 268
193 24 319 250; 194 31 319 128; 197 34 316 119; 

25\76_76006.jpg
400 268
54 6 260 262; 73 4 255 265; 74 4 269 207; 

25\76_76010.jpg
400 268
22 23 269 255; 25 20 317 230; 105 70 317 255; 

25\76_76023.jpg
400 279
149 6 384 191; 141 56 335 192; 143 59 334 191; 

25\76_76026.jpg
288 400
74 88 251 359; 69 96 251 364; 71 96 250 361; 

25\76_76032.jpg
400 400
104 111 302 318; 103 112 301 317; 103 113 301 316; 

25\76_76033.jpg
399 362
65 81 359 299; 75 84 328 243; 76 84 326 277; 

25\76_76063.jpg
400 289
9 82 363 208; 10 89 372 219; 12 88 359 207; 

25\76_76096.jpg
400 210
81 30 315 208; 81 29 313 208; 82 28 312 208; 

25\76_76098.jpg
400 300
133 122 292 238; 138 122 287 232; 134 124 286 229; 

25\76_76114.jpg
400 280
51 63 228 256; 54 67 231 254; 54 66 229 252; 

25\76_76115.jpg
266 400
64 19 266 294; 64 18 179 296; 64 16 179 295; 

25\76_76123.jpg
316 399
37 62 207 366; 37 65 206 365; 37 65 206 365; 

25\76_76124.jpg
388 400
103 119 329 376; 103 120 318 375; 102 121 388 381; 

25\76_76149.jpg
400 250
64 57 334 211; 69 58 338 212; 64 61 338 212; 

25\76_76153.jpg
400 277
44 36 270 252; 38 39 335 272; 34 44 266 251; 

25\76_76170.jpg
400 300
42 16 284 277; 47 13 280 280; 51 18 280 279; 

25\76_76184.jpg
400 400
121 105 303 290; 119 103 304 293; 125 105 300 289; 

25\76_76186.jpg
400 266
114 4 309 241; 117 0 310 243; 118 2 310 244; 

25\76_76187.jpg
400 266
91 16 304 265; 103 1 306 198; 102 1 296 196; 

25\76_76189.jpg
400 266
130 6 328 260; 138 1 322 225; 138 2 325 225; 

25\76_76190.jpg
400 266
128 11 353 254; 146 1 358 252; 148 2 353 252; 

25\76_76192.jpg
206 400
13 36 128 344; 7 38 125 334; 7 38 126 336; 

25\76_76208.jpg
400 300
91 0 282 212; 89 3 279 216; 91 1 279 214; 

25\76_76253.jpg
400 300
11 82 264 295; 4 80 266 283; 4 83 264 281; 

25\76_76255.jpg
400 286
40 19 282 280; 45 20 262 285; 1 21 261 285; 

25\76_76256.jpg
400 290
11 56 249 291; 3 52 249 291; 1 50 249 287; 

25\76_76257.jpg
400 400
114 114 296 299; 118 117 295 296; 119 118 294 294; 

25\76_76259.jpg
400 276
81 39 318 251; 81 39 319 252; 82 38 321 250; 

25\76_76261.jpg
300 399
85 69 254 362; 88 67 248 397; 90 69 247 300; 

25\76_76272.jpg
400 400
124 152 293 318; 126 154 291 315; 127 155 290 311; 

25\76_76273.jpg
400 291
150 33 249 238; 150 30 248 240; 151 28 248 239; 

25\76_76323.jpg
400 286
182 33 328 221; 183 32 326 259; 183 33 325 282; 

25\76_76324.jpg
282 399
77 111 197 380; 72 119 199 378; 72 119 200 378; 

25\76_76326.jpg
399 300
230 59 346 263; 229 59 343 263; 230 59 344 262; 

25\76_76329.jpg
400 300
81 58 298 232; 71 61 303 290; 72 16 303 288; 

25\76_76340.jpg
400 300
169 32 374 286; 173 34 370 281; 174 48 376 279; 

25\76_76343.jpg
400 400
68 65 328 358; 71 67 325 341; 68 64 327 358; 

25\76_76349.jpg
400 300
93 9 306 178; 95 17 301 177; 94 1 300 175; 

25\76_76351.jpg
320 400
58 89 261 280; 58 89 264 280; 60 89 262 278; 

25\76_76361.jpg
400 293
96 82 271 212; 86 80 261 242; 83 81 261 252; 

25\76_76363.jpg
400 301
110 52 297 234; 113 62 269 233; 115 57 296 241; 

25\76_76397.jpg
400 266
11 8 221 218; 3 6 208 221; 2 4 214 219; 

25\76_76407.jpg
266 400
52 28 184 374; 51 29 186 374; 54 29 184 372; 

25\76_76408.jpg
400 400
100 83 286 304; 101 86 287 284; 104 87 286 279; 

25\76_76458.jpg
400 300
129 84 285 231; 106 82 278 233; 135 91 272 225; 

25\76_76489.jpg
399 300
69 123 321 291; 72 114 326 250; 71 114 325 248; 

25\76_76503.jpg
294 400
62 4 227 338; 63 114 225 374; 64 89 227 373; 

25\76_76577.jpg
292 400
37 89 263 328; 50 156 252 348; 53 29 250 352; 

25\76_76589.jpg
335 400
78 16 272 234; 83 25 270 237; 84 4 268 232; 

25\76_76592.jpg
400 266
111 38 269 211; 113 61 270 212; 114 59 263 211; 

25\76_76604.jpg
400 268
129 66 268 201; 140 78 259 195; 139 75 257 195; 

25\76_76612.jpg
400 320
154 22 367 228; 151 26 370 218; 154 26 348 214; 

25\76_76616.jpg
320 400
50 22 304 314; 27 21 228 191; 30 22 199 191; 

25\76_76631.jpg
400 300
85 50 286 254; 88 48 282 255; 83 51 282 253; 

25\76_76635.jpg
400 266
120 14 274 241; 121 16 273 239; 122 17 272 238; 

25\76_76639.jpg
266 400
21 106 246 346; 22 109 246 344; 24 112 245 343; 

25\76_76643.jpg
400 338
56 60 321 276; 18 14 348 273; 18 14 346 269; 

25\76_76648.jpg
371 400
103 19 304 346; 105 16 267 116; 108 16 258 115; 

25\76_76654.jpg
400 300
81 41 358 291; 85 42 374 298; 129 40 306 178; 

25\76_76675.jpg
400 267
42 48 349 187; 43 48 347 188; 44 49 347 186; 

25\76_76684.jpg
400 300
109 129 267 257; 101 123 266 261; 115 132 259 258; 

25\76_76685.jpg
319 399
70 35 232 353; 71 33 241 399; 73 36 245 399; 

25\76_76694.jpg
400 300
91 3 329 216; 64 1 359 215; 69 1 353 212; 

25\76_76695.jpg
400 300
40 45 352 244; 40 45 353 243; 41 45 353 241; 

25\76_76701.jpg
400 300
99 19 356 281; 132 67 353 271; 123 74 347 274; 

25\76_76702.jpg
400 300
42 39 339 264; 37 40 328 262; 39 41 328 264; 

25\76_76705.jpg
400 319
50 125 275 224; 38 122 278 244; 39 124 277 244; 

25\76_76712.jpg
399 249
46 68 366 167; 41 69 372 156; 43 71 372 161; 

25\76_76741.jpg
400 400
90 136 338 384; 81 131 337 386; 88 124 342 381; 

25\76_76743.jpg
400 390
24 129 301 358; 4 129 291 267; 5 129 298 274; 

25\76_76744.jpg
400 127
246 4 328 125; 246 1 329 128; 242 1 326 125; 

25\76_76750.jpg
394 400
197 52 294 373; 196 49 296 382; 198 49 294 380; 

25\76_76752.jpg
400 320
108 50 313 261; 112 52 322 266; 113 54 324 262; 

25\76_76753.jpg
400 246
56 19 313 183; 51 18 313 184; 62 30 306 179; 

25\76_76754.jpg
400 320
64 16 386 238; 8 52 372 286; 10 118 182 233; 

25\76_76782.jpg
327 399
104 54 234 400; 99 59 227 400; 107 62 230 242; 

25\76_76790.jpg
400 387
104 21 275 302; 98 12 280 299; 169 62 258 169; 

25\76_76795.jpg
378 399
92 81 290 268; 93 81 288 269; 94 81 288 268; 

25\76_76802.jpg
208 400
41 164 150 241; 48 164 150 244; 42 136 161 280; 

25\76_76818.jpg
400 300
128 80 280 232; 118 76 277 231; 133 86 264 219; 

25\76_76819.jpg
400 336
51 107 351 321; 56 107 354 319; 55 107 353 320; 

25\76_76820.jpg
400 345
88 20 362 305; 98 88 332 285; 99 98 350 306; 

25\76_76824.jpg
320 400
124 112 292 384; 127 114 318 398; 127 112 318 399; 

25\76_76829.jpg
400 300
76 68 310 243; 74 77 302 244; 79 76 302 243; 

25\76_76831.jpg
400 316
79 49 157 267; 79 50 158 283; 79 49 158 282; 

25\76_76846.jpg
400 291
91 106 264 182; 94 109 266 178; 89 109 264 178; 

25\76_76847.jpg
319 399
63 68 242 306; 63 72 248 302; 60 73 247 303; 

25\76_76849.jpg
400 300
18 27 271 291; 18 17 267 298; 15 13 266 299; 

25\76_76850.jpg
400 320
86 42 309 251; 127 101 266 230; 129 101 265 225; 

25\76_76853.jpg
400 300
106 28 262 291; 101 24 264 296; 98 28 262 299; 

25\76_76854.jpg
400 300
102 6 317 204; 92 7 314 207; 99 16 312 207; 

25\76_76856.jpg
400 350
69 78 362 302; 65 65 342 303; 75 74 316 291; 

25\76_76859.jpg
266 399
64 61 242 327; 81 61 240 281; 82 61 241 283; 

25\76_76871.jpg
400 300
123 93 264 213; 134 92 291 199; 136 95 262 199; 

25\76_76874.jpg
400 310
69 19 327 274; 74 24 326 279; 72 24 322 276; 

25\76_76875.jpg
400 223
116 23 327 132; 136 25 325 156; 133 26 326 133; 

25\76_76877.jpg
400 300
20 35 254 161; 17 32 250 156; 17 32 249 153; 

25\76_76880.jpg
276 400
55 51 219 399; 56 51 216 400; 57 52 214 398; 

25\76_76885.jpg
399 319
146 10 380 315; 144 5 380 318; 146 7 378 317; 

25\76_76889.jpg
400 266
107 109 276 262; 105 108 274 266; 106 109 271 266; 

25\76_76891.jpg
400 320
184 32 355 261; 186 26 354 264; 189 31 353 262; 

25\76_76896.jpg
400 300
189 29 343 246; 190 25 347 242; 192 32 342 246; 

25\76_76897.jpg
253 400
11 40 169 397; 6 40 169 399; 5 39 168 399; 

25\76_76919.jpg
399 329
4 78 395 273; 83 77 303 275; 1 77 397 277; 

25\76_76940.jpg
400 340
177 93 344 218; 177 98 343 216; 178 99 341 216; 

25\76_76942.jpg
400 265
140 59 281 261; 135 59 284 265; 138 59 284 220; 

25\76_76946.jpg
400 396
111 102 306 286; 110 96 310 282; 110 94 311 282; 

25\76_76947.jpg
400 281
68 29 318 219; 64 36 328 220; 94 35 301 219; 

25\76_76952.jpg
294 399
84 38 214 307; 86 39 213 306; 87 39 212 302; 

25\76_76957.jpg
300 400
71 13 217 237; 68 15 216 231; 73 17 215 229; 

25\76_76959.jpg
400 347
129 99 395 338; 131 98 393 305; 120 99 396 306; 

25\76_76961.jpg
400 300
84 68 338 233; 80 68 338 229; 83 69 340 228; 

25\76_76968.jpg
400 353
56 29 326 330; 65 146 306 329; 69 2 334 327; 

25\76_76969.jpg
400 372
118 113 263 345; 115 115 266 368; 119 113 263 371; 

25\76_76970.jpg
400 307
122 82 268 226; 122 84 267 226; 122 82 266 226; 

25\76_76980.jpg
400 304
166 126 292 236; 168 126 281 230; 170 126 280 228; 

25\76_76988.jpg
400 400
100 127 342 291; 100 131 304 303; 101 131 358 306; 

25\76_76995.jpg
353 400
37 9 289 289; 35 1 288 284; 36 0 285 282; 

25\76_76998.jpg
361 400
50 101 322 312; 50 103 311 319; 51 103 344 316; 

25\76_76999.jpg
379 400
103 26 307 235; 106 78 269 236; 102 14 276 236; 

25\77_77000.jpg
400 293
84 13 301 291; 72 6 319 292; 93 7 287 292; 

25\77_77008.jpg
300 400
41 81 264 315; 40 82 272 318; 41 84 272 313; 

25\77_77014.jpg
400 266
150 70 252 183; 150 70 251 183; 150 70 251 182; 

25\77_77022.jpg
400 400
64 98 361 270; 93 110 353 269; 102 114 348 262; 

25\77_77023.jpg
328 400
4 200 323 389; 1 201 328 398; 0 200 328 399; 

25\77_77029.jpg
300 400
64 24 252 262; 65 24 254 265; 68 127 298 259; 

25\77_77033.jpg
400 400
82 62 313 396; 81 63 309 346; 81 61 309 339; 

25\77_77044.jpg
400 306
114 12 336 288; 218 11 341 292; 219 10 342 291; 

25\77_77048.jpg
355 400
98 86 248 359; 98 88 248 356; 164 89 213 181; 

25\77_77050.jpg
243 400
28 114 213 366; 26 114 211 342; 30 114 149 372; 

25\77_77053.jpg
400 266
136 99 299 263; 138 105 306 265; 157 104 274 225; 

25\77_77055.jpg
400 320
96 60 301 264; 99 56 304 266; 99 56 304 264; 

25\77_77056.jpg
400 359
152 56 308 354; 185 59 292 294; 184 60 280 182; 

25\77_77058.jpg
400 318
94 61 286 245; 96 64 287 254; 98 66 287 253; 

25\77_77060.jpg
400 320
83 36 284 307; 166 129 284 307; 94 9 311 306; 

25\77_77065.jpg
400 400
44 134 400 396; 32 139 367 389; 36 141 399 400; 

25\77_77073.jpg
400 300
166 0 357 162; 176 1 366 179; 178 1 366 173; 

25\77_77109.jpg
368 400
59 76 310 319; 62 75 311 320; 62 77 309 318; 

25\77_77133.jpg
400 266
57 68 333 196; 59 71 333 195; 58 72 332 197; 

25\77_77153.jpg
400 303
106 72 290 258; 111 74 288 258; 112 72 286 258; 

25\77_77156.jpg
400 261
108 63 294 262; 112 68 292 261; 133 85 258 261; 

25\77_77157.jpg
400 320
101 62 289 258; 95 58 306 264; 121 74 281 236; 

25\77_77162.jpg
400 400
101 42 311 334; 101 44 311 332; 101 45 308 332; 

25\77_77163.jpg
400 285
112 4 349 279; 114 64 278 285; 111 63 265 238; 

25\77_77167.jpg
399 357
85 120 267 355; 89 120 267 358; 89 121 265 358; 

25\77_77169.jpg
268 400
46 49 219 392; 44 49 218 255; 44 49 218 396; 

25\77_77170.jpg
286 400
62 24 249 349; 62 28 254 300; 79 29 144 90; 

25\77_77174.jpg
400 320
21 46 370 261; 103 49 378 287; 16 49 366 264; 

25\77_77177.jpg
390 400
39 52 343 350; 39 59 340 348; 36 57 340 343; 

25\77_77181.jpg
337 400
76 32 249 315; 83 33 246 317; 85 32 245 317; 

25\77_77184.jpg
338 339
129 31 209 220; 130 4 215 221; 130 1 210 220; 

25\77_77185.jpg
400 310
26 69 358 238; 29 62 359 236; 28 60 364 229; 

25\77_77199.jpg
400 266
46 72 357 194; 48 74 359 192; 48 72 357 191; 

25\77_77233.jpg
400 320
34 71 390 280; 32 71 383 275; 34 72 391 279; 

25\77_77267.jpg
400 300
8 105 386 268; 63 115 292 231; 0 116 344 251; 

25\77_77268.jpg
400 300
18 12 198 274; 1 2 194 300; 24 2 182 201; 

25\77_77306.jpg
400 300
22 97 372 235; 33 101 374 239; 29 101 372 238; 

25\77_77307.jpg
400 266
51 5 200 261; 42 3 205 266; 46 5 201 264; 

25\77_77320.jpg
400 263
76 24 222 241; 79 25 221 238; 79 26 221 235; 

25\77_77326.jpg
400 322
148 88 259 306; 154 94 261 304; 157 94 259 226; 

25\77_77362.jpg
400 339
61 95 304 276; 53 110 309 273; 49 109 310 271; 

25\77_77372.jpg
400 242
99 22 324 241; 90 19 392 242; 91 25 321 241; 

25\77_77373.jpg
400 266
1 38 318 207; 2 38 320 203; 4 40 318 202; 

25\77_77398.jpg
266 400
81 36 175 249; 85 48 168 277; 86 47 167 272; 

25\77_77433.jpg
266 400
48 93 252 398; 41 87 251 400; 79 98 199 253; 

25\77_77435.jpg
400 266
140 90 277 264; 139 91 272 266; 140 91 272 265; 

25\77_77501.jpg
400 300
45 34 234 272; 34 29 232 272; 64 56 232 272; 

25\77_77508.jpg
335 400
22 8 217 391; 22 70 217 394; 95 1 216 370; 

25\77_77509.jpg
400 266
121 14 290 236; 122 13 269 238; 184 84 231 154; 

25\77_77513.jpg
400 341
12 13 227 182; 13 14 224 183; 12 12 224 182; 

25\77_77524.jpg
399 317
125 20 344 302; 121 25 342 318; 199 25 339 126; 

25\77_77528.jpg
400 318
3 155 311 307; 2 161 309 300; 1 164 309 319; 

25\77_77529.jpg
400 320
95 101 367 247; 95 103 361 239; 97 101 360 242; 

25\77_77552.jpg
300 400
19 16 175 232; 19 17 173 230; 21 17 175 228; 

25\77_77558.jpg
300 400
71 122 228 352; 72 126 224 356; 69 121 224 351; 

25\77_77563.jpg
400 400
22 88 379 334; 19 91 376 339; 26 92 374 332; 

25\77_77618.jpg
400 300
20 79 253 273; 3 82 254 251; 4 81 255 275; 

25\77_77635.jpg
400 333
47 63 384 272; 150 103 384 282; 150 125 378 285; 

25\77_77645.jpg
400 271
21 38 165 194; 12 41 163 206; 13 41 159 201; 

25\77_77652.jpg
243 400
49 15 225 322; 48 84 228 328; 49 10 227 329; 

25\77_77653.jpg
400 320
62 88 361 254; 45 88 362 257; 43 90 372 259; 

25\77_77657.jpg
400 245
1 4 166 207; 4 4 154 214; 2 4 154 213; 

25\77_77664.jpg
380 400
40 11 303 338; 121 2 304 222; 124 2 301 217; 

25\77_77666.jpg
400 300
109 2 283 296; 112 65 281 300; 110 1 278 294; 

25\77_77678.jpg
400 258
60 44 336 258; 48 51 351 256; 49 53 349 251; 

25\77_77691.jpg
400 300
82 58 310 218; 82 59 311 216; 84 59 309 212; 

25\77_77696.jpg
400 335
39 45 244 317; 35 48 241 303; 36 50 244 335; 

25\77_77700.jpg
340 400
56 27 285 248; 126 30 209 246; 126 32 208 248; 

25\77_77805.jpg
400 320
66 23 340 297; 71 29 343 297; 70 26 342 297; 

25\77_77813.jpg
400 266
50 43 232 223; 58 40 246 221; 58 39 244 219; 

25\77_77830.jpg
300 400
8 98 266 346; 0 201 216 398; 152 241 216 328; 

25\77_77850.jpg
399 342
16 102 287 292; 106 99 292 342; 103 103 280 342; 

25\77_77852.jpg
400 320
9 9 128 248; 2 1 128 248; 1 1 125 247; 

25\77_77853.jpg
400 300
10 40 306 229; 11 45 303 237; 149 78 303 229; 

25\77_77870.jpg
400 266
47 36 251 252; 51 37 248 239; 49 38 249 266; 

25\77_77878.jpg
400 400
68 194 242 360; 90 193 245 329; 95 192 241 353; 

25\77_77883.jpg
400 300
155 119 281 232; 159 124 281 232; 28 14 279 229; 

25\77_77895.jpg
400 275
77 18 307 268; 71 24 302 275; 78 24 301 265; 

25\77_77896.jpg
400 268
118 26 365 250; 111 24 369 266; 152 26 366 228; 

25\77_77903.jpg
399 300
22 122 389 258; 131 121 224 226; 130 123 218 224; 

25\77_77934.jpg
400 300
23 126 350 259; 26 129 368 261; 26 123 368 261; 

25\77_77939.jpg
303 400
49 96 244 369; 48 99 234 349; 42 99 243 376; 

25\77_77943.jpg
400 266
158 5 384 206; 154 104 392 207; 155 106 399 206; 

25\77_77963.jpg
320 400
71 9 261 376; 70 13 262 375; 69 13 260 374; 

25\77_77969.jpg
399 359
93 87 260 253; 104 89 350 256; 101 41 254 252; 

25\77_77979.jpg
400 303
164 84 362 275; 175 86 357 264; 168 84 366 269; 

