283

26\78_78037.jpg
400 400
10 11 222 396; 8 6 231 400; 11 9 187 238; 

26\78_78070.jpg
373 400
62 39 322 379; 42 34 329 376; 91 69 328 376; 

26\78_78092.jpg
399 300
99 110 338 298; 92 110 301 300; 93 111 399 299; 

26\78_78096.jpg
400 266
160 24 262 266; 162 31 261 266; 163 32 259 265; 

26\78_78097.jpg
400 347
18 33 244 307; 79 186 181 288; 82 187 180 286; 

26\78_78119.jpg
400 309
123 62 269 246; 124 85 257 234; 126 49 359 230; 

26\78_78124.jpg
320 400
31 14 246 236; 120 95 195 238; 31 14 250 236; 

26\78_78182.jpg
400 319
89 42 314 268; 89 44 318 271; 109 56 308 256; 

26\78_78190.jpg
320 400
33 35 297 310; 20 21 308 323; 39 35 283 305; 

26\78_78196.jpg
400 274
124 51 224 204; 122 52 226 199; 126 52 225 183; 

26\78_78222.jpg
300 400
26 94 284 359; 29 97 287 367; 29 97 288 364; 

26\78_78255.jpg
307 400
6 51 140 393; 20 53 132 240; 3 52 194 238; 

26\78_78261.jpg
400 315
182 102 343 272; 178 98 344 269; 176 100 343 268; 

26\78_78262.jpg
326 400
42 111 261 391; 44 107 258 318; 44 105 259 316; 

26\78_78303.jpg
400 265
154 70 253 261; 158 79 252 254; 158 78 251 253; 

26\78_78308.jpg
400 400
42 52 360 348; 43 52 364 346; 45 51 361 344; 

26\78_78322.jpg
252 400
86 110 229 279; 88 111 226 281; 88 112 226 395; 

26\78_78326.jpg
400 320
69 39 328 278; 70 39 327 277; 72 41 326 276; 

26\78_78337.jpg
300 400
14 107 279 365; 18 110 275 369; 18 111 274 367; 

26\78_78339.jpg
400 272
117 139 211 265; 116 141 212 263; 138 142 211 215; 

26\78_78362.jpg
400 265
51 32 338 244; 62 94 244 248; 62 95 192 243; 

26\78_78371.jpg
400 320
182 71 290 236; 177 28 299 232; 178 26 298 239; 

26\78_78377.jpg
348 400
42 71 287 386; 36 74 284 328; 38 76 314 385; 

26\78_78381.jpg
400 251
53 60 322 215; 101 61 319 174; 92 59 322 176; 

26\78_78384.jpg
280 400
87 68 186 183; 89 70 189 182; 91 68 187 182; 

26\78_78407.jpg
400 266
114 25 283 229; 116 27 281 233; 116 26 280 232; 

26\78_78408.jpg
266 400
32 51 222 376; 41 55 220 245; 42 55 220 244; 

26\78_78416.jpg
400 266
190 11 378 248; 181 9 378 253; 182 9 378 252; 

26\78_78463.jpg
400 300
7 60 181 234; 1 59 182 231; 1 60 181 249; 

26\78_78465.jpg
400 266
55 22 332 247; 49 19 222 252; 68 28 212 174; 

26\78_78470.jpg
400 300
45 95 166 259; 45 97 171 257; 46 97 172 255; 

26\78_78481.jpg
305 400
121 23 259 336; 124 11 268 369; 129 16 238 326; 

26\78_78483.jpg
285 399
24 9 259 241; 36 46 252 243; 17 5 276 239; 

26\78_78496.jpg
317 400
43 75 310 350; 86 125 249 270; 89 123 249 269; 

26\78_78498.jpg
400 251
18 11 262 217; 14 29 184 183; 59 24 188 200; 

26\78_78523.jpg
399 300
82 15 326 260; 89 22 331 262; 80 19 330 263; 

26\78_78525.jpg
400 400
49 75 332 318; 51 79 334 316; 52 80 334 316; 

26\78_78538.jpg
399 250
61 66 389 245; 98 70 399 249; 99 71 398 250; 

26\78_78545.jpg
318 400
103 52 272 180; 102 51 271 182; 103 52 270 181; 

26\78_78558.jpg
400 339
20 45 314 272; 116 37 314 233; 20 38 314 271; 

26\78_78560.jpg
328 400
19 115 301 365; 17 114 304 359; 21 114 304 360; 

26\78_78564.jpg
300 400
81 24 252 366; 146 130 254 367; 161 146 253 366; 

26\78_78572.jpg
386 399
45 74 352 373; 44 76 349 251; 46 63 350 278; 

26\78_78573.jpg
400 303
50 42 318 273; 49 44 381 269; 49 45 381 271; 

26\78_78583.jpg
400 300
56 36 328 261; 64 49 320 250; 56 49 336 288; 

26\78_78584.jpg
300 400
65 52 242 383; 99 54 177 229; 100 54 176 225; 

26\78_78589.jpg
400 258
89 70 190 180; 89 72 188 225; 91 71 187 222; 

26\78_78594.jpg
400 338
6 147 381 333; 6 145 381 332; 6 148 381 333; 

26\78_78606.jpg
300 400
56 13 199 381; 57 14 202 378; 56 14 201 379; 

26\78_78626.jpg
400 299
67 76 344 177; 60 79 343 174; 59 80 145 172; 

26\78_78635.jpg
399 306
21 83 365 205; 23 85 364 210; 23 87 361 209; 

26\78_78641.jpg
320 400
32 121 205 363; 37 118 206 372; 38 121 204 374; 

26\78_78647.jpg
400 260
170 31 393 243; 162 31 359 245; 166 31 398 240; 

26\78_78650.jpg
400 260
66 63 322 261; 115 102 269 260; 83 68 318 258; 

26\78_78656.jpg
400 266
24 141 366 258; 25 141 364 256; 27 142 364 258; 

26\78_78661.jpg
400 320
8 37 217 152; 1 39 215 154; 4 41 219 152; 

26\78_78673.jpg
400 349
4 81 276 342; 1 79 278 349; 1 81 278 349; 

26\78_78701.jpg
400 360
95 47 341 257; 98 48 343 258; 98 48 343 257; 

26\78_78704.jpg
400 300
117 16 348 300; 128 28 382 300; 129 29 362 300; 

26\78_78705.jpg
400 388
81 34 372 341; 82 36 370 343; 83 34 371 344; 

26\78_78706.jpg
400 320
36 74 294 288; 39 77 294 289; 39 79 294 289; 

26\78_78716.jpg
400 300
29 106 385 269; 31 109 382 266; 32 109 384 266; 

26\78_78732.jpg
400 255
51 32 346 183; 52 41 346 182; 53 39 346 181; 

26\78_78751.jpg
400 300
128 2 272 264; 176 64 244 172; 124 1 270 289; 

26\78_78784.jpg
400 318
137 16 298 284; 134 18 298 289; 134 18 298 292; 

26\78_78785.jpg
400 290
68 25 329 264; 103 29 325 229; 105 31 325 227; 

26\78_78789.jpg
400 267
52 10 327 236; 51 123 226 236; 166 1 327 154; 

26\78_78791.jpg
400 330
24 6 246 236; 118 104 228 146; 2 1 247 232; 

26\78_78793.jpg
400 235
77 37 335 197; 188 59 284 168; 79 31 354 182; 

26\78_78801.jpg
400 257
140 88 348 233; 142 86 350 235; 141 87 366 248; 

26\78_78817.jpg
303 400
68 97 234 286; 73 95 231 282; 74 96 231 282; 

26\78_78826.jpg
253 399
8 162 247 385; 3 165 246 332; 2 165 253 400; 

26\78_78829.jpg
400 266
12 83 388 226; 4 86 393 232; 4 86 394 232; 

26\78_78832.jpg
400 266
232 124 357 262; 232 126 328 245; 235 126 326 256; 

26\78_78834.jpg
400 265
117 15 369 236; 159 19 369 232; 113 17 371 255; 

26\78_78837.jpg
327 400
4 36 127 393; 1 36 127 396; 1 38 126 398; 

26\78_78842.jpg
319 399
8 68 307 319; 117 99 306 202; 7 70 305 323; 

26\78_78849.jpg
400 400
61 39 346 355; 73 172 310 358; 66 64 342 353; 

26\78_78856.jpg
400 196
25 94 147 171; 25 93 147 173; 26 95 147 171; 

26\78_78859.jpg
400 267
135 9 400 242; 134 8 301 241; 134 6 301 241; 

26\78_78867.jpg
400 194
138 36 296 167; 137 38 296 167; 139 36 294 166; 

26\78_78868.jpg
400 293
126 41 376 291; 189 95 337 271; 189 92 335 271; 

26\78_78870.jpg
224 400
36 69 174 156; 70 7 176 137; 2 74 169 322; 

26\78_78873.jpg
276 400
31 49 236 344; 46 118 199 299; 44 119 226 341; 

26\78_78874.jpg
400 320
11 90 384 281; 12 94 381 282; 11 94 381 281; 

26\78_78875.jpg
280 400
31 161 253 394; 94 164 156 226; 96 166 152 227; 

26\78_78878.jpg
400 320
29 17 304 242; 32 31 305 245; 26 14 306 244; 

26\78_78879.jpg
389 400
18 8 261 265; 16 28 174 233; 18 8 255 232; 

26\78_78884.jpg
400 263
10 87 368 168; 28 91 372 171; 6 54 366 169; 

26\78_78885.jpg
257 400
133 9 235 362; 140 14 234 363; 134 14 233 366; 

26\78_78889.jpg
399 266
47 18 326 242; 53 20 356 243; 56 17 353 219; 

26\78_78895.jpg
252 180
60 8 201 175; 68 40 248 170; 55 9 129 131; 

26\78_78896.jpg
266 399
20 44 252 288; 3 14 266 288; 8 15 160 214; 

26\78_78902.jpg
338 399
54 76 263 396; 102 81 222 219; 59 1 265 217; 

26\78_78904.jpg
266 400
18 76 250 344; 44 179 187 316; 3 39 250 348; 

26\78_78907.jpg
400 294
102 149 357 276; 108 149 363 281; 114 172 363 279; 

26\78_78910.jpg
400 400
162 173 319 297; 160 175 333 322; 160 174 332 321; 

26\78_78918.jpg
400 285
66 39 354 252; 64 42 353 202; 67 42 354 284; 

26\78_78919.jpg
266 399
51 44 210 256; 67 120 194 256; 45 5 206 254; 

26\78_78920.jpg
266 399
15 52 216 356; 32 141 194 301; 34 6 213 300; 

26\78_78923.jpg
266 399
20 51 258 294; 40 100 258 294; 11 11 258 294; 

26\78_78925.jpg
400 300
41 74 202 188; 42 76 205 182; 42 76 205 135; 

26\78_78955.jpg
400 300
143 109 397 287; 139 111 398 270; 142 111 399 270; 

26\78_78958.jpg
400 300
119 2 362 288; 229 158 328 258; 110 2 361 299; 

26\78_78959.jpg
320 400
26 53 276 238; 14 54 278 232; 9 54 276 250; 

26\78_78986.jpg
400 320
36 114 346 206; 38 115 346 204; 37 116 346 209; 

26\78_78993.jpg
400 300
94 9 318 299; 93 14 314 290; 94 14 315 291; 

26\79_79000.jpg
300 400
42 21 227 323; 37 148 271 336; 23 18 271 332; 

26\79_79083.jpg
266 400
53 106 214 381; 51 109 211 332; 51 109 230 398; 

26\79_79084.jpg
399 387
47 63 354 320; 47 64 356 313; 48 64 354 318; 

26\79_79085.jpg
400 400
104 91 264 349; 134 91 264 312; 136 92 266 311; 

26\79_79090.jpg
400 278
118 78 326 256; 118 78 325 246; 119 78 326 247; 

26\79_79104.jpg
400 272
80 152 307 214; 77 152 308 207; 77 153 307 206; 

26\79_79109.jpg
400 300
28 18 228 258; 29 21 162 238; 28 20 161 238; 

26\79_79121.jpg
400 300
129 6 289 239; 128 12 292 240; 129 14 291 246; 

26\79_79129.jpg
266 400
25 73 227 334; 25 163 230 334; 26 74 228 338; 

26\79_79134.jpg
400 235
150 67 254 197; 151 70 252 194; 152 70 252 125; 

26\79_79149.jpg
400 300
122 7 331 268; 149 27 278 235; 127 1 301 259; 

26\79_79154.jpg
400 300
22 4 304 236; 107 52 303 238; 107 52 302 238; 

26\79_79180.jpg
400 375
126 38 391 347; 122 81 264 336; 121 66 324 347; 

26\79_79187.jpg
300 400
15 176 176 368; 16 181 166 300; 17 180 167 368; 

26\79_79193.jpg
400 399
78 7 328 384; 136 99 264 233; 111 11 299 232; 

26\79_79229.jpg
400 320
79 106 262 232; 164 102 263 207; 80 139 161 232; 

26\79_79231.jpg
311 400
102 136 206 380; 102 138 205 271; 104 139 204 379; 

26\79_79237.jpg
400 300
4 78 373 246; 5 80 370 229; 2 54 369 262; 

26\79_79244.jpg
320 400
68 105 280 311; 62 108 280 311; 59 108 279 311; 

26\79_79248.jpg
377 400
134 61 358 188; 134 61 359 189; 134 62 358 188; 

26\79_79255.jpg
400 332
153 57 372 331; 152 58 372 332; 154 58 372 332; 

26\79_79272.jpg
400 266
44 180 239 263; 47 178 234 258; 50 178 234 258; 

26\79_79280.jpg
400 257
23 49 357 224; 25 48 356 224; 26 49 357 224; 

26\79_79283.jpg
400 320
71 85 262 301; 74 84 264 302; 74 84 262 304; 

26\79_79287.jpg
400 320
32 49 251 168; 29 49 254 171; 29 51 254 169; 

26\79_79291.jpg
400 280
72 26 328 135; 78 26 326 166; 79 26 326 165; 

26\79_79293.jpg
312 400
118 47 279 385; 118 47 277 384; 118 47 278 383; 

26\79_79311.jpg
400 278
138 14 366 194; 138 17 366 159; 139 16 365 159; 

26\79_79312.jpg
400 297
41 92 251 298; 88 91 216 182; 136 101 216 171; 

26\79_79319.jpg
400 304
25 20 241 291; 24 19 244 281; 24 19 243 288; 

26\79_79323.jpg
399 320
38 33 174 297; 40 33 172 300; 42 33 175 299; 

26\79_79327.jpg
400 266
72 78 206 239; 77 80 210 238; 76 81 209 240; 

26\79_79341.jpg
400 274
92 80 373 209; 134 82 368 202; 62 82 371 254; 

26\79_79342.jpg
400 320
150 149 330 238; 153 146 349 290; 81 146 396 291; 

26\79_79407.jpg
266 400
22 209 237 340; 23 212 238 335; 25 212 237 338; 

26\79_79408.jpg
265 400
62 96 211 391; 61 98 215 269; 60 95 213 269; 

26\79_79409.jpg
400 300
79 77 379 269; 82 76 378 268; 81 77 377 269; 

26\79_79424.jpg
400 154
207 5 392 152; 209 6 399 152; 211 6 399 153; 

26\79_79433.jpg
400 344
26 164 184 299; 37 168 179 289; 2 1 179 289; 

26\79_79438.jpg
400 310
45 86 257 183; 46 89 254 179; 45 90 253 213; 

26\79_79440.jpg
400 263
72 56 208 215; 66 53 208 212; 88 64 207 212; 

26\79_79445.jpg
400 319
37 24 318 285; 123 21 315 282; 124 25 315 281; 

26\79_79446.jpg
400 281
156 88 316 252; 159 88 312 252; 158 89 312 251; 

26\79_79470.jpg
314 400
80 84 207 355; 76 86 201 355; 78 82 199 356; 

26\79_79484.jpg
300 400
60 63 279 346; 108 76 279 345; 60 1 278 344; 

26\79_79492.jpg
400 300
66 104 296 292; 178 39 361 232; 172 39 361 231; 

26\79_79493.jpg
400 300
38 79 296 283; 176 94 251 199; 122 78 296 229; 

26\79_79577.jpg
400 332
30 54 274 292; 22 52 273 275; 22 54 274 287; 

26\79_79584.jpg
300 400
30 84 232 319; 30 84 234 318; 30 86 233 317; 

26\79_79608.jpg
349 399
101 47 304 347; 100 48 310 375; 101 46 307 375; 

26\79_79609.jpg
400 266
153 21 396 239; 153 22 397 238; 153 22 396 238; 

26\79_79611.jpg
400 278
29 50 342 213; 34 51 344 211; 34 51 343 212; 

26\79_79621.jpg
400 320
112 120 382 253; 113 121 384 253; 112 121 382 253; 

26\79_79678.jpg
383 400
106 73 309 274; 105 86 307 284; 106 78 301 282; 

26\79_79697.jpg
400 400
48 37 349 281; 117 63 277 227; 117 62 277 226; 

26\79_79698.jpg
400 300
64 5 329 249; 149 109 242 183; 153 98 255 203; 

26\79_79705.jpg
300 400
69 98 219 330; 69 96 221 336; 68 96 221 336; 

26\79_79711.jpg
248 400
35 48 171 318; 37 45 173 315; 36 44 174 347; 

26\79_79722.jpg
266 400
46 17 222 349; 131 254 207 351; 133 248 204 352; 

26\79_79732.jpg
400 265
96 49 262 249; 99 28 288 248; 100 29 287 249; 

26\79_79744.jpg
400 300
102 26 338 254; 103 18 339 267; 139 55 312 222; 

26\79_79799.jpg
400 300
88 34 215 235; 87 32 219 231; 88 32 219 231; 

26\79_79801.jpg
305 400
43 39 251 254; 78 56 258 253; 55 58 252 251; 

26\79_79805.jpg
386 400
125 62 361 286; 129 61 361 286; 126 62 361 286; 

26\79_79808.jpg
334 400
33 64 184 326; 37 64 205 240; 36 63 206 351; 

26\79_79809.jpg
400 300
160 40 376 212; 162 39 378 223; 164 40 381 211; 

26\79_79839.jpg
400 400
47 142 364 379; 22 141 367 379; 19 140 364 378; 

26\79_79852.jpg
399 267
66 48 263 265; 62 49 266 267; 64 49 265 267; 

26\79_79888.jpg
399 288
33 39 264 272; 66 38 233 232; 64 37 235 233; 

26\79_79889.jpg
400 400
49 219 364 348; 51 220 364 343; 49 219 362 347; 

26\79_79959.jpg
400 312
99 11 264 277; 98 12 262 276; 98 12 262 276; 

26\79_79961.jpg
400 297
38 68 278 256; 37 68 278 265; 38 68 277 262; 

26\79_79976.jpg
400 300
46 99 331 300; 68 99 187 202; 68 101 186 204; 

26\80_80006.jpg
400 320
3 59 217 319; 1 61 216 319; 1 61 215 318; 

26\80_80017.jpg
400 266
89 103 211 211; 91 106 206 213; 88 108 205 212; 

26\80_80028.jpg
399 266
68 27 222 240; 65 26 222 238; 65 26 222 240; 

26\80_80033.jpg
399 266
142 46 355 231; 181 97 260 229; 140 45 357 230; 

26\80_80038.jpg
318 399
44 101 302 349; 81 105 287 289; 80 105 287 289; 

26\80_80047.jpg
400 261
56 60 246 178; 56 57 335 179; 56 58 342 179; 

26\80_80051.jpg
400 237
119 19 292 218; 112 16 303 207; 119 19 299 218; 

26\80_80126.jpg
400 400
88 46 328 375; 101 104 325 369; 101 47 323 370; 

26\80_80127.jpg
400 400
102 8 294 356; 104 228 293 358; 103 1 292 358; 

26\80_80146.jpg
400 300
49 51 394 257; 228 126 294 245; 88 19 399 246; 

26\80_80147.jpg
400 298
51 52 350 251; 133 54 324 141; 54 55 348 251; 

26\80_80161.jpg
400 269
4 71 230 229; 72 78 228 220; 75 79 229 218; 

26\80_80162.jpg
400 288
8 54 241 277; 129 55 241 195; 131 55 242 194; 

26\80_80166.jpg
400 320
43 141 224 298; 41 142 214 297; 41 143 228 297; 

26\80_80175.jpg
320 400
21 35 306 286; 18 161 149 286; 22 38 307 288; 

26\80_80176.jpg
400 285
93 50 374 271; 94 49 374 188; 89 49 376 186; 

26\80_80189.jpg
400 295
85 24 318 254; 81 26 262 218; 81 26 315 275; 

26\80_80203.jpg
400 300
37 50 216 225; 38 49 217 224; 37 49 217 222; 

26\80_80209.jpg
400 299
14 45 196 234; 5 44 198 230; 6 44 198 232; 

26\80_80216.jpg
400 300
26 68 304 267; 205 126 268 240; 67 69 303 239; 

26\80_80217.jpg
400 300
50 76 325 260; 220 125 283 245; 86 74 326 244; 

26\80_80218.jpg
400 300
21 62 311 256; 208 117 269 234; 72 62 309 232; 

26\80_80240.jpg
400 266
26 52 385 219; 21 49 257 217; 22 51 389 217; 

26\80_80262.jpg
400 300
181 133 376 276; 181 133 373 274; 181 134 374 271; 

26\80_80272.jpg
400 320
80 65 341 178; 79 68 340 176; 81 69 336 178; 

26\80_80274.jpg
400 271
41 34 209 221; 41 36 226 259; 41 37 216 224; 

26\80_80280.jpg
400 266
10 68 366 226; 19 72 216 230; 11 73 365 232; 

26\80_80321.jpg
400 400
126 68 322 274; 125 70 322 274; 124 69 321 276; 

26\80_80332.jpg
400 355
98 66 370 225; 91 67 369 224; 90 68 371 334; 

26\80_80333.jpg
400 335
36 50 270 296; 39 51 267 294; 39 51 268 294; 

26\80_80334.jpg
400 266
107 53 273 220; 110 53 273 216; 110 53 271 215; 

26\80_80337.jpg
400 266
19 47 365 219; 21 48 365 149; 19 48 364 222; 

26\80_80342.jpg
400 289
74 36 311 227; 76 36 312 228; 74 36 312 227; 

26\80_80363.jpg
366 400
98 79 258 336; 100 81 253 336; 99 81 252 342; 

26\80_80376.jpg
400 266
98 22 266 234; 132 22 267 153; 98 23 266 250; 

26\80_80377.jpg
400 262
13 72 378 209; 10 74 180 181; 12 74 381 185; 

26\80_80381.jpg
400 266
138 52 342 260; 139 54 308 266; 139 55 398 266; 

26\80_80398.jpg
299 400
99 156 291 337; 101 162 292 341; 100 161 291 336; 

26\80_80442.jpg
321 400
117 25 285 394; 119 25 249 214; 121 27 282 396; 

26\80_80449.jpg
400 354
83 29 306 314; 79 30 295 287; 79 29 295 287; 

26\80_80457.jpg
400 300
58 18 301 294; 61 19 292 293; 61 19 299 292; 

26\80_80498.jpg
285 400
20 20 276 258; 15 20 188 136; 11 21 186 181; 

26\80_80499.jpg
400 266
98 4 298 262; 98 5 327 238; 98 5 325 259; 

26\80_80504.jpg
400 285
61 8 317 262; 60 7 301 266; 62 6 302 264; 

26\80_80507.jpg
400 266
128 34 294 233; 135 34 287 232; 124 34 286 232; 

26\80_80510.jpg
400 266
9 132 366 249; 26 133 354 199; 10 121 369 246; 

26\80_80519.jpg
400 320
112 75 306 259; 92 73 210 199; 93 72 302 258; 

26\80_80528.jpg
400 344
19 15 261 260; 17 14 262 268; 17 16 264 263; 

26\80_80534.jpg
400 281
63 37 325 221; 94 36 301 218; 94 35 301 219; 

26\80_80543.jpg
316 399
139 137 241 312; 140 138 246 311; 143 136 247 314; 

26\80_80546.jpg
400 266
44 60 356 238; 208 102 362 230; 41 58 358 229; 

26\80_80548.jpg
400 306
38 99 346 251; 172 103 351 211; 35 104 356 281; 

26\80_80552.jpg
400 266
145 51 304 244; 144 52 306 244; 144 52 304 244; 

26\80_80553.jpg
400 266
30 26 291 249; 90 97 208 186; 44 29 212 184; 

26\80_80554.jpg
400 266
57 34 286 262; 161 33 278 121; 158 34 277 117; 

26\80_80555.jpg
266 400
31 54 201 344; 68 54 202 245; 25 55 201 322; 

26\80_80557.jpg
400 266
42 68 349 248; 191 69 347 181; 169 70 346 205; 

26\80_80562.jpg
266 400
84 69 184 318; 84 72 182 320; 83 72 182 319; 

26\80_80563.jpg
400 266
6 28 353 204; 218 32 352 200; 1 28 352 210; 

26\80_80567.jpg
400 266
142 40 299 266; 142 36 301 266; 143 36 300 266; 

26\80_80593.jpg
266 400
104 95 210 218; 109 101 208 215; 103 101 208 215; 

26\80_80595.jpg
400 263
49 5 209 250; 49 8 213 257; 50 8 212 257; 

26\80_80607.jpg
400 266
127 22 285 137; 124 25 279 135; 127 26 398 256; 

26\80_80613.jpg
400 320
9 146 374 276; 32 155 375 271; 32 155 375 272; 

26\80_80624.jpg
400 308
48 35 317 275; 110 117 337 231; 37 17 325 275; 

26\80_80638.jpg
400 264
49 52 233 207; 39 54 231 204; 40 54 231 203; 

26\80_80642.jpg
285 400
24 36 262 292; 48 184 262 292; 23 34 262 291; 

26\80_80652.jpg
399 300
121 156 223 300; 128 158 220 300; 122 160 219 298; 

26\80_80655.jpg
291 399
17 28 255 236; 59 149 255 233; 3 31 286 233; 

26\80_80657.jpg
280 400
105 216 278 352; 105 216 278 351; 108 216 276 398; 

26\80_80694.jpg
400 209
109 84 291 206; 99 84 301 209; 98 84 299 208; 

26\80_80715.jpg
400 299
165 50 396 274; 166 48 398 274; 168 48 398 273; 

26\80_80719.jpg
321 400
46 256 279 383; 53 253 264 302; 41 253 278 385; 

26\80_80720.jpg
399 279
16 11 147 209; 1 0 148 210; 1 1 150 209; 

26\80_80739.jpg
400 300
119 30 372 258; 118 31 353 245; 119 31 373 271; 

26\80_80760.jpg
266 400
48 19 245 239; 63 19 199 237; 17 17 251 235; 

26\80_80802.jpg
400 265
68 41 228 262; 66 34 232 266; 78 55 224 262; 

26\80_80805.jpg
400 266
162 88 332 192; 147 97 327 195; 144 97 324 201; 

26\80_80806.jpg
400 265
28 45 268 251; 29 41 259 204; 31 106 254 204; 

26\80_80821.jpg
300 400
50 58 245 396; 33 55 252 286; 49 60 242 399; 

26\80_80829.jpg
400 300
6 44 375 170; 2 46 374 165; 2 48 372 169; 

26\80_80831.jpg
400 390
49 74 382 329; 114 76 384 338; 142 208 268 331; 

26\80_80834.jpg
400 300
101 0 399 229; 108 0 399 232; 107 1 398 235; 

26\80_80849.jpg
400 266
37 102 388 222; 41 107 387 222; 41 107 385 221; 

26\80_80852.jpg
400 300
0 102 267 283; 11 109 253 274; 2 100 268 291; 

26\80_80855.jpg
399 349
167 227 344 306; 169 229 344 301; 170 230 343 300; 

26\80_80861.jpg
400 300
111 7 356 275; 174 115 322 256; 159 5 322 255; 

26\80_80869.jpg
400 266
44 54 393 226; 116 84 220 182; 44 54 398 223; 

26\80_80870.jpg
400 331
58 21 368 257; 59 148 364 256; 61 27 371 254; 

26\80_80882.jpg
400 384
44 104 324 356; 40 164 279 362; 43 9 350 362; 

26\80_80884.jpg
300 400
24 54 281 260; 49 55 223 177; 22 56 282 346; 

26\80_80886.jpg
400 300
38 11 272 250; 38 58 126 191; 38 9 196 251; 

26\80_80887.jpg
400 300
42 42 269 261; 41 44 271 264; 42 42 269 262; 

26\80_80890.jpg
400 320
199 30 394 279; 189 38 397 278; 188 36 398 278; 

26\80_80891.jpg
400 300
208 22 360 187; 201 26 358 176; 206 29 354 178; 

26\80_80923.jpg
400 266
98 4 290 235; 101 45 268 237; 99 0 267 239; 

26\80_80933.jpg
400 274
74 1 288 258; 91 53 266 260; 75 1 266 259; 

26\80_80940.jpg
378 400
85 27 324 371; 136 233 362 372; 149 231 285 371; 

26\80_80949.jpg
266 400
55 46 224 389; 53 48 218 400; 54 48 220 400; 

26\80_80968.jpg
398 400
34 66 361 340; 96 64 233 304; 31 64 376 353; 

26\80_80969.jpg
398 400
27 50 317 278; 96 114 302 266; 98 109 303 266; 

26\80_80992.jpg
400 266
58 31 314 239; 58 42 162 233; 81 47 161 195; 

26\80_80996.jpg
400 320
7 26 278 216; 66 27 280 215; 66 24 279 214; 

