329

30\90_90003.jpg
400 300
49 26 334 248; 48 27 344 249; 49 27 342 249; 

30\90_90025.jpg
400 301
132 122 208 289; 134 123 209 289; 134 126 207 171; 

30\90_90027.jpg
351 399
88 65 278 350; 79 69 286 350; 99 73 263 347; 

30\90_90032.jpg
400 295
131 88 249 203; 134 91 240 209; 134 90 242 208; 

30\90_90036.jpg
400 305
117 108 304 246; 116 109 303 248; 119 109 302 248; 

30\90_90037.jpg
400 342
116 26 376 330; 133 112 291 259; 131 48 376 308; 

30\90_90039.jpg
400 293
110 15 252 259; 112 16 251 259; 115 15 251 257; 

30\90_90072.jpg
400 320
158 36 384 286; 149 38 384 284; 151 38 385 284; 

30\90_90073.jpg
400 320
74 90 339 167; 77 89 333 165; 76 89 333 164; 

30\90_90075.jpg
400 320
47 52 288 149; 49 52 285 148; 46 52 286 148; 

30\90_90079.jpg
400 266
34 113 166 218; 34 112 166 215; 35 112 167 216; 

30\90_90080.jpg
400 266
36 30 324 221; 213 29 321 221; 214 31 330 92; 

30\90_90085.jpg
320 400
31 41 222 316; 44 42 224 236; 29 42 224 322; 

30\90_90087.jpg
400 320
11 2 231 310; 82 124 226 264; 14 2 224 264; 

30\90_90090.jpg
400 267
152 31 392 259; 157 35 399 265; 156 36 398 266; 

30\90_90093.jpg
399 265
170 59 276 229; 168 26 283 219; 168 26 283 221; 

30\90_90105.jpg
400 301
84 82 296 241; 86 118 229 206; 88 118 230 207; 

30\90_90110.jpg
320 400
94 66 314 328; 101 66 262 210; 102 66 262 209; 

30\90_90111.jpg
302 400
41 58 194 206; 43 61 188 206; 43 8 188 204; 

30\90_90119.jpg
260 195
30 34 240 174; 29 36 245 175; 30 35 244 176; 

30\90_90127.jpg
400 300
72 71 391 286; 203 126 390 288; 76 96 390 287; 

30\90_90128.jpg
400 300
43 29 322 251; 93 53 298 212; 149 52 298 213; 

30\90_90130.jpg
400 300
194 86 381 290; 249 87 381 293; 250 87 379 294; 

30\90_90135.jpg
262 400
71 61 219 281; 67 70 220 281; 68 69 219 280; 

30\90_90152.jpg
400 233
88 21 298 229; 82 31 318 196; 89 39 310 160; 

30\90_90156.jpg
400 266
114 78 363 260; 111 79 372 241; 110 80 399 266; 

30\90_90174.jpg
400 267
148 54 388 214; 151 61 399 215; 151 61 398 266; 

30\90_90177.jpg
264 400
28 3 182 244; 62 48 178 238; 27 3 176 151; 

30\90_90179.jpg
329 400
100 257 330 398; 115 267 327 382; 115 266 327 398; 

30\90_90181.jpg
400 357
76 30 388 261; 75 34 397 259; 108 52 358 250; 

30\90_90205.jpg
319 399
133 20 242 397; 128 27 243 394; 129 19 242 394; 

30\90_90218.jpg
300 400
62 39 254 218; 72 42 245 214; 69 44 246 214; 

30\90_90222.jpg
300 400
81 123 274 320; 104 148 247 312; 104 149 248 314; 

30\90_90238.jpg
400 305
24 14 264 241; 78 4 202 230; 8 4 254 238; 

30\90_90245.jpg
399 267
18 90 337 242; 56 89 278 181; 58 89 274 179; 

30\90_90250.jpg
400 300
111 92 281 214; 113 93 282 213; 112 94 282 214; 

30\90_90279.jpg
400 268
191 29 391 161; 195 33 397 161; 193 6 398 160; 

30\90_90282.jpg
324 400
12 134 269 362; 44 142 197 289; 138 11 303 266; 

30\90_90287.jpg
300 400
76 96 300 344; 78 98 298 347; 78 98 298 346; 

30\90_90292.jpg
399 282
115 22 385 250; 139 79 229 226; 118 15 367 244; 

30\90_90294.jpg
400 400
127 59 396 236; 146 104 366 178; 126 61 391 234; 

30\90_90306.jpg
399 300
45 75 205 281; 45 77 202 281; 44 75 201 279; 

30\90_90310.jpg
307 399
93 26 297 383; 109 25 289 270; 188 24 260 142; 

30\90_90314.jpg
400 247
58 62 359 199; 62 64 381 207; 62 66 157 181; 

30\90_90320.jpg
277 400
22 50 269 269; 61 52 261 232; 41 51 263 233; 

30\90_90325.jpg
400 299
42 7 274 261; 76 69 236 250; 80 4 257 250; 

30\90_90328.jpg
400 299
109 15 334 258; 162 19 296 200; 161 18 296 201; 

30\90_90342.jpg
400 265
78 53 296 241; 78 56 296 242; 78 54 296 244; 

30\90_90343.jpg
400 265
84 19 282 256; 101 21 279 156; 195 26 279 135; 

30\90_90346.jpg
400 265
118 30 311 217; 111 14 314 219; 114 12 311 221; 

30\90_90353.jpg
247 400
12 206 153 394; 22 216 149 399; 1 217 149 399; 

30\90_90354.jpg
400 266
12 18 239 258; 16 27 239 266; 16 24 239 266; 

30\90_90356.jpg
400 266
190 23 380 225; 192 22 381 208; 193 24 380 208; 

30\90_90378.jpg
400 298
231 30 320 270; 231 32 309 271; 232 29 304 269; 

30\90_90379.jpg
323 400
68 93 251 351; 69 141 250 351; 69 94 249 399; 

30\90_90381.jpg
343 400
46 32 286 352; 28 12 202 373; 29 9 201 384; 

30\90_90382.jpg
400 266
100 61 329 261; 109 51 322 261; 143 77 236 169; 

30\90_90390.jpg
300 400
72 49 239 393; 69 45 239 397; 71 44 238 396; 

30\90_90392.jpg
399 289
84 35 317 271; 86 36 318 269; 84 35 318 269; 

30\90_90393.jpg
400 266
136 141 274 251; 132 138 274 250; 136 137 274 251; 

30\90_90395.jpg
400 299
20 61 201 298; 18 60 202 299; 82 61 146 146; 

30\90_90398.jpg
400 299
148 23 291 294; 153 59 290 209; 143 29 288 208; 

30\90_90399.jpg
400 299
102 27 251 249; 104 77 223 246; 106 73 224 247; 

30\90_90400.jpg
400 266
102 14 234 216; 106 13 203 218; 104 14 202 219; 

30\90_90404.jpg
400 299
38 60 302 296; 35 59 251 269; 35 60 252 268; 

30\90_90406.jpg
318 400
154 44 276 337; 156 44 277 328; 154 43 278 324; 

30\90_90407.jpg
400 299
88 24 248 215; 87 24 249 214; 87 24 249 214; 

30\90_90408.jpg
337 400
114 162 316 324; 134 164 321 289; 136 164 321 288; 

30\90_90423.jpg
400 297
78 22 282 298; 81 24 278 162; 78 23 281 296; 

30\90_90430.jpg
400 268
88 85 331 153; 88 96 328 156; 90 98 329 154; 

30\90_90433.jpg
400 327
159 34 324 309; 161 34 376 248; 187 34 372 328; 

30\90_90434.jpg
400 286
18 151 320 282; 10 149 322 284; 9 148 322 283; 

30\90_90435.jpg
400 400
94 22 359 369; 169 76 356 298; 131 26 354 298; 

30\90_90446.jpg
400 311
164 8 370 302; 164 101 312 263; 114 1 399 310; 

30\90_90453.jpg
295 400
22 10 144 362; 19 8 147 388; 18 8 147 393; 

30\90_90454.jpg
400 400
234 10 298 308; 237 9 301 311; 238 10 298 308; 

30\90_90467.jpg
399 300
136 18 372 300; 157 45 365 278; 157 2 370 278; 

30\90_90473.jpg
400 316
94 60 298 191; 95 62 299 191; 95 63 298 192; 

30\90_90480.jpg
400 269
21 19 172 136; 21 23 168 136; 22 22 168 137; 

30\90_90482.jpg
299 400
62 32 298 262; 62 32 272 261; 61 31 297 261; 

30\90_90483.jpg
299 400
149 22 268 126; 148 21 266 122; 150 23 282 218; 

30\90_90486.jpg
400 339
143 62 379 288; 144 65 378 264; 145 67 377 292; 

30\90_90487.jpg
400 258
54 156 241 211; 63 154 243 205; 64 155 244 204; 

30\90_90496.jpg
400 371
76 135 368 364; 95 143 369 346; 87 144 369 371; 

30\90_90502.jpg
400 313
108 118 306 312; 146 149 308 314; 147 151 306 313; 

30\90_90503.jpg
400 258
93 51 236 169; 89 53 232 170; 93 54 232 167; 

30\90_90518.jpg
400 353
18 74 270 211; 75 130 399 275; 72 106 372 266; 

30\90_90528.jpg
400 266
12 16 212 219; 4 82 389 175; 10 83 389 172; 

30\90_90553.jpg
333 400
37 42 296 345; 48 154 280 342; 37 42 295 342; 

30\90_90554.jpg
400 399
52 29 329 371; 54 29 329 374; 54 30 328 373; 

30\90_90558.jpg
400 300
134 9 366 245; 182 19 376 253; 4 19 400 240; 

30\90_90567.jpg
253 400
36 37 232 268; 40 33 232 269; 41 34 231 268; 

30\90_90575.jpg
266 400
50 41 199 232; 62 46 198 231; 63 47 152 161; 

30\90_90578.jpg
400 266
114 6 300 225; 109 11 301 226; 109 15 298 226; 

30\90_90580.jpg
301 400
38 35 264 260; 38 34 262 259; 39 36 262 258; 

30\90_90585.jpg
400 320
131 134 380 292; 133 136 382 289; 132 116 379 291; 

30\90_90590.jpg
400 266
51 58 325 231; 74 122 299 212; 50 59 325 266; 

30\90_90614.jpg
400 266
26 12 220 261; 23 13 217 209; 25 13 216 209; 

30\90_90618.jpg
400 266
38 7 223 247; 49 9 219 244; 50 9 222 246; 

30\90_90620.jpg
400 266
17 63 299 261; 88 63 299 171; 90 63 299 209; 

30\90_90621.jpg
266 400
99 72 249 394; 95 70 251 399; 96 70 236 263; 

30\90_90626.jpg
400 266
63 56 278 253; 62 60 277 256; 64 60 275 256; 

30\90_90627.jpg
400 266
151 7 394 260; 155 12 327 189; 156 12 313 187; 

30\90_90628.jpg
350 286
15 36 259 236; 18 35 271 247; 12 34 269 248; 

30\90_90629.jpg
319 400
91 41 285 296; 89 42 219 259; 93 41 277 271; 

30\90_90631.jpg
400 265
114 50 330 238; 124 86 316 223; 126 51 316 235; 

30\90_90635.jpg
387 400
75 11 225 228; 74 13 226 218; 74 13 226 215; 

30\90_90638.jpg
320 400
112 32 224 387; 114 38 219 381; 107 36 226 380; 

30\90_90639.jpg
267 400
96 65 184 361; 95 69 183 355; 88 68 187 355; 

30\90_90640.jpg
400 320
115 56 290 307; 123 60 289 302; 115 61 287 303; 

30\90_90643.jpg
400 248
225 61 379 227; 228 65 376 224; 227 62 375 223; 

30\90_90652.jpg
300 400
39 56 203 384; 33 55 209 400; 31 54 208 399; 

30\90_90653.jpg
300 400
60 12 229 351; 72 83 226 248; 66 6 226 248; 

30\90_90658.jpg
399 352
32 34 355 210; 33 32 358 209; 34 34 357 208; 

30\90_90659.jpg
400 266
72 72 182 226; 70 72 181 224; 71 72 180 224; 

30\90_90674.jpg
400 286
73 49 238 259; 73 46 237 264; 76 48 237 261; 

30\90_90723.jpg
360 288
44 28 310 258; 45 31 308 256; 29 28 308 256; 

30\90_90726.jpg
400 266
91 44 341 137; 91 46 341 134; 92 45 341 134; 

30\90_90727.jpg
285 400
74 90 199 290; 89 92 200 220; 88 92 198 219; 

30\90_90728.jpg
300 400
102 170 230 382; 63 16 292 372; 100 153 236 383; 

30\90_90741.jpg
360 288
160 9 326 269; 158 17 328 273; 159 16 318 272; 

30\90_90753.jpg
400 266
136 52 290 134; 98 53 290 199; 138 54 288 136; 

30\90_90771.jpg
400 300
137 66 278 227; 134 68 281 226; 132 68 280 223; 

30\90_90783.jpg
400 335
6 136 397 284; 6 136 392 198; 4 136 394 279; 

30\90_90794.jpg
400 267
41 84 368 258; 44 84 366 191; 41 85 366 267; 

30\90_90798.jpg
400 266
96 62 294 174; 91 62 295 174; 94 40 296 174; 

30\90_90800.jpg
400 266
120 59 333 182; 120 59 334 179; 120 59 334 181; 

30\90_90802.jpg
400 266
56 68 325 253; 94 69 326 251; 58 32 325 251; 

30\90_90803.jpg
400 266
114 29 238 214; 115 28 238 238; 116 28 322 237; 

30\90_90804.jpg
400 266
36 66 378 244; 34 72 376 241; 34 1 374 240; 

30\90_90818.jpg
400 261
58 48 331 224; 158 66 292 219; 58 46 328 225; 

30\90_90824.jpg
400 320
18 94 378 280; 111 93 287 282; 111 93 380 280; 

30\90_90829.jpg
309 400
26 66 279 344; 91 102 258 244; 22 66 281 350; 

30\90_90840.jpg
400 224
69 12 312 209; 176 12 316 199; 62 12 314 204; 

30\90_90849.jpg
400 302
166 98 351 265; 172 99 344 252; 171 101 341 257; 

30\90_90859.jpg
400 302
25 44 208 244; 28 44 207 243; 29 43 207 244; 

30\90_90860.jpg
400 300
42 17 364 228; 56 61 353 185; 41 19 364 226; 

30\90_90883.jpg
400 266
43 18 306 254; 46 3 297 235; 50 6 291 238; 

30\90_90887.jpg
281 400
44 167 257 374; 43 164 254 375; 45 166 252 371; 

30\90_90926.jpg
300 400
57 8 246 377; 74 27 227 366; 56 8 246 382; 

30\90_90959.jpg
400 246
13 114 182 205; 15 122 181 202; 17 123 181 203; 

30\90_90987.jpg
400 285
58 38 359 233; 59 76 357 234; 58 39 357 234; 

30\90_90993.jpg
400 284
100 56 276 200; 103 97 230 174; 21 56 287 226; 

30\91_91015.jpg
399 386
18 166 388 356; 18 169 384 354; 14 168 388 354; 

30\91_91016.jpg
400 292
26 98 241 255; 26 100 241 256; 26 100 241 255; 

30\91_91023.jpg
400 300
179 4 384 296; 179 41 378 300; 176 83 378 299; 

30\91_91027.jpg
400 310
99 82 351 254; 104 84 351 245; 98 87 350 245; 

30\91_91042.jpg
400 274
139 68 342 251; 137 68 341 244; 138 69 340 245; 

30\91_91045.jpg
400 266
157 130 324 265; 157 128 324 266; 158 129 324 266; 

30\91_91073.jpg
400 381
9 159 198 328; 8 158 200 329; 8 158 199 327; 

30\91_91094.jpg
400 288
228 6 379 287; 226 4 382 288; 227 4 382 286; 

30\91_91116.jpg
400 266
168 39 392 216; 169 41 392 217; 171 42 391 216; 

30\91_91158.jpg
400 301
8 96 392 207; 4 103 375 172; 0 92 399 206; 

30\91_91187.jpg
400 391
39 16 362 224; 40 34 359 222; 34 34 367 232; 

30\91_91198.jpg
382 400
13 123 291 344; 12 127 289 341; 9 125 288 343; 

30\91_91223.jpg
330 400
58 222 270 312; 58 129 270 312; 58 220 272 312; 

30\91_91229.jpg
266 400
49 29 222 366; 51 28 221 272; 71 30 190 175; 

30\91_91230.jpg
266 400
8 16 237 258; 84 68 238 258; 71 16 218 190; 

30\91_91233.jpg
260 400
18 9 176 373; 17 8 177 374; 66 9 174 121; 

30\91_91312.jpg
400 321
131 3 393 249; 75 14 251 238; 73 14 274 238; 

30\91_91320.jpg
400 266
31 41 295 265; 35 43 278 266; 39 42 143 191; 

30\91_91321.jpg
266 400
64 40 220 290; 76 56 223 262; 71 57 224 259; 

30\91_91325.jpg
266 400
38 27 224 357; 38 21 240 350; 40 22 168 173; 

30\91_91356.jpg
266 400
3 102 248 331; 4 103 232 265; 1 103 233 284; 

30\91_91381.jpg
266 400
59 45 226 391; 64 47 230 285; 86 46 187 162; 

30\91_91389.jpg
270 400
49 64 207 347; 84 66 208 351; 104 64 169 132; 

30\91_91391.jpg
400 270
133 54 231 261; 132 52 228 264; 132 51 229 265; 

30\91_91392.jpg
400 270
36 15 207 262; 34 53 217 264; 57 5 181 150; 

30\91_91396.jpg
270 400
52 116 215 351; 25 118 216 351; 24 116 216 352; 

30\91_91397.jpg
400 300
54 28 377 230; 52 91 328 226; 56 18 399 227; 

30\91_91452.jpg
399 317
126 123 264 279; 128 124 266 268; 130 123 266 278; 

30\91_91453.jpg
400 300
138 39 271 295; 137 39 252 287; 138 40 284 300; 

30\91_91457.jpg
400 268
65 81 241 260; 66 82 239 262; 65 82 239 262; 

30\91_91459.jpg
400 302
188 16 329 281; 189 16 328 281; 190 18 328 281; 

30\91_91489.jpg
328 399
91 57 226 393; 95 56 223 400; 91 54 224 399; 

30\91_91491.jpg
400 272
186 31 325 187; 188 33 325 186; 189 32 324 187; 

30\91_91531.jpg
320 400
44 90 174 244; 40 89 176 254; 40 89 176 253; 

30\91_91584.jpg
271 400
79 16 187 352; 80 15 187 396; 81 15 187 163; 

30\91_91585.jpg
268 400
64 40 198 210; 65 41 199 210; 64 41 198 209; 

30\91_91603.jpg
400 266
88 66 218 265; 88 72 219 261; 88 73 221 264; 

30\91_91635.jpg
400 300
151 71 260 234; 151 73 262 233; 152 72 262 232; 

30\91_91636.jpg
400 320
106 24 371 296; 176 23 370 141; 200 24 369 190; 

30\91_91646.jpg
400 376
108 128 269 294; 107 128 269 292; 109 128 268 291; 

30\91_91650.jpg
400 345
104 77 284 297; 105 77 287 259; 114 81 279 302; 

30\91_91651.jpg
380 400
68 38 331 348; 66 35 335 283; 86 49 303 257; 

30\91_91661.jpg
400 300
62 48 343 242; 118 61 344 229; 8 38 343 241; 

30\91_91665.jpg
400 295
152 3 244 293; 154 4 241 295; 154 2 242 292; 

30\91_91670.jpg
400 300
86 81 309 277; 85 74 314 275; 85 74 314 276; 

30\91_91678.jpg
400 266
70 23 349 251; 53 22 351 252; 77 21 351 256; 

30\91_91679.jpg
400 301
57 42 339 235; 68 51 321 231; 69 49 321 229; 

30\91_91680.jpg
400 300
75 64 295 217; 76 67 294 213; 78 67 292 213; 

30\91_91681.jpg
400 300
107 41 293 178; 110 39 289 177; 108 40 290 178; 

30\91_91682.jpg
400 300
79 80 302 237; 81 82 301 236; 81 82 301 236; 

30\91_91705.jpg
300 400
32 72 262 371; 84 86 219 309; 85 88 218 311; 

30\91_91715.jpg
400 300
108 99 325 239; 101 101 344 258; 112 99 318 239; 

30\91_91717.jpg
400 300
47 32 276 274; 51 31 278 274; 48 32 276 274; 

30\91_91729.jpg
400 300
26 48 360 246; 16 50 361 216; 9 49 361 300; 

30\91_91731.jpg
300 400
21 32 277 254; 10 27 194 294; 12 26 281 293; 

30\91_91732.jpg
400 300
191 94 363 259; 192 96 361 259; 192 96 358 258; 

30\91_91746.jpg
400 266
242 56 358 236; 242 58 357 232; 273 58 312 179; 

30\91_91747.jpg
400 384
125 57 349 335; 124 58 281 324; 125 58 349 331; 

30\91_91750.jpg
400 260
20 75 354 226; 155 77 356 200; 24 78 356 198; 

30\91_91757.jpg
260 400
72 62 231 358; 72 63 244 242; 73 63 238 242; 

30\91_91759.jpg
400 265
35 61 309 265; 29 59 326 265; 39 60 324 264; 

30\91_91764.jpg
400 266
33 12 254 255; 56 15 190 216; 57 15 194 216; 

30\91_91771.jpg
272 400
38 59 236 325; 35 60 250 378; 38 108 226 379; 

30\91_91776.jpg
320 400
98 70 305 397; 106 136 305 358; 102 61 303 358; 

30\91_91809.jpg
400 266
106 2 305 189; 104 48 307 182; 108 2 306 181; 

30\91_91812.jpg
400 266
149 94 398 217; 147 88 356 220; 148 89 399 227; 

30\91_91833.jpg
301 399
73 20 218 202; 22 19 268 326; 70 19 209 193; 

30\91_91838.jpg
400 283
19 54 329 206; 18 52 329 200; 18 54 328 199; 

30\91_91851.jpg
400 298
71 76 391 265; 69 77 383 241; 71 77 395 269; 

30\91_91853.jpg
286 400
122 113 248 369; 119 115 249 365; 121 115 249 369; 

30\91_91884.jpg
400 291
219 135 334 276; 234 134 334 264; 238 136 334 263; 

30\91_91894.jpg
399 310
36 54 297 200; 33 87 180 200; 34 27 207 198; 

30\91_91895.jpg
400 300
94 69 333 264; 117 72 334 264; 73 25 333 264; 

30\91_91897.jpg
400 300
40 21 276 286; 91 21 272 185; 91 22 274 185; 

30\91_91921.jpg
400 293
25 82 271 266; 24 83 209 234; 25 82 241 234; 

30\91_91944.jpg
292 400
32 36 234 378; 75 109 213 222; 76 107 213 223; 

30\91_91953.jpg
307 400
76 72 223 378; 81 78 229 377; 77 71 229 378; 

30\92_92011.jpg
367 399
37 23 342 189; 43 21 341 173; 42 22 339 177; 

30\92_92019.jpg
317 400
46 63 266 372; 49 67 266 369; 49 65 266 369; 

30\92_92022.jpg
400 266
0 36 263 211; 44 36 248 168; 1 35 266 266; 

30\92_92053.jpg
266 400
110 191 264 272; 110 192 266 274; 108 192 266 266; 

30\92_92055.jpg
380 400
151 3 251 389; 163 81 241 391; 156 1 265 391; 

30\92_92058.jpg
355 400
16 24 351 270; 96 107 294 221; 1 24 354 268; 

30\92_92059.jpg
400 300
47 32 341 266; 49 31 267 266; 49 31 342 264; 

30\92_92066.jpg
400 300
98 18 301 247; 95 114 303 251; 97 16 303 248; 

30\92_92067.jpg
400 300
151 4 361 153; 152 1 361 150; 152 0 360 149; 

30\92_92078.jpg
400 276
21 124 206 225; 25 56 204 222; 25 52 203 223; 

30\92_92088.jpg
400 320
68 10 343 266; 77 15 332 224; 81 13 356 284; 

30\92_92090.jpg
400 298
244 42 342 247; 231 44 339 257; 231 42 339 257; 

30\92_92099.jpg
338 400
37 129 337 347; 32 129 193 319; 32 128 194 323; 

30\92_92109.jpg
296 400
24 45 277 318; 79 49 247 245; 56 32 246 245; 

30\92_92113.jpg
399 267
54 69 363 227; 54 73 279 225; 55 70 358 228; 

30\92_92129.jpg
400 346
46 59 252 346; 48 86 252 318; 48 82 252 320; 

30\92_92133.jpg
400 288
91 3 325 205; 95 5 325 202; 94 3 325 202; 

30\92_92143.jpg
227 400
12 31 210 176; 14 32 208 180; 14 32 208 179; 

30\92_92150.jpg
400 299
187 41 332 294; 192 41 339 257; 192 41 338 281; 

30\92_92154.jpg
400 320
25 109 231 206; 25 111 232 204; 25 111 231 203; 

30\92_92173.jpg
399 265
88 4 322 265; 89 55 317 266; 143 57 247 189; 

30\92_92176.jpg
400 253
36 18 262 244; 36 20 262 168; 34 19 263 165; 

30\92_92179.jpg
277 400
85 28 266 351; 89 30 268 361; 89 28 268 364; 

30\92_92208.jpg
400 266
19 89 278 171; 22 94 278 166; 21 94 278 168; 

30\92_92212.jpg
399 398
97 49 339 387; 119 52 336 215; 116 52 334 387; 

30\92_92216.jpg
400 260
28 82 136 228; 28 79 137 229; 29 72 138 229; 

30\92_92237.jpg
400 266
102 76 259 224; 128 75 258 199; 131 74 258 199; 

30\92_92238.jpg
400 300
45 32 234 260; 44 33 234 249; 46 34 276 283; 

30\92_92253.jpg
400 266
8 11 225 258; 4 11 225 266; 1 12 225 265; 

30\92_92269.jpg
351 399
93 96 223 308; 95 96 226 304; 96 95 226 305; 

30\92_92278.jpg
300 400
17 74 209 369; 28 59 251 264; 28 59 249 287; 

30\92_92284.jpg
400 285
262 52 361 270; 266 52 362 266; 261 52 361 266; 

30\92_92287.jpg
400 268
114 33 363 263; 119 37 362 265; 119 38 363 265; 

30\92_92300.jpg
400 299
129 88 373 299; 127 88 395 299; 126 88 396 299; 

30\92_92303.jpg
400 300
108 76 356 199; 109 76 358 200; 107 78 359 198; 

30\92_92306.jpg
400 320
167 52 344 280; 173 56 344 277; 169 56 346 278; 

30\92_92312.jpg
400 300
39 89 229 281; 40 91 227 276; 39 90 225 273; 

30\92_92313.jpg
400 369
176 6 382 362; 172 8 385 363; 197 6 317 156; 

30\92_92334.jpg
400 286
114 33 354 275; 101 33 354 284; 193 34 290 185; 

30\92_92352.jpg
400 241
68 66 391 238; 71 67 390 238; 71 67 391 239; 

30\92_92358.jpg
400 300
15 73 399 228; 43 121 397 226; 28 101 398 224; 

30\92_92374.jpg
400 388
140 6 237 330; 138 2 255 329; 138 4 238 331; 

30\92_92375.jpg
400 266
194 8 265 231; 193 2 274 232; 193 1 254 226; 

30\92_92376.jpg
400 300
90 50 298 236; 95 47 324 297; 93 53 304 296; 

30\92_92382.jpg
300 400
16 69 169 387; 16 68 170 384; 16 69 171 386; 

30\92_92400.jpg
400 400
8 22 284 361; 47 64 243 361; 65 66 245 239; 

30\92_92411.jpg
400 308
57 98 267 241; 142 101 261 233; 19 43 320 245; 

30\92_92419.jpg
265 399
65 219 185 393; 69 218 193 367; 68 219 192 367; 

30\92_92428.jpg
349 400
89 33 302 326; 92 34 302 306; 14 35 301 382; 

30\92_92431.jpg
400 400
93 90 314 371; 112 89 319 199; 111 89 317 198; 

30\92_92435.jpg
399 320
106 32 323 314; 103 30 346 320; 102 30 322 269; 

30\92_92475.jpg
320 400
75 56 299 313; 14 56 270 158; 9 55 271 160; 

30\92_92481.jpg
400 311
102 76 313 237; 162 71 302 221; 160 74 299 235; 

30\92_92495.jpg
400 325
85 32 329 281; 136 84 280 246; 136 84 282 245; 

30\92_92496.jpg
400 303
21 78 219 247; 78 79 223 229; 93 81 223 204; 

30\92_92499.jpg
400 283
148 51 371 251; 149 56 387 252; 149 56 386 250; 

30\92_92502.jpg
400 300
51 26 321 270; 144 84 321 269; 53 27 293 234; 

30\92_92517.jpg
400 396
48 51 338 369; 50 50 340 368; 51 48 341 365; 

30\92_92548.jpg
400 270
20 11 256 248; 65 12 222 263; 18 12 255 240; 

30\92_92552.jpg
342 400
9 118 328 329; 29 124 325 314; 27 120 334 320; 

30\92_92558.jpg
280 400
47 23 224 372; 49 28 228 369; 47 28 227 375; 

30\92_92577.jpg
400 300
122 32 320 246; 120 31 317 241; 120 32 317 246; 

30\92_92607.jpg
400 268
1 79 202 264; 1 81 192 214; 1 80 199 266; 

30\92_92608.jpg
400 375
49 15 366 291; 52 151 272 289; 50 14 358 292; 

30\92_92615.jpg
400 266
62 10 294 249; 140 96 249 241; 149 2 240 192; 

30\92_92616.jpg
400 276
106 124 318 263; 124 127 293 248; 97 126 318 262; 

30\92_92619.jpg
400 332
75 21 315 318; 73 119 316 319; 58 21 319 319; 

30\92_92621.jpg
400 300
60 124 240 268; 66 136 392 300; 112 41 392 300; 

30\92_92639.jpg
400 267
12 16 231 223; 10 16 237 221; 12 16 235 221; 

30\92_92641.jpg
400 260
139 163 251 259; 147 160 236 258; 141 161 249 258; 

30\92_92643.jpg
399 325
125 10 386 281; 123 27 386 279; 126 28 359 278; 

30\92_92646.jpg
400 266
154 19 390 179; 160 19 379 167; 158 18 376 164; 

30\92_92658.jpg
400 300
122 42 330 298; 180 39 333 293; 179 40 333 297; 

30\92_92661.jpg
400 320
209 108 344 306; 262 219 334 307; 196 108 343 304; 

30\92_92663.jpg
400 300
133 29 358 233; 242 81 355 208; 252 84 356 208; 

30\92_92678.jpg
400 270
245 42 389 230; 245 44 389 236; 246 44 391 231; 

30\92_92680.jpg
400 400
3 5 389 230; 218 53 399 194; 220 1 397 188; 

30\92_92683.jpg
400 280
50 53 266 208; 44 56 271 211; 46 54 270 211; 

30\92_92684.jpg
400 299
177 35 325 237; 181 35 323 239; 183 36 322 236; 

30\92_92702.jpg
400 300
96 19 334 295; 84 19 374 300; 84 19 372 299; 

30\92_92712.jpg
400 266
195 9 294 204; 198 11 292 208; 198 11 291 207; 

30\92_92719.jpg
400 266
66 23 341 238; 78 24 309 117; 66 24 347 166; 

30\92_92731.jpg
287 400
66 17 238 382; 65 20 237 329; 144 19 214 121; 

30\92_92735.jpg
300 400
18 58 266 332; 78 114 248 262; 56 58 251 261; 

30\92_92744.jpg
365 400
111 176 286 337; 112 179 285 320; 111 180 284 398; 

30\92_92770.jpg
400 322
43 44 327 288; 43 67 232 287; 44 44 307 286; 

30\92_92792.jpg
266 400
110 144 253 374; 142 146 192 276; 143 146 192 273; 

30\92_92797.jpg
400 266
104 61 365 259; 106 63 374 256; 106 62 374 257; 

30\92_92806.jpg
270 400
61 14 229 379; 62 12 204 180; 61 13 203 180; 

30\92_92810.jpg
400 266
224 21 349 240; 226 23 348 239; 224 23 347 239; 

30\92_92814.jpg
400 266
94 75 299 261; 96 73 299 266; 87 74 301 265; 

30\92_92826.jpg
400 300
130 39 281 275; 140 31 284 275; 129 40 284 276; 

30\92_92836.jpg
400 320
131 23 359 275; 136 23 361 273; 135 24 361 271; 

30\92_92852.jpg
301 399
98 12 200 378; 97 13 201 378; 97 13 199 378; 

30\92_92859.jpg
400 300
14 102 224 182; 8 71 226 242; 1 108 225 174; 

30\92_92860.jpg
285 400
19 138 275 329; 16 137 276 331; 16 138 275 329; 

30\92_92880.jpg
400 300
86 113 299 257; 76 108 306 241; 80 109 371 265; 

30\92_92887.jpg
300 400
101 81 282 396; 137 135 266 358; 96 74 293 326; 

30\92_92900.jpg
400 266
22 7 252 261; 62 106 212 266; 16 2 251 266; 

30\92_92901.jpg
400 266
11 9 188 252; 24 108 177 248; 1 2 184 247; 

30\92_92908.jpg
400 298
158 44 317 292; 151 39 316 298; 162 41 316 296; 

30\92_92912.jpg
400 266
59 43 295 228; 72 64 258 204; 72 64 255 204; 

30\92_92915.jpg
400 350
134 82 366 316; 149 102 292 265; 152 102 362 316; 

30\92_92927.jpg
400 300
99 5 338 213; 132 23 299 191; 126 23 307 191; 

30\92_92935.jpg
400 300
119 44 397 268; 114 46 399 266; 117 45 398 266; 

30\92_92937.jpg
400 400
19 212 184 349; 24 216 184 349; 23 216 182 348; 

30\92_92948.jpg
400 266
73 80 262 265; 119 79 217 199; 121 78 216 200; 

30\92_92951.jpg
267 400
84 84 204 343; 98 84 203 340; 97 86 203 348; 

30\92_92976.jpg
400 300
74 29 282 276; 72 28 282 278; 72 29 282 276; 

