255

32\96_96004.jpg
266 399
83 196 239 393; 72 197 247 369; 73 198 246 369; 

32\96_96013.jpg
400 322
83 67 334 284; 82 71 332 276; 84 72 331 278; 

32\96_96016.jpg
322 400
87 95 234 364; 86 89 233 359; 88 86 233 361; 

32\96_96031.jpg
400 266
70 9 328 210; 131 97 326 208; 52 10 326 207; 

32\96_96040.jpg
400 320
64 38 309 320; 76 37 308 232; 91 36 301 139; 

32\96_96054.jpg
320 400
49 42 219 310; 50 42 219 308; 47 41 223 312; 

32\96_96057.jpg
400 377
102 109 298 343; 116 119 337 342; 22 12 382 356; 

32\96_96066.jpg
366 400
152 102 361 393; 151 102 341 303; 146 103 366 400; 

32\96_96071.jpg
300 400
34 84 187 309; 43 88 199 306; 35 86 198 308; 

32\96_96072.jpg
400 300
159 98 226 281; 157 101 222 290; 157 80 226 299; 

32\96_96080.jpg
400 300
72 3 288 274; 72 107 282 254; 71 1 287 254; 

32\96_96082.jpg
400 358
186 179 360 321; 193 179 358 321; 191 179 359 322; 

32\96_96113.jpg
400 331
127 15 380 280; 126 42 366 274; 129 17 398 278; 

32\96_96172.jpg
399 300
35 60 192 294; 35 58 182 249; 36 61 182 245; 

32\96_96175.jpg
270 399
71 8 227 393; 65 159 237 395; 65 13 238 397; 

32\96_96182.jpg
400 320
83 84 318 263; 170 82 344 273; 171 82 297 187; 

32\96_96195.jpg
400 300
46 28 332 262; 45 87 334 266; 46 66 332 266; 

32\96_96198.jpg
400 320
68 26 318 299; 84 101 381 298; 86 54 381 298; 

32\96_96203.jpg
390 400
122 90 264 378; 136 123 259 368; 124 96 264 376; 

32\96_96207.jpg
400 320
16 74 362 243; 15 76 362 245; 17 65 362 246; 

32\96_96221.jpg
400 368
35 11 249 274; 34 12 251 274; 36 13 248 274; 

32\96_96226.jpg
400 234
41 16 191 232; 41 11 209 232; 40 12 210 234; 

32\96_96254.jpg
400 300
102 138 214 249; 104 139 214 243; 102 139 213 242; 

32\96_96298.jpg
400 313
23 69 383 253; 6 114 306 261; 5 112 305 261; 

32\96_96340.jpg
400 300
150 62 311 294; 151 64 312 300; 150 64 310 300; 

32\96_96343.jpg
400 300
47 48 325 252; 94 49 326 255; 21 50 324 254; 

32\96_96344.jpg
400 300
109 30 323 279; 112 24 269 232; 100 26 269 288; 

32\96_96346.jpg
400 300
36 19 258 260; 35 74 339 261; 36 74 336 261; 

32\96_96362.jpg
300 400
17 62 109 276; 14 61 109 274; 15 61 109 272; 

32\96_96367.jpg
266 400
64 4 194 358; 62 8 195 209; 62 8 195 349; 

32\96_96374.jpg
353 400
71 31 296 400; 69 36 294 329; 66 36 295 400; 

32\96_96447.jpg
400 266
101 42 298 220; 99 42 299 218; 101 41 298 218; 

32\96_96451.jpg
400 300
102 91 193 229; 106 93 193 232; 104 92 191 231; 

32\96_96465.jpg
400 266
83 44 385 236; 92 52 261 210; 92 51 359 232; 

32\96_96469.jpg
400 266
68 49 351 230; 70 50 353 237; 64 49 353 241; 

32\96_96476.jpg
400 257
91 6 309 139; 95 10 303 160; 95 1 301 139; 

32\96_96502.jpg
322 400
60 24 254 364; 64 26 255 239; 65 26 258 372; 

32\96_96508.jpg
400 276
108 5 286 159; 103 0 292 164; 104 1 292 163; 

32\96_96512.jpg
300 400
33 70 228 364; 38 81 202 379; 34 109 249 378; 

32\96_96537.jpg
400 300
7 59 294 270; 8 59 293 261; 7 58 293 268; 

32\96_96544.jpg
400 300
196 4 392 279; 195 41 391 284; 194 42 396 274; 

32\96_96563.jpg
400 266
60 21 277 258; 60 21 281 264; 62 20 281 265; 

32\96_96566.jpg
400 299
186 11 392 282; 184 30 374 280; 184 11 392 278; 

32\96_96572.jpg
266 400
16 206 231 399; 11 205 231 387; 155 207 241 399; 

32\96_96576.jpg
266 400
88 22 229 180; 39 13 249 398; 32 18 227 169; 

32\96_96578.jpg
266 400
28 28 225 352; 22 30 224 352; 104 32 192 138; 

32\96_96580.jpg
320 400
7 28 259 324; 8 41 241 208; 8 1 241 208; 

32\96_96597.jpg
400 335
129 135 270 336; 133 135 271 335; 134 134 269 335; 

32\96_96604.jpg
300 400
67 146 238 374; 61 146 253 376; 62 147 253 374; 

32\96_96615.jpg
400 266
56 33 333 262; 124 36 334 253; 124 38 331 262; 

32\96_96620.jpg
400 266
78 22 299 179; 78 64 296 182; 78 2 298 181; 

32\96_96627.jpg
400 261
7 49 381 184; 16 51 321 158; 19 51 384 176; 

32\96_96644.jpg
400 300
53 77 341 289; 47 81 347 289; 53 15 347 288; 

32\96_96647.jpg
399 266
109 44 314 218; 111 37 307 215; 106 42 308 220; 

32\96_96648.jpg
400 234
93 68 345 172; 77 52 388 170; 78 53 387 173; 

32\96_96650.jpg
400 281
31 29 298 230; 30 31 284 219; 31 29 279 218; 

32\96_96682.jpg
400 310
124 71 322 222; 123 69 322 216; 124 69 320 216; 

32\96_96693.jpg
400 265
117 11 288 241; 116 39 291 234; 114 1 291 234; 

32\96_96694.jpg
400 265
112 19 279 220; 118 54 274 217; 116 1 278 216; 

32\96_96695.jpg
400 265
102 57 355 266; 148 50 361 265; 144 50 349 198; 

32\96_96723.jpg
400 281
44 8 258 271; 47 85 298 273; 44 6 299 272; 

32\96_96728.jpg
400 276
141 26 354 266; 143 26 322 143; 142 28 358 266; 

32\96_96730.jpg
400 297
61 55 287 222; 63 59 277 217; 66 59 372 244; 

32\96_96742.jpg
400 392
113 57 283 326; 123 93 275 326; 45 41 333 326; 

32\96_96743.jpg
400 324
139 59 327 307; 145 106 325 304; 20 51 349 303; 

32\96_96769.jpg
400 258
6 52 238 220; 2 55 238 213; 1 54 238 214; 

32\96_96778.jpg
400 266
73 30 320 237; 84 30 319 238; 76 30 317 239; 

32\96_96866.jpg
400 266
81 16 264 182; 89 24 261 180; 88 21 261 178; 

32\96_96867.jpg
400 266
105 23 273 205; 109 79 245 203; 104 78 244 202; 

32\96_96888.jpg
400 268
59 34 338 176; 58 32 247 175; 59 34 352 181; 

32\96_96889.jpg
400 266
8 61 295 238; 1 59 304 211; 2 60 302 266; 

32\96_96894.jpg
400 266
79 28 316 206; 59 19 262 169; 83 52 175 167; 

32\96_96896.jpg
400 320
87 41 349 301; 157 74 379 319; 154 79 367 294; 

32\96_96929.jpg
267 399
52 20 231 374; 89 22 218 198; 90 21 220 196; 

32\96_96933.jpg
400 310
36 54 199 150; 38 54 262 146; 39 58 263 181; 

32\96_96961.jpg
400 300
133 32 292 241; 134 42 288 234; 132 43 288 234; 

32\96_96962.jpg
399 296
123 45 325 292; 122 46 327 295; 122 47 326 296; 

32\97_97008.jpg
351 400
64 22 301 295; 196 76 285 174; 66 22 305 294; 

32\97_97031.jpg
400 266
27 11 244 259; 84 70 231 266; 49 1 232 266; 

32\97_97041.jpg
391 400
41 64 350 352; 101 155 283 364; 72 127 292 356; 

32\97_97082.jpg
400 290
78 16 361 244; 84 50 305 231; 72 14 399 262; 

32\97_97084.jpg
400 303
131 31 371 282; 98 125 344 289; 68 30 371 289; 

32\97_97109.jpg
265 399
62 21 211 196; 62 22 209 400; 62 21 204 399; 

32\97_97119.jpg
265 399
62 77 170 366; 62 77 191 364; 63 78 192 366; 

32\97_97137.jpg
400 266
202 98 358 258; 199 97 357 256; 198 98 359 252; 

32\97_97147.jpg
400 266
84 46 271 267; 86 44 272 266; 85 46 272 266; 

32\97_97148.jpg
400 266
69 22 331 265; 67 28 331 265; 66 25 331 266; 

32\97_97151.jpg
400 266
61 19 291 264; 61 19 292 266; 61 21 293 266; 

32\97_97167.jpg
400 343
14 6 230 198; 30 20 221 199; 15 13 222 199; 

32\97_97195.jpg
400 265
94 28 267 241; 96 34 272 156; 96 32 268 160; 

32\97_97212.jpg
400 265
41 33 338 242; 33 36 326 216; 69 51 320 228; 

32\97_97246.jpg
399 316
75 47 284 260; 79 50 283 253; 90 69 268 238; 

32\97_97257.jpg
400 266
71 36 313 248; 73 31 302 247; 76 31 359 245; 

32\97_97279.jpg
400 300
121 99 277 245; 101 98 291 249; 138 111 261 227; 

32\97_97280.jpg
400 300
101 60 318 291; 99 61 322 291; 100 56 320 291; 

32\97_97283.jpg
400 320
80 22 356 299; 36 65 209 230; 73 2 367 316; 

32\97_97290.jpg
400 266
107 59 292 259; 105 59 292 259; 105 59 291 256; 

32\97_97295.jpg
320 400
71 41 278 281; 46 43 298 280; 28 42 281 278; 

32\97_97313.jpg
400 266
119 25 281 259; 121 22 279 265; 120 23 279 267; 

32\97_97322.jpg
400 320
49 45 341 300; 53 45 286 297; 51 45 282 296; 

32\97_97343.jpg
400 266
74 21 264 186; 69 14 261 238; 68 13 266 242; 

32\97_97355.jpg
400 285
77 20 325 279; 93 21 322 283; 88 24 320 285; 

32\97_97359.jpg
399 267
35 67 356 223; 35 64 368 223; 35 63 369 227; 

32\97_97361.jpg
399 267
87 16 241 255; 92 23 242 254; 89 20 240 264; 

32\97_97362.jpg
399 267
238 7 351 254; 240 9 344 255; 242 8 347 266; 

32\97_97363.jpg
399 267
140 26 350 263; 134 26 352 267; 184 57 309 267; 

32\97_97364.jpg
400 266
111 11 295 199; 125 13 284 197; 122 11 283 199; 

32\97_97407.jpg
400 200
20 16 294 182; 21 21 291 178; 21 20 292 179; 

32\97_97409.jpg
400 266
44 39 316 234; 106 44 336 226; 38 42 335 234; 

32\97_97411.jpg
400 284
47 38 241 253; 44 6 241 247; 49 4 238 244; 

32\97_97421.jpg
400 300
9 85 394 202; 0 86 397 178; 1 84 399 194; 

32\97_97424.jpg
399 267
59 44 227 234; 54 16 225 224; 53 16 225 225; 

32\97_97443.jpg
300 399
40 12 296 247; 37 32 201 249; 40 7 299 244; 

32\97_97480.jpg
266 400
31 51 244 277; 34 50 241 275; 31 49 242 273; 

32\97_97483.jpg
400 270
19 30 200 131; 19 27 200 124; 18 28 199 129; 

32\97_97510.jpg
400 267
50 15 347 170; 48 54 348 168; 50 10 347 168; 

32\97_97520.jpg
287 399
59 26 210 194; 59 28 206 188; 59 25 205 204; 

32\97_97521.jpg
399 303
160 53 344 275; 94 59 340 238; 93 61 341 276; 

32\97_97530.jpg
400 285
47 48 155 190; 44 38 157 283; 46 45 151 189; 

32\97_97537.jpg
400 304
149 31 355 185; 144 30 358 209; 146 27 356 208; 

32\97_97542.jpg
400 300
196 45 387 171; 196 44 386 169; 196 44 388 169; 

32\97_97598.jpg
287 400
58 50 231 391; 58 57 226 394; 62 54 225 394; 

32\97_97620.jpg
400 295
129 5 274 291; 122 50 272 182; 114 0 282 161; 

32\97_97634.jpg
400 266
89 62 267 204; 81 62 267 199; 99 69 261 197; 

32\97_97652.jpg
400 292
36 37 246 274; 39 114 216 284; 29 35 250 288; 

32\97_97666.jpg
399 254
83 60 314 182; 77 60 344 200; 61 60 344 202; 

32\97_97668.jpg
400 378
204 124 350 375; 208 130 343 378; 208 130 343 378; 

32\97_97669.jpg
268 400
71 171 259 281; 73 171 262 278; 74 172 264 231; 

32\97_97673.jpg
400 329
122 34 268 231; 126 33 271 242; 124 30 269 242; 

32\97_97676.jpg
400 285
13 16 254 251; 21 22 254 245; 21 21 252 246; 

32\97_97678.jpg
400 266
66 92 182 262; 66 93 180 214; 66 92 181 231; 

32\97_97682.jpg
400 266
108 0 351 251; 114 52 344 246; 104 1 344 246; 

32\97_97685.jpg
266 400
48 18 238 294; 44 14 243 263; 46 18 240 263; 

32\97_97686.jpg
266 400
29 42 180 266; 27 39 179 252; 29 43 179 251; 

32\97_97687.jpg
266 400
46 65 184 220; 33 14 184 219; 35 14 184 219; 

32\97_97692.jpg
400 266
46 60 286 262; 14 61 278 256; 1 60 334 266; 

32\97_97694.jpg
400 266
14 4 234 260; 14 66 232 263; 14 2 233 266; 

32\97_97695.jpg
400 266
39 7 255 262; 48 80 264 253; 29 1 263 253; 

32\97_97700.jpg
400 293
25 84 234 276; 26 81 232 279; 25 81 233 278; 

32\97_97709.jpg
300 400
86 24 231 364; 87 21 226 361; 84 21 228 366; 

32\97_97710.jpg
308 400
42 4 249 305; 41 0 252 321; 39 2 252 322; 

32\97_97722.jpg
400 320
85 33 328 298; 104 56 309 286; 73 54 307 285; 

32\97_97763.jpg
400 400
139 42 365 262; 142 40 361 261; 142 42 363 262; 

32\97_97769.jpg
400 232
22 20 216 151; 26 22 214 151; 24 21 217 148; 

32\97_97770.jpg
400 400
11 119 240 361; 9 119 237 358; 10 119 239 360; 

32\97_97773.jpg
400 338
123 88 339 294; 121 89 342 298; 146 105 317 272; 

32\97_97788.jpg
400 299
81 99 387 294; 78 94 394 299; 80 99 381 299; 

32\97_97800.jpg
400 300
139 39 278 266; 89 22 273 265; 91 1 277 267; 

32\97_97801.jpg
301 400
26 65 220 272; 22 62 217 345; 25 65 218 277; 

32\97_97809.jpg
315 400
16 44 274 276; 49 48 246 272; 49 48 207 224; 

32\97_97810.jpg
249 400
48 21 215 372; 52 19 215 253; 49 20 214 254; 

32\97_97823.jpg
266 400
127 259 254 382; 131 264 244 378; 130 266 244 379; 

32\97_97824.jpg
400 300
37 87 219 237; 32 102 213 245; 35 56 292 244; 

32\97_97832.jpg
387 400
18 34 304 207; 20 52 269 196; 20 43 304 196; 

32\97_97843.jpg
400 312
11 76 340 277; 10 71 346 296; 12 76 289 270; 

32\97_97844.jpg
396 400
208 44 322 400; 201 43 322 398; 197 44 322 398; 

32\97_97845.jpg
400 300
42 43 231 225; 47 44 226 201; 46 42 222 208; 

32\97_97847.jpg
400 400
83 31 295 278; 85 34 291 276; 85 35 290 274; 

32\97_97859.jpg
250 400
69 36 197 388; 78 131 180 392; 76 131 180 390; 

32\97_97863.jpg
269 400
5 91 242 269; 6 92 242 266; 6 89 241 268; 

32\97_97867.jpg
400 319
180 112 354 292; 199 112 334 254; 199 114 336 253; 

32\97_97870.jpg
400 266
35 71 299 224; 30 74 294 246; 32 71 297 244; 

32\97_97875.jpg
400 277
56 50 359 246; 51 12 366 247; 47 11 368 248; 

32\97_97897.jpg
320 400
66 40 294 350; 66 37 296 348; 68 39 294 349; 

32\97_97905.jpg
266 400
71 24 238 318; 72 22 239 399; 71 22 238 302; 

32\97_97915.jpg
380 400
32 114 277 348; 33 114 272 344; 34 114 272 343; 

32\97_97922.jpg
400 300
65 139 311 202; 66 139 309 196; 68 141 309 198; 

32\97_97923.jpg
298 400
29 28 271 276; 27 26 268 278; 26 28 268 278; 

32\97_97933.jpg
266 400
81 105 210 308; 4 8 241 269; 5 8 239 268; 

32\97_97938.jpg
226 399
32 28 167 390; 33 26 203 382; 47 68 132 264; 

32\97_97941.jpg
280 399
33 35 248 275; 47 56 228 273; 50 66 225 273; 

32\97_97942.jpg
400 266
101 26 266 202; 98 27 269 202; 107 33 255 196; 

32\97_97944.jpg
400 264
120 69 280 256; 125 121 276 258; 126 1 277 260; 

32\97_97946.jpg
400 399
51 168 193 296; 56 166 164 302; 1 145 243 306; 

32\97_97953.jpg
400 265
54 26 309 262; 160 86 244 179; 152 88 244 182; 

32\97_97955.jpg
400 300
12 4 201 201; 2 1 202 202; 1 0 204 204; 

32\97_97970.jpg
400 300
36 46 370 238; 36 47 366 238; 38 48 368 240; 

32\97_97973.jpg
399 400
64 21 342 347; 151 122 275 244; 148 119 281 254; 

32\97_97974.jpg
400 300
37 81 345 252; 35 81 346 256; 36 82 346 258; 

32\97_97975.jpg
262 399
102 16 241 154; 106 16 241 157; 106 16 241 154; 

32\97_97976.jpg
400 300
19 57 362 226; 12 64 365 227; 14 54 364 226; 

32\97_97978.jpg
400 266
89 20 345 259; 93 15 351 255; 115 31 328 230; 

32\97_97984.jpg
303 400
78 66 295 259; 77 65 276 259; 78 68 294 256; 

32\97_97986.jpg
266 400
27 35 162 398; 41 28 167 400; 37 29 161 399; 

32\97_97991.jpg
400 300
66 58 275 294; 69 59 274 290; 66 58 275 297; 

32\97_97994.jpg
400 300
64 103 297 298; 68 100 298 299; 65 99 302 299; 

32\98_98001.jpg
400 300
101 104 378 254; 102 105 377 253; 103 106 377 255; 

32\98_98011.jpg
341 399
8 3 216 220; 11 7 219 223; 10 4 219 225; 

32\98_98012.jpg
300 400
60 71 290 260; 59 71 293 263; 59 72 292 261; 

32\98_98017.jpg
400 299
109 72 387 291; 102 78 400 299; 104 78 399 299; 

32\98_98020.jpg
399 266
194 9 384 202; 199 9 382 198; 199 9 380 198; 

32\98_98023.jpg
400 264
58 64 182 214; 60 64 183 229; 61 66 180 229; 

32\98_98045.jpg
258 400
66 20 166 377; 77 18 161 376; 76 18 163 381; 

32\98_98046.jpg
400 266
18 79 169 264; 55 81 146 240; 56 82 146 238; 

32\98_98077.jpg
400 255
41 88 392 201; 43 89 371 201; 42 68 399 208; 

32\98_98084.jpg
400 324
91 56 309 274; 89 54 311 271; 92 55 308 272; 

32\98_98087.jpg
400 299
22 68 397 222; 22 69 376 222; 23 70 398 223; 

32\98_98106.jpg
300 400
49 149 248 380; 55 151 255 380; 50 151 252 381; 

32\98_98109.jpg
400 385
129 115 279 266; 127 120 277 268; 132 119 276 266; 

32\98_98119.jpg
400 266
25 47 260 245; 95 54 269 267; 134 54 259 151; 

32\98_98123.jpg
400 300
112 4 209 182; 111 2 219 176; 112 1 221 177; 

32\98_98129.jpg
264 400
68 272 236 396; 67 272 234 400; 68 273 233 394; 

32\98_98162.jpg
266 400
78 27 208 184; 56 20 205 172; 55 23 205 176; 

32\98_98163.jpg
266 400
48 84 175 229; 38 105 177 227; 2 2 184 231; 

32\98_98190.jpg
400 300
110 72 286 248; 106 79 286 242; 109 78 284 242; 

32\98_98204.jpg
400 260
122 71 327 224; 185 70 324 194; 184 68 322 194; 

32\98_98247.jpg
320 240
146 20 299 163; 154 25 291 151; 156 24 292 154; 

32\98_98248.jpg
400 400
69 32 201 311; 73 34 197 302; 72 36 304 344; 

32\98_98249.jpg
400 400
22 19 301 327; 22 21 286 324; 23 22 386 332; 

32\98_98252.jpg
399 267
121 70 327 263; 123 73 324 261; 125 73 324 264; 

32\98_98257.jpg
326 400
117 34 296 155; 119 36 295 152; 117 30 295 150; 

32\98_98288.jpg
400 266
226 22 381 246; 226 23 378 249; 226 26 378 244; 

32\98_98321.jpg
400 268
113 47 321 192; 114 47 321 188; 114 48 321 194; 

32\98_98345.jpg
300 400
41 41 156 268; 40 41 158 271; 41 41 155 268; 

32\98_98350.jpg
400 320
48 89 210 281; 54 88 211 289; 51 88 211 293; 

32\98_98380.jpg
400 298
62 16 353 250; 90 71 353 228; 99 68 387 233; 

32\98_98384.jpg
400 303
66 40 242 258; 92 92 206 233; 93 59 209 234; 

32\98_98428.jpg
400 184
141 15 364 185; 140 15 362 184; 143 17 362 184; 

32\98_98431.jpg
400 266
83 29 298 247; 81 32 298 250; 82 29 298 249; 

32\98_98465.jpg
400 319
76 35 324 285; 84 57 315 272; 76 36 324 284; 

32\98_98473.jpg
321 400
67 22 246 309; 66 27 244 309; 68 24 306 311; 

32\98_98481.jpg
400 266
113 21 348 244; 115 21 341 245; 114 21 349 244; 

32\98_98482.jpg
299 399
41 47 243 380; 41 217 168 382; 42 217 168 379; 

32\98_98483.jpg
399 299
31 105 373 274; 206 107 371 238; 207 105 373 237; 

32\98_98486.jpg
400 260
229 91 352 181; 231 94 352 184; 232 92 352 181; 

32\98_98506.jpg
299 399
49 34 259 172; 47 34 260 172; 50 34 257 171; 

32\98_98520.jpg
320 400
35 29 258 361; 39 32 258 361; 38 34 255 360; 

32\98_98528.jpg
400 300
210 12 369 282; 218 9 365 282; 219 8 365 283; 

32\98_98529.jpg
266 400
11 12 229 256; 6 11 228 259; 53 92 228 259; 

32\98_98534.jpg
300 400
0 96 285 326; 4 98 283 323; 1 99 299 328; 

32\98_98539.jpg
320 400
19 21 264 269; 15 21 258 271; 17 24 262 269; 

32\98_98548.jpg
400 265
204 119 332 222; 204 118 333 222; 207 115 319 212; 

32\98_98553.jpg
400 276
185 16 381 249; 189 21 379 250; 198 19 378 249; 

32\98_98589.jpg
400 300
52 124 288 292; 53 131 288 292; 54 131 287 293; 

32\98_98592.jpg
400 266
26 87 371 195; 24 89 372 194; 26 91 370 198; 

32\98_98614.jpg
320 400
61 33 260 256; 60 37 260 259; 60 36 261 258; 

32\98_98621.jpg
300 400
35 14 221 392; 32 9 218 398; 34 8 218 396; 

32\98_98631.jpg
400 266
137 95 336 232; 142 96 333 239; 141 96 334 241; 

32\98_98692.jpg
400 300
125 41 367 296; 83 39 369 294; 86 38 369 291; 

32\98_98703.jpg
400 313
131 9 341 299; 129 8 346 306; 130 8 345 300; 

32\98_98713.jpg
400 300
55 33 371 241; 33 37 259 176; 37 37 371 246; 

32\98_98721.jpg
400 300
31 86 389 240; 32 88 393 240; 30 88 391 239; 

32\98_98732.jpg
400 266
40 66 362 209; 38 68 363 208; 32 67 364 221; 

32\98_98744.jpg
300 400
58 21 242 322; 92 24 214 318; 94 22 215 319; 

32\98_98751.jpg
400 297
93 74 396 282; 82 73 245 175; 83 72 244 176; 

32\98_98874.jpg
249 400
65 63 174 394; 36 20 220 297; 37 18 217 293; 

32\98_98946.jpg
344 399
74 61 201 329; 74 62 195 386; 44 14 245 386; 

32\98_98952.jpg
400 300
44 18 335 249; 175 61 272 161; 177 58 270 159; 

32\98_98959.jpg
400 300
63 68 344 299; 131 63 235 282; 135 61 235 173; 

32\98_98961.jpg
271 400
11 8 154 186; 14 6 134 139; 16 6 134 134; 

32\98_98962.jpg
400 291
11 14 184 286; 79 14 183 202; 78 12 182 201; 

32\98_98965.jpg
400 300
108 63 277 229; 104 64 291 232; 107 61 292 232; 

32\98_98981.jpg
294 400
39 249 282 346; 39 253 292 335; 39 253 289 340; 

32\98_98992.jpg
400 281
79 2 258 269; 81 2 202 131; 79 1 202 132; 

32\98_98996.jpg
400 400
169 23 366 172; 170 27 366 170; 170 26 366 170; 

