285

34\102_102003.jpg
399 217
49 36 370 183; 47 38 253 172; 49 36 368 173; 

34\102_102009.jpg
400 382
41 41 325 330; 39 41 327 202; 39 43 324 203; 

34\102_102030.jpg
300 400
54 12 232 302; 46 8 230 302; 49 4 231 301; 

34\102_102031.jpg
303 400
21 139 292 389; 62 141 267 383; 31 128 284 394; 

34\102_102052.jpg
400 266
19 98 216 235; 20 89 216 232; 21 91 213 227; 

34\102_102081.jpg
400 266
163 73 351 235; 172 71 352 215; 171 69 353 220; 

34\102_102083.jpg
400 266
109 14 305 267; 112 30 289 251; 138 31 243 187; 

34\102_102086.jpg
267 400
27 106 216 325; 26 105 202 323; 24 106 203 317; 

34\102_102105.jpg
345 399
78 81 265 326; 81 80 262 325; 78 82 262 323; 

34\102_102135.jpg
400 300
51 8 317 221; 80 50 337 207; 51 7 339 208; 

34\102_102136.jpg
232 400
36 51 196 381; 38 56 196 383; 36 54 196 384; 

34\102_102147.jpg
342 400
61 27 286 369; 78 103 269 256; 63 28 282 262; 

34\102_102207.jpg
300 400
59 105 216 393; 92 127 218 289; 90 89 218 279; 

34\102_102219.jpg
400 303
19 63 224 291; 27 62 229 204; 31 62 229 296; 

34\102_102231.jpg
400 290
25 14 244 284; 21 15 259 282; 18 13 258 282; 

34\102_102234.jpg
400 303
13 94 350 294; 14 94 349 245; 16 94 348 296; 

34\102_102257.jpg
384 400
26 32 368 286; 26 29 252 290; 26 31 292 289; 

34\102_102288.jpg
400 338
36 24 175 271; 36 26 176 271; 37 24 173 271; 

34\102_102292.jpg
400 229
44 47 372 201; 36 48 374 199; 26 46 372 203; 

34\102_102327.jpg
300 400
15 96 248 351; 14 94 252 349; 29 96 232 278; 

34\102_102328.jpg
400 300
116 21 248 234; 121 36 234 224; 125 21 233 220; 

34\102_102351.jpg
400 300
134 57 252 266; 138 55 242 260; 136 56 252 266; 

34\102_102390.jpg
266 400
18 86 261 350; 16 99 218 349; 122 237 266 400; 

34\102_102400.jpg
400 320
30 44 292 316; 31 43 296 319; 1 45 294 320; 

34\102_102430.jpg
400 200
103 38 338 133; 93 39 339 181; 96 38 338 191; 

34\102_102440.jpg
320 400
66 18 244 393; 67 17 244 389; 66 19 246 392; 

34\102_102445.jpg
400 266
221 88 351 254; 222 88 351 254; 221 89 351 252; 

34\102_102448.jpg
260 399
54 50 211 273; 50 54 193 259; 54 54 192 236; 

34\102_102510.jpg
400 300
13 152 233 272; 13 154 233 271; 15 154 232 272; 

34\102_102512.jpg
399 314
40 8 296 271; 73 163 195 304; 77 164 193 305; 

34\102_102522.jpg
400 267
125 56 284 191; 124 52 283 174; 126 56 283 171; 

34\102_102587.jpg
274 400
31 208 233 372; 31 208 241 373; 29 209 239 374; 

34\102_102589.jpg
361 288
40 42 325 245; 39 43 330 283; 37 43 326 245; 

34\102_102592.jpg
341 399
81 32 257 364; 95 47 251 327; 86 22 253 337; 

34\102_102603.jpg
378 400
64 36 228 349; 100 128 181 284; 63 34 230 354; 

34\102_102606.jpg
300 400
53 51 237 268; 149 85 201 242; 59 78 237 261; 

34\102_102607.jpg
240 300
43 74 188 238; 55 83 184 228; 53 80 186 231; 

34\102_102613.jpg
400 275
46 70 342 199; 45 71 343 235; 45 71 344 234; 

34\102_102615.jpg
353 400
173 24 269 385; 176 25 267 340; 181 25 267 286; 

34\102_102661.jpg
385 400
59 33 297 296; 29 34 320 293; 63 37 297 277; 

34\102_102666.jpg
400 302
31 50 381 237; 29 55 381 237; 29 54 381 235; 

34\102_102700.jpg
400 300
94 31 316 277; 89 31 319 268; 88 30 319 270; 

34\102_102736.jpg
266 400
67 28 198 376; 67 28 198 375; 69 29 198 375; 

34\102_102740.jpg
400 299
32 28 294 291; 26 29 286 279; 26 29 286 278; 

34\102_102751.jpg
400 300
60 21 321 255; 62 18 318 254; 61 18 317 254; 

34\102_102756.jpg
400 300
116 30 359 267; 115 31 391 269; 114 31 391 267; 

34\102_102757.jpg
400 268
124 75 247 261; 124 74 262 259; 131 75 238 251; 

34\102_102768.jpg
400 377
162 15 328 313; 164 10 339 313; 163 12 339 314; 

34\102_102771.jpg
400 343
16 40 268 312; 62 22 268 172; 62 23 266 172; 

34\102_102787.jpg
400 320
116 35 392 304; 111 34 397 291; 109 34 398 290; 

34\102_102817.jpg
400 301
114 76 312 184; 118 81 309 174; 116 79 310 176; 

34\102_102820.jpg
400 320
129 77 338 221; 129 78 339 209; 129 78 338 209; 

34\102_102823.jpg
400 320
18 71 328 306; 24 71 328 295; 1 71 328 307; 

34\102_102824.jpg
400 320
91 33 259 272; 91 34 257 271; 94 36 258 271; 

34\102_102825.jpg
400 320
144 121 366 277; 202 128 318 239; 202 129 311 229; 

34\102_102826.jpg
400 320
26 124 179 274; 20 124 176 263; 18 122 176 275; 

34\102_102831.jpg
400 320
171 83 339 310; 176 84 339 308; 174 84 340 309; 

34\102_102834.jpg
320 400
116 62 261 379; 121 68 273 349; 120 66 273 352; 

34\102_102835.jpg
400 320
23 69 300 273; 116 71 299 278; 10 71 298 275; 

34\102_102839.jpg
400 320
38 151 306 269; 2 158 386 234; 1 157 379 234; 

34\102_102840.jpg
400 300
65 118 301 249; 186 122 260 223; 67 121 261 254; 

34\102_102873.jpg
400 299
111 18 352 278; 111 18 352 274; 114 19 351 271; 

34\102_102885.jpg
400 309
151 30 349 229; 173 28 347 226; 149 28 337 227; 

34\102_102896.jpg
400 276
119 36 372 212; 119 36 368 211; 119 24 371 211; 

34\102_102901.jpg
300 400
42 27 176 371; 36 26 183 371; 45 29 173 371; 

34\102_102941.jpg
304 400
41 74 275 344; 41 71 274 309; 40 69 271 362; 

34\102_102948.jpg
299 400
36 57 255 355; 33 53 255 340; 35 54 254 356; 

34\102_102950.jpg
400 296
46 42 364 254; 183 22 376 247; 186 22 372 204; 

34\102_102955.jpg
266 400
64 27 257 289; 69 29 256 242; 54 1 255 242; 

34\102_102958.jpg
266 400
2 155 182 394; 3 153 183 393; 51 152 148 268; 

34\102_102981.jpg
400 303
168 24 341 294; 167 24 341 189; 168 25 340 292; 

34\102_102983.jpg
400 310
202 41 361 305; 199 44 361 303; 198 44 361 302; 

34\102_102991.jpg
300 400
82 46 259 389; 109 49 240 242; 82 48 259 400; 

34\103_103001.jpg
400 328
19 32 264 304; 90 28 261 181; 64 29 262 214; 

34\103_103004.jpg
400 300
42 72 348 262; 61 74 308 248; 47 75 306 255; 

34\103_103025.jpg
400 266
106 28 287 266; 108 32 281 266; 118 24 278 227; 

34\103_103026.jpg
400 266
136 25 320 262; 136 1 333 266; 136 1 313 224; 

34\103_103048.jpg
400 331
144 48 376 328; 146 49 374 330; 144 51 375 331; 

34\103_103050.jpg
400 316
73 43 209 315; 68 45 218 316; 82 46 190 278; 

34\103_103068.jpg
400 266
39 4 257 260; 41 3 255 261; 43 4 247 179; 

34\103_103079.jpg
400 266
212 7 393 258; 211 11 324 228; 212 12 398 239; 

34\103_103080.jpg
400 266
187 16 280 195; 189 36 274 194; 188 6 322 196; 

34\103_103104.jpg
266 400
72 33 214 342; 81 81 213 340; 72 34 212 343; 

34\103_103105.jpg
400 400
143 24 374 391; 138 21 300 346; 142 23 372 389; 

34\103_103121.jpg
214 400
54 16 162 388; 51 16 164 266; 54 17 162 265; 

34\103_103139.jpg
400 300
47 96 372 256; 82 111 320 254; 52 94 378 254; 

34\103_103161.jpg
399 297
60 63 235 169; 63 63 234 171; 64 63 234 168; 

34\103_103165.jpg
400 266
66 38 262 242; 69 40 265 242; 68 41 343 242; 

34\103_103198.jpg
400 261
21 24 177 259; 15 23 177 261; 15 23 177 261; 

34\103_103201.jpg
380 400
46 111 246 363; 45 119 247 307; 46 117 246 367; 

34\103_103202.jpg
400 266
215 57 313 197; 215 55 312 194; 215 56 313 167; 

34\103_103213.jpg
400 265
14 2 156 241; 13 1 156 222; 12 0 156 222; 

34\103_103222.jpg
400 365
98 30 344 242; 101 31 342 242; 98 31 342 241; 

34\103_103232.jpg
400 313
38 27 278 308; 31 20 277 244; 54 48 277 243; 

34\103_103244.jpg
257 400
99 34 249 304; 108 46 241 301; 106 44 240 306; 

34\103_103262.jpg
400 300
190 52 350 234; 192 59 352 237; 193 58 350 237; 

34\103_103273.jpg
400 266
146 66 268 191; 146 66 266 188; 146 68 266 189; 

34\103_103275.jpg
400 266
164 6 281 184; 168 98 246 183; 168 98 244 181; 

34\103_103279.jpg
400 266
145 32 308 264; 149 32 306 267; 147 32 307 266; 

34\103_103288.jpg
266 400
14 72 203 328; 55 72 205 338; 15 72 204 399; 

34\103_103291.jpg
400 266
153 8 301 261; 153 8 299 267; 153 8 299 267; 

34\103_103299.jpg
375 250
56 64 222 221; 56 65 222 218; 56 65 221 219; 

34\103_103300.jpg
205 300
39 16 139 175; 39 53 125 163; 41 53 126 156; 

34\103_103302.jpg
324 250
104 64 263 228; 130 68 245 177; 130 70 243 175; 

34\103_103314.jpg
167 250
12 57 141 215; 36 58 142 195; 30 56 139 193; 

34\103_103317.jpg
190 200
34 37 144 198; 34 38 143 143; 35 40 142 138; 

34\103_103318.jpg
361 250
60 37 321 240; 63 40 321 208; 62 38 321 205; 

34\103_103319.jpg
274 200
15 56 165 171; 19 56 163 175; 17 56 163 171; 

34\103_103325.jpg
275 218
51 41 175 144; 55 52 178 145; 53 42 174 142; 

34\103_103326.jpg
250 235
58 58 119 162; 54 59 120 159; 55 57 117 158; 

34\103_103334.jpg
400 353
26 97 221 344; 29 98 219 328; 27 98 218 326; 

34\103_103343.jpg
200 316
54 30 152 159; 51 29 153 296; 53 28 153 294; 

34\103_103346.jpg
400 324
127 28 304 281; 168 96 265 221; 128 28 303 282; 

34\103_103387.jpg
400 330
69 25 341 301; 168 112 334 296; 70 26 341 301; 

34\103_103388.jpg
400 300
111 35 271 298; 171 132 256 255; 170 134 259 253; 

34\103_103396.jpg
400 266
88 24 340 218; 91 29 351 202; 90 26 200 126; 

34\103_103403.jpg
266 400
16 152 238 343; 15 161 230 226; 16 44 235 323; 

34\103_103430.jpg
266 400
77 102 187 389; 69 102 196 391; 65 101 194 388; 

34\103_103439.jpg
400 400
81 50 188 312; 80 51 187 312; 81 51 186 311; 

34\103_103440.jpg
319 400
41 20 212 392; 46 168 147 385; 38 12 208 388; 

34\103_103444.jpg
300 400
81 6 209 396; 79 5 207 391; 79 6 206 394; 

34\103_103452.jpg
400 266
43 31 351 224; 48 32 352 225; 41 32 352 230; 

34\103_103458.jpg
400 316
128 16 379 274; 126 18 378 274; 129 17 379 275; 

34\103_103474.jpg
400 300
22 22 308 188; 21 23 305 186; 21 23 306 186; 

34\103_103475.jpg
400 266
31 61 282 264; 126 91 227 266; 7 79 227 265; 

34\103_103503.jpg
400 283
49 45 259 249; 51 46 260 249; 51 47 257 282; 

34\103_103508.jpg
400 340
88 39 356 326; 99 41 356 305; 99 41 354 336; 

34\103_103530.jpg
316 400
32 107 280 399; 141 111 279 400; 34 111 279 399; 

34\103_103547.jpg
400 225
254 44 399 182; 255 40 399 181; 266 62 399 181; 

34\103_103561.jpg
400 373
39 52 370 323; 40 52 369 332; 39 53 370 330; 

34\103_103564.jpg
300 400
66 20 220 348; 66 21 217 353; 65 22 218 354; 

34\103_103572.jpg
400 300
162 56 239 292; 159 56 239 299; 160 57 239 188; 

34\103_103590.jpg
400 266
255 48 320 239; 255 51 318 209; 259 52 318 206; 

34\103_103604.jpg
400 300
60 3 302 300; 144 50 209 298; 142 51 209 298; 

34\103_103615.jpg
268 400
41 12 182 399; 44 18 164 296; 29 18 172 293; 

34\103_103620.jpg
400 400
100 85 338 341; 221 99 339 339; 218 101 337 340; 

34\103_103649.jpg
400 268
74 39 335 244; 74 61 326 208; 71 60 331 209; 

34\103_103660.jpg
348 400
41 48 306 319; 44 51 302 312; 40 51 302 318; 

34\103_103675.jpg
400 375
108 93 376 194; 105 96 358 194; 108 97 379 192; 

34\103_103676.jpg
266 400
33 22 259 229; 45 26 261 216; 42 27 260 218; 

34\103_103677.jpg
386 400
97 19 290 343; 131 64 264 262; 90 2 299 261; 

34\103_103680.jpg
300 400
74 49 209 394; 74 48 208 396; 76 50 208 398; 

34\103_103710.jpg
400 300
109 52 301 187; 114 54 302 204; 112 1 302 207; 

34\103_103713.jpg
300 400
71 112 218 256; 69 114 218 247; 69 115 218 247; 

34\103_103715.jpg
400 316
66 33 313 292; 58 26 312 288; 58 27 315 289; 

34\103_103722.jpg
313 400
13 26 300 208; 15 30 299 208; 14 31 299 208; 

34\103_103724.jpg
400 300
181 107 328 273; 164 105 339 265; 163 105 344 265; 

34\103_103738.jpg
400 282
48 18 329 233; 49 18 329 216; 49 20 329 208; 

34\103_103755.jpg
400 287
74 48 311 222; 139 69 298 218; 76 44 298 227; 

34\103_103759.jpg
400 273
192 16 367 187; 194 14 350 181; 191 16 367 189; 

34\103_103778.jpg
400 300
71 4 274 298; 72 2 273 296; 72 0 274 296; 

34\103_103795.jpg
234 400
18 226 214 384; 22 228 217 379; 18 227 216 378; 

34\103_103883.jpg
400 293
117 76 326 283; 83 54 319 261; 106 83 302 263; 

34\103_103892.jpg
400 400
103 71 357 308; 111 80 336 304; 111 79 335 307; 

34\103_103901.jpg
400 318
95 12 325 317; 101 22 362 227; 100 21 362 319; 

34\103_103910.jpg
311 400
99 40 221 360; 108 67 211 361; 110 49 214 361; 

34\103_103912.jpg
400 320
55 1 267 311; 55 107 265 275; 57 1 265 275; 

34\103_103936.jpg
399 343
62 38 217 329; 63 45 217 308; 63 45 216 307; 

34\103_103941.jpg
400 310
54 22 358 226; 186 98 355 226; 51 15 355 224; 

34\103_103946.jpg
400 266
178 21 385 246; 177 21 386 244; 179 22 384 246; 

34\103_103951.jpg
400 300
79 161 242 241; 83 164 240 242; 82 164 239 242; 

34\103_103952.jpg
400 384
156 50 369 203; 160 60 364 206; 159 59 364 208; 

34\103_103953.jpg
400 300
115 36 376 286; 108 32 372 284; 118 46 373 287; 

34\103_103954.jpg
380 400
28 6 216 228; 34 6 222 222; 34 6 222 211; 

34\103_103961.jpg
400 266
118 34 322 198; 127 42 294 179; 126 43 294 173; 

34\103_103967.jpg
312 400
80 54 296 278; 78 59 298 278; 78 58 296 277; 

34\103_103969.jpg
400 337
21 19 266 216; 16 16 264 212; 16 18 264 215; 

34\103_103970.jpg
400 291
137 40 354 249; 138 35 359 248; 138 34 358 246; 

34\103_103985.jpg
400 400
35 64 338 322; 61 77 336 308; 44 71 329 315; 

34\104_104017.jpg
320 400
74 36 302 318; 76 124 310 302; 76 5 310 299; 

34\104_104020.jpg
320 400
55 29 286 332; 71 128 286 307; 52 2 284 304; 

34\104_104030.jpg
400 320
151 46 209 278; 155 47 206 278; 158 48 205 275; 

34\104_104037.jpg
400 353
130 28 345 277; 159 21 340 255; 159 23 337 254; 

34\104_104041.jpg
300 400
14 11 181 367; 19 30 179 363; 14 1 178 400; 

34\104_104042.jpg
400 266
184 48 316 261; 174 46 325 262; 174 46 326 266; 

34\104_104043.jpg
351 400
62 47 265 276; 70 40 274 284; 71 41 274 260; 

34\104_104046.jpg
400 266
106 22 286 203; 105 27 286 203; 107 28 285 202; 

34\104_104047.jpg
400 329
116 99 252 212; 117 108 255 204; 120 109 198 182; 

34\104_104050.jpg
400 263
19 80 389 240; 15 82 384 232; 17 39 384 234; 

34\104_104051.jpg
400 266
19 22 191 264; 35 54 162 265; 8 0 189 168; 

34\104_104058.jpg
266 400
32 41 234 238; 42 41 234 231; 46 40 232 228; 

34\104_104059.jpg
400 266
132 44 286 208; 134 52 288 212; 136 51 275 191; 

34\104_104060.jpg
266 400
49 36 225 243; 55 37 222 239; 52 38 223 240; 

34\104_104064.jpg
266 400
34 69 254 316; 32 74 262 307; 32 73 266 309; 

34\104_104066.jpg
400 315
56 11 357 230; 57 12 355 224; 56 14 356 231; 

34\104_104068.jpg
378 400
65 39 289 349; 68 38 228 351; 66 41 228 205; 

34\104_104069.jpg
400 377
58 51 345 365; 56 48 319 228; 54 52 338 290; 

34\104_104078.jpg
300 400
67 105 213 389; 71 105 212 399; 69 105 202 359; 

34\104_104080.jpg
400 300
73 5 322 290; 150 5 312 179; 65 4 326 300; 

34\104_104084.jpg
305 400
53 58 228 390; 70 54 224 308; 71 54 222 308; 

34\104_104085.jpg
348 400
82 94 280 336; 84 95 257 336; 84 95 259 334; 

34\104_104094.jpg
266 400
43 24 216 391; 46 21 222 398; 43 22 220 400; 

34\104_104104.jpg
400 300
99 86 288 284; 88 89 314 298; 86 82 308 300; 

34\104_104105.jpg
400 393
106 81 284 262; 118 102 264 256; 106 89 287 262; 

34\104_104125.jpg
400 400
95 26 349 355; 101 41 334 321; 93 25 339 337; 

34\104_104126.jpg
399 399
97 45 330 339; 100 48 326 321; 92 35 329 336; 

34\104_104129.jpg
400 300
232 66 372 208; 230 66 386 211; 229 50 383 218; 

34\104_104134.jpg
320 400
74 28 279 308; 75 120 309 301; 77 4 311 300; 

34\104_104135.jpg
400 284
138 62 272 229; 167 54 241 229; 0 54 341 228; 

34\104_104144.jpg
399 383
58 31 354 281; 58 33 350 276; 58 34 350 365; 

34\104_104185.jpg
266 400
46 50 232 378; 49 52 242 347; 68 1 256 267; 

34\104_104255.jpg
380 400
106 48 329 368; 114 49 332 369; 168 47 268 174; 

34\104_104260.jpg
400 305
104 131 381 271; 109 109 378 269; 111 106 379 273; 

34\104_104261.jpg
400 300
34 51 346 264; 34 56 358 256; 63 51 359 261; 

34\104_104264.jpg
272 400
34 54 253 318; 15 54 249 314; 141 54 248 162; 

34\104_104313.jpg
383 399
53 50 295 369; 53 51 292 375; 53 49 292 327; 

34\104_104344.jpg
400 300
101 34 314 227; 101 36 313 227; 102 33 313 226; 

34\104_104349.jpg
320 400
34 58 304 271; 69 83 295 284; 3 77 320 258; 

34\104_104351.jpg
400 351
54 12 352 281; 52 17 354 276; 55 14 351 278; 

34\104_104356.jpg
400 266
31 63 379 227; 30 66 379 228; 29 66 378 228; 

34\104_104359.jpg
400 266
21 17 279 249; 127 79 272 200; 0 57 326 266; 

34\104_104398.jpg
400 266
131 45 236 194; 133 42 233 190; 134 44 231 187; 

34\104_104399.jpg
400 266
58 44 314 261; 132 41 282 198; 149 44 282 179; 

34\104_104400.jpg
400 264
114 54 294 232; 114 56 292 232; 115 56 291 231; 

34\104_104403.jpg
266 400
66 128 223 340; 67 130 241 341; 66 129 241 341; 

34\104_104408.jpg
400 400
78 41 301 321; 118 90 230 273; 76 44 249 272; 

34\104_104428.jpg
294 400
66 28 193 381; 66 27 198 385; 67 30 198 385; 

34\104_104455.jpg
400 300
109 49 287 259; 111 48 287 259; 112 49 285 259; 

34\104_104464.jpg
400 300
82 46 353 295; 82 44 353 299; 84 45 352 299; 

34\104_104468.jpg
400 265
217 40 284 237; 213 39 276 234; 214 38 276 233; 

34\104_104493.jpg
400 300
113 48 371 293; 112 72 326 300; 117 66 329 298; 

34\104_104497.jpg
300 400
39 64 147 341; 38 101 147 337; 37 111 149 336; 

34\104_104503.jpg
375 400
114 20 268 366; 139 27 252 372; 136 27 251 378; 

34\104_104507.jpg
399 296
26 75 385 273; 24 74 384 274; 26 74 383 273; 

34\104_104532.jpg
400 200
137 98 301 166; 142 112 321 162; 141 96 298 162; 

34\104_104547.jpg
300 400
33 49 181 264; 34 49 182 261; 33 48 180 261; 

34\104_104558.jpg
277 400
98 22 234 185; 94 21 249 199; 97 19 248 199; 

34\104_104576.jpg
400 266
30 43 247 207; 30 40 246 192; 33 42 245 211; 

34\104_104577.jpg
266 400
12 152 258 339; 12 152 256 338; 14 152 254 338; 

34\104_104579.jpg
266 400
57 86 209 391; 60 89 203 246; 61 91 202 379; 

34\104_104580.jpg
266 400
45 101 233 313; 45 102 232 313; 46 103 231 313; 

34\104_104584.jpg
400 266
103 68 308 250; 98 74 306 249; 101 73 306 250; 

34\104_104586.jpg
400 267
71 70 332 264; 58 70 326 217; 59 70 326 215; 

34\104_104587.jpg
400 266
48 70 200 196; 45 70 199 238; 47 69 199 238; 

34\104_104593.jpg
206 400
19 20 118 296; 18 10 121 292; 8 11 120 342; 

34\104_104616.jpg
285 400
78 7 220 392; 79 8 232 339; 79 8 230 400; 

34\104_104619.jpg
266 400
79 29 241 394; 89 32 256 311; 119 32 201 112; 

34\104_104621.jpg
266 400
2 164 204 336; 113 164 266 339; 139 165 201 231; 

34\104_104622.jpg
400 266
179 42 370 238; 183 44 366 238; 183 43 366 238; 

34\104_104626.jpg
400 300
176 0 348 291; 189 1 349 291; 191 0 349 291; 

34\104_104639.jpg
400 266
26 59 352 181; 26 59 355 179; 24 59 356 180; 

34\104_104649.jpg
400 300
69 70 311 266; 75 68 311 224; 69 71 309 234; 

34\104_104650.jpg
400 295
177 36 331 288; 177 36 330 290; 178 37 331 291; 

34\104_104652.jpg
400 261
166 1 385 252; 162 1 399 260; 163 0 399 260; 

34\104_104661.jpg
366 400
231 89 333 373; 236 96 328 377; 236 94 326 376; 

34\104_104668.jpg
400 300
62 10 291 256; 63 2 291 252; 63 3 289 256; 

34\104_104714.jpg
400 320
64 28 351 293; 67 4 375 297; 59 2 375 297; 

34\104_104715.jpg
400 389
91 10 364 299; 90 8 359 295; 90 8 357 294; 

34\104_104730.jpg
400 262
112 6 276 238; 118 2 282 229; 117 2 282 232; 

34\104_104756.jpg
400 400
49 47 361 351; 65 72 386 393; 68 44 262 149; 

34\104_104768.jpg
368 400
51 59 295 355; 58 57 295 361; 56 51 272 278; 

34\104_104769.jpg
400 291
56 24 333 269; 68 101 330 275; 72 98 328 274; 

34\104_104800.jpg
216 400
44 24 179 351; 42 28 182 360; 42 21 181 367; 

34\104_104817.jpg
303 400
36 199 124 377; 40 197 128 379; 49 199 126 376; 

34\104_104835.jpg
400 300
108 35 351 272; 114 31 355 272; 96 34 356 271; 

34\104_104836.jpg
400 328
98 58 354 313; 97 61 379 319; 95 59 379 321; 

34\104_104837.jpg
400 300
37 65 315 238; 39 61 315 236; 40 61 314 235; 

34\104_104838.jpg
400 300
138 64 368 260; 140 64 365 262; 136 66 368 256; 

34\104_104839.jpg
400 300
98 22 336 204; 99 102 274 204; 99 104 273 203; 

34\104_104841.jpg
300 400
42 66 274 184; 43 67 234 399; 43 64 230 184; 

34\104_104845.jpg
302 400
44 59 254 351; 50 61 256 341; 50 61 258 350; 

34\104_104848.jpg
400 256
88 61 382 214; 90 62 380 219; 92 65 399 252; 

34\104_104849.jpg
400 318
32 54 167 289; 34 52 164 290; 34 54 164 291; 

34\104_104850.jpg
280 400
2 156 272 369; 2 158 280 309; 81 207 189 266; 

34\104_104860.jpg
400 286
32 42 262 257; 30 48 264 252; 31 46 259 166; 

34\104_104869.jpg
266 400
38 109 139 216; 39 108 248 213; 39 115 138 212; 

34\104_104873.jpg
400 266
74 63 200 239; 78 66 199 244; 78 65 199 244; 

34\104_104875.jpg
306 400
33 108 287 327; 31 107 290 323; 30 108 290 325; 

34\104_104897.jpg
400 281
86 54 244 235; 88 68 250 246; 88 63 269 246; 

34\104_104899.jpg
266 400
62 122 164 394; 69 129 151 392; 68 124 151 392; 

34\104_104931.jpg
400 260
106 22 300 214; 109 21 301 238; 108 21 302 240; 

34\104_104934.jpg
400 248
130 4 284 164; 130 1 309 176; 131 1 308 174; 

34\104_104947.jpg
400 266
28 8 203 236; 33 101 204 234; 32 101 202 234; 

34\104_104957.jpg
400 266
84 113 347 236; 86 116 348 240; 86 116 346 234; 

34\104_104960.jpg
400 266
41 51 314 231; 24 43 219 202; 25 42 220 199; 

34\104_104961.jpg
400 266
62 72 327 209; 66 74 327 204; 65 72 329 203; 

34\104_104962.jpg
400 266
50 64 336 242; 52 41 219 198; 51 41 218 196; 

34\104_104963.jpg
400 319
6 132 231 298; 11 136 259 304; 1 136 261 311; 

34\104_104970.jpg
400 290
109 5 330 274; 121 34 316 272; 106 2 322 279; 

34\104_104973.jpg
400 265
124 28 394 257; 120 81 392 260; 121 4 393 265; 

34\104_104974.jpg
400 298
114 98 351 281; 112 142 354 279; 111 96 392 291; 

34\104_104979.jpg
400 381
86 126 260 303; 70 133 279 305; 68 33 274 310; 

34\104_104984.jpg
400 236
88 68 254 201; 89 69 266 157; 88 68 271 155; 

34\104_104991.jpg
313 400
76 20 247 384; 82 12 290 399; 107 11 230 178; 

34\104_104993.jpg
313 400
154 24 293 399; 145 27 314 400; 148 26 314 399; 

