292

36\108_108009.jpg
256 384
24 127 223 352; 24 133 219 321; 23 133 219 355; 

36\108_108020.jpg
400 320
134 59 374 163; 144 67 277 164; 118 37 399 164; 

36\108_108024.jpg
400 300
30 46 204 244; 33 45 198 246; 27 39 198 242; 

36\108_108025.jpg
400 303
128 29 341 226; 111 34 341 237; 111 32 276 238; 

36\108_108059.jpg
400 270
48 23 229 214; 42 24 229 212; 43 23 229 210; 

36\108_108070.jpg
266 399
47 43 210 297; 46 48 210 296; 49 46 207 298; 

36\108_108073.jpg
400 266
129 86 249 244; 135 88 296 247; 87 13 295 207; 

36\108_108111.jpg
400 266
153 58 313 214; 153 56 271 201; 154 58 271 202; 

36\108_108117.jpg
400 266
142 39 317 192; 139 39 321 190; 142 39 321 190; 

36\108_108118.jpg
400 266
171 98 350 236; 171 98 349 235; 172 99 349 235; 

36\108_108120.jpg
400 266
74 16 298 266; 73 15 242 168; 82 14 242 141; 

36\108_108121.jpg
400 266
50 28 298 215; 75 27 234 175; 74 28 230 178; 

36\108_108126.jpg
400 330
111 48 351 311; 115 49 351 228; 113 51 351 238; 

36\108_108132.jpg
400 320
159 57 366 251; 162 61 369 245; 162 60 368 245; 

36\108_108164.jpg
400 277
148 29 390 261; 148 34 395 261; 147 29 400 261; 

36\108_108165.jpg
285 400
17 108 268 361; 63 139 222 298; 62 138 221 296; 

36\108_108171.jpg
400 284
76 49 367 267; 75 73 249 261; 75 75 249 259; 

36\108_108173.jpg
400 323
96 112 342 291; 102 111 242 306; 4 111 398 309; 

36\108_108180.jpg
400 300
42 24 304 286; 49 24 290 205; 45 26 305 285; 

36\108_108198.jpg
266 400
51 32 218 363; 51 39 218 364; 51 38 219 362; 

36\108_108199.jpg
400 286
85 56 328 258; 89 55 226 218; 89 54 327 239; 

36\108_108213.jpg
400 266
129 76 394 260; 131 76 299 248; 132 76 312 246; 

36\108_108217.jpg
400 300
16 96 387 284; 71 99 390 269; 4 98 388 294; 

36\108_108227.jpg
266 400
55 19 181 283; 55 19 179 289; 53 23 180 287; 

36\108_108228.jpg
400 266
130 77 388 256; 132 77 305 244; 132 77 326 247; 

36\108_108231.jpg
400 266
128 86 330 265; 129 76 303 247; 132 76 322 247; 

36\108_108234.jpg
320 400
79 251 255 387; 84 252 252 365; 88 253 251 363; 

36\108_108251.jpg
400 266
35 55 352 224; 78 58 306 191; 79 57 309 191; 

36\108_108254.jpg
266 400
44 19 222 369; 36 2 239 399; 44 10 216 399; 

36\108_108255.jpg
266 400
49 42 211 390; 55 14 206 398; 36 151 191 400; 

36\108_108262.jpg
266 400
39 48 216 314; 55 60 219 320; 54 79 264 314; 

36\108_108264.jpg
266 400
71 48 226 381; 64 62 219 240; 72 58 216 388; 

36\108_108274.jpg
399 288
57 33 354 245; 98 48 296 166; 48 34 369 247; 

36\108_108278.jpg
400 266
116 71 312 258; 117 71 309 199; 116 72 309 266; 

36\108_108284.jpg
400 296
78 79 239 195; 78 79 232 191; 78 78 231 193; 

36\108_108286.jpg
400 300
74 43 375 239; 123 84 378 184; 121 83 379 184; 

36\108_108317.jpg
288 400
31 43 251 328; 43 79 242 317; 41 80 245 317; 

36\108_108334.jpg
400 338
157 42 336 225; 155 43 338 225; 157 42 337 222; 

36\108_108337.jpg
400 388
79 41 287 240; 86 34 284 230; 88 32 285 239; 

36\108_108342.jpg
327 400
56 48 219 200; 41 46 221 200; 55 46 221 188; 

36\108_108347.jpg
353 400
39 47 298 314; 39 46 299 308; 39 44 298 308; 

36\108_108356.jpg
400 400
6 59 261 392; 64 58 169 218; 64 57 152 168; 

36\108_108360.jpg
400 348
121 111 298 287; 121 117 296 282; 122 114 294 283; 

36\108_108362.jpg
400 320
42 56 344 310; 41 21 386 308; 136 20 231 204; 

36\108_108367.jpg
395 400
162 155 331 266; 153 158 331 268; 159 156 332 269; 

36\108_108369.jpg
400 268
163 11 336 254; 162 78 332 248; 164 2 331 248; 

36\108_108381.jpg
400 299
22 55 317 211; 127 58 314 203; 126 56 312 215; 

36\108_108387.jpg
400 266
150 11 352 259; 152 11 342 232; 152 12 399 266; 

36\108_108397.jpg
400 219
102 33 338 187; 80 30 339 187; 76 32 342 188; 

36\108_108398.jpg
400 299
76 43 321 293; 79 44 324 211; 79 46 326 235; 

36\108_108400.jpg
400 262
22 23 127 129; 24 22 125 126; 23 24 124 126; 

36\108_108401.jpg
400 266
14 5 249 204; 171 69 290 166; 2 1 289 206; 

36\108_108424.jpg
400 320
163 33 389 277; 162 35 393 275; 160 35 391 320; 

36\108_108425.jpg
399 265
200 10 362 237; 204 8 350 187; 201 1 367 184; 

36\108_108426.jpg
400 353
164 16 338 332; 166 101 342 335; 168 11 369 338; 

36\108_108436.jpg
400 300
99 85 289 199; 101 89 289 199; 101 89 289 198; 

36\108_108450.jpg
399 266
93 33 328 261; 93 34 328 258; 93 34 328 256; 

36\108_108463.jpg
285 400
56 54 201 312; 65 91 201 290; 39 48 202 289; 

36\108_108481.jpg
400 266
28 6 226 263; 33 7 226 228; 31 7 224 238; 

36\108_108487.jpg
300 400
38 36 168 370; 34 38 168 367; 38 38 168 368; 

36\108_108490.jpg
266 400
78 114 178 361; 81 98 165 356; 79 94 164 356; 

36\108_108502.jpg
266 400
46 138 227 370; 47 14 257 294; 42 11 258 372; 

36\108_108523.jpg
400 300
77 63 320 255; 78 81 308 254; 79 64 318 254; 

36\108_108556.jpg
400 400
60 32 362 241; 71 34 369 233; 21 32 381 242; 

36\108_108559.jpg
356 400
29 100 325 292; 32 99 327 286; 29 100 327 287; 

36\108_108563.jpg
400 254
94 4 305 222; 85 22 302 228; 105 1 301 228; 

36\108_108574.jpg
400 318
36 42 355 282; 51 38 358 234; 34 39 358 279; 

36\108_108580.jpg
272 400
5 182 190 391; 4 180 188 389; 4 164 188 389; 

36\108_108582.jpg
400 300
136 60 302 224; 134 59 302 222; 136 59 300 221; 

36\108_108583.jpg
305 400
97 46 288 360; 89 46 290 354; 91 47 291 211; 

36\108_108588.jpg
400 400
66 113 342 336; 71 114 344 339; 71 113 342 339; 

36\108_108590.jpg
246 400
33 94 201 392; 32 96 187 393; 33 94 186 391; 

36\108_108594.jpg
400 328
44 26 332 299; 42 24 334 298; 42 22 334 297; 

36\108_108600.jpg
400 309
49 16 304 303; 49 18 302 302; 51 19 301 300; 

36\108_108618.jpg
300 400
71 119 236 283; 74 121 233 281; 74 121 232 279; 

36\108_108624.jpg
400 300
36 71 308 296; 87 73 308 300; 86 72 308 300; 

36\108_108632.jpg
400 287
114 48 278 236; 123 41 278 237; 122 38 276 233; 

36\108_108638.jpg
320 399
126 115 290 396; 125 115 293 400; 126 113 292 400; 

36\108_108644.jpg
352 400
82 43 274 390; 85 160 268 371; 74 57 284 400; 

36\108_108673.jpg
400 266
60 21 181 260; 65 21 174 256; 64 23 184 258; 

36\108_108676.jpg
400 266
25 37 391 196; 89 32 398 189; 16 33 399 209; 

36\108_108679.jpg
400 312
40 44 328 286; 38 46 327 304; 39 45 324 306; 

36\108_108689.jpg
400 300
46 102 368 221; 44 103 370 194; 46 105 368 226; 

36\108_108698.jpg
400 231
31 68 184 163; 32 76 179 163; 34 74 180 164; 

36\108_108704.jpg
320 399
117 102 226 328; 125 98 213 326; 125 98 212 326; 

36\108_108706.jpg
400 320
102 18 335 298; 100 21 270 308; 103 21 332 312; 

36\108_108707.jpg
399 320
35 85 255 264; 35 86 253 268; 34 86 253 272; 

36\108_108719.jpg
399 266
65 105 326 196; 38 106 330 199; 77 107 284 182; 

36\108_108740.jpg
400 266
14 59 218 222; 88 61 219 222; 0 61 219 222; 

36\108_108749.jpg
400 266
47 66 221 229; 45 65 240 225; 46 65 241 225; 

36\108_108751.jpg
400 257
48 119 170 244; 48 121 187 231; 51 121 186 233; 

36\108_108793.jpg
333 399
81 189 288 385; 81 190 285 379; 83 189 283 378; 

36\108_108841.jpg
400 277
142 44 349 244; 131 47 368 247; 131 47 369 248; 

36\108_108842.jpg
295 400
14 76 216 396; 9 80 201 227; 9 1 267 226; 

36\108_108848.jpg
400 300
51 55 362 208; 52 55 398 205; 51 56 399 281; 

36\108_108853.jpg
400 306
153 53 326 299; 158 58 327 306; 158 60 326 306; 

36\108_108857.jpg
285 400
34 28 248 258; 16 19 254 258; 57 20 143 151; 

36\108_108858.jpg
400 322
136 34 376 303; 141 19 392 270; 249 20 351 143; 

36\108_108866.jpg
400 400
77 45 343 302; 82 44 349 298; 82 44 348 298; 

36\108_108872.jpg
400 300
236 41 368 164; 234 39 365 164; 234 40 364 164; 

36\108_108909.jpg
400 266
47 35 321 256; 45 38 319 209; 44 37 319 266; 

36\108_108925.jpg
400 312
42 109 192 262; 26 112 192 307; 28 114 190 308; 

36\108_108926.jpg
400 270
76 87 292 258; 76 90 292 263; 76 91 301 263; 

36\108_108928.jpg
400 270
85 24 339 262; 87 24 354 262; 87 22 392 264; 

36\108_108929.jpg
270 400
31 32 256 319; 42 133 264 321; 28 10 263 321; 

36\108_108946.jpg
400 371
53 78 226 367; 54 80 230 371; 54 17 229 371; 

36\108_108949.jpg
400 289
36 47 289 235; 36 48 269 246; 58 64 132 158; 

36\108_108953.jpg
266 400
76 16 186 384; 77 16 182 235; 78 16 182 380; 

36\108_108954.jpg
266 400
30 21 208 376; 32 17 205 318; 26 17 205 399; 

36\108_108957.jpg
266 400
48 6 211 220; 51 0 261 208; 52 0 261 207; 

36\108_108958.jpg
266 400
33 2 188 276; 107 22 179 189; 6 2 193 195; 

36\108_108961.jpg
266 400
39 26 223 325; 126 89 196 213; 23 24 220 214; 

36\108_108971.jpg
380 400
45 229 336 345; 45 141 336 342; 44 244 335 342; 

36\108_108973.jpg
399 360
37 118 348 334; 40 117 342 318; 41 118 399 360; 

36\108_108974.jpg
400 266
68 87 381 211; 70 81 381 203; 68 83 384 204; 

36\108_108975.jpg
400 262
51 28 262 240; 58 40 260 227; 64 42 259 226; 

36\108_108987.jpg
253 400
16 58 239 318; 92 134 240 317; 18 61 241 316; 

36\108_108998.jpg
400 288
99 22 292 281; 77 21 298 288; 144 24 281 166; 

36\109_109000.jpg
400 266
0 4 192 200; 1 32 139 176; 0 6 182 199; 

36\109_109002.jpg
400 346
134 19 346 298; 163 68 336 278; 162 16 341 276; 

36\109_109015.jpg
400 266
108 47 371 203; 99 41 376 199; 101 39 381 198; 

36\109_109020.jpg
400 266
56 38 246 261; 36 29 249 266; 118 2 292 266; 

36\109_109032.jpg
308 400
35 117 209 389; 34 119 206 400; 35 121 206 399; 

36\109_109060.jpg
400 266
32 18 242 229; 30 1 294 196; 0 2 343 267; 

36\109_109071.jpg
400 353
70 4 211 346; 74 1 209 339; 74 1 209 346; 

36\109_109072.jpg
400 335
268 21 374 263; 264 26 384 260; 262 25 384 258; 

36\109_109073.jpg
400 300
6 98 228 296; 9 101 230 298; 0 101 235 300; 

36\109_109075.jpg
400 300
95 9 279 296; 106 1 294 228; 104 1 312 226; 

36\109_109081.jpg
318 400
10 118 259 387; 96 117 255 281; 99 117 254 281; 

36\109_109104.jpg
400 266
247 12 344 259; 247 10 345 265; 248 9 345 265; 

36\109_109134.jpg
400 391
111 153 393 357; 105 155 395 350; 108 155 396 351; 

36\109_109136.jpg
283 400
132 68 268 213; 131 72 242 204; 132 72 240 206; 

36\109_109143.jpg
301 400
143 68 281 260; 141 56 295 262; 144 54 298 395; 

36\109_109144.jpg
400 223
49 28 375 154; 49 28 372 158; 49 27 371 158; 

36\109_109145.jpg
400 383
3 152 390 378; 5 154 327 382; 0 155 399 382; 

36\109_109147.jpg
400 300
92 52 254 275; 92 52 251 274; 94 54 252 274; 

36\109_109158.jpg
300 400
38 18 254 325; 34 18 255 354; 35 17 254 359; 

36\109_109162.jpg
400 154
216 9 388 149; 217 7 392 155; 215 1 393 154; 

36\109_109164.jpg
400 255
25 19 356 183; 13 15 358 182; 9 18 358 183; 

36\109_109169.jpg
400 266
181 94 323 219; 179 95 323 217; 189 96 322 216; 

36\109_109170.jpg
320 400
22 112 221 232; 19 108 220 231; 19 106 219 373; 

36\109_109182.jpg
400 266
135 36 340 249; 131 32 342 256; 138 32 341 256; 

36\109_109185.jpg
400 320
44 65 229 181; 46 26 233 181; 48 29 234 179; 

36\109_109186.jpg
400 320
182 125 351 269; 188 158 339 252; 182 160 338 252; 

36\109_109191.jpg
400 300
14 24 261 273; 27 21 257 276; 26 25 256 274; 

36\109_109195.jpg
400 253
156 94 361 174; 119 102 350 164; 94 59 351 165; 

36\109_109202.jpg
400 266
167 13 329 256; 181 18 327 254; 180 17 326 254; 

36\109_109206.jpg
400 300
127 38 281 208; 130 36 280 209; 130 35 281 209; 

36\109_109214.jpg
400 300
130 114 361 270; 132 114 363 274; 134 114 362 249; 

36\109_109224.jpg
400 311
138 36 362 262; 137 34 376 275; 133 36 377 273; 

36\109_109226.jpg
400 266
149 62 291 211; 149 64 291 209; 150 61 291 209; 

36\109_109233.jpg
284 400
83 20 231 327; 83 21 236 331; 84 21 236 330; 

36\109_109239.jpg
400 266
113 59 328 258; 112 59 334 266; 112 59 335 266; 

36\109_109241.jpg
400 271
152 11 335 173; 149 15 333 169; 149 14 333 171; 

36\109_109254.jpg
400 320
56 109 220 251; 55 106 218 253; 55 105 216 254; 

36\109_109256.jpg
400 320
69 69 222 241; 64 69 218 234; 66 70 219 247; 

36\109_109261.jpg
400 268
219 26 397 212; 224 21 384 209; 226 21 399 207; 

36\109_109266.jpg
400 266
24 31 228 257; 4 32 228 230; 4 32 227 229; 

36\109_109267.jpg
400 266
129 31 220 221; 128 30 218 222; 92 31 218 222; 

36\109_109272.jpg
400 351
134 62 268 296; 136 66 257 291; 136 66 263 293; 

36\109_109287.jpg
300 400
69 39 248 259; 68 133 244 259; 68 29 246 259; 

36\109_109297.jpg
266 399
54 130 241 256; 59 132 237 256; 59 133 238 256; 

36\109_109309.jpg
318 400
51 71 261 391; 44 71 261 400; 159 71 259 183; 

36\109_109320.jpg
400 269
94 74 298 204; 94 59 313 207; 73 56 313 204; 

36\109_109327.jpg
400 275
51 47 171 140; 44 48 171 154; 45 49 170 153; 

36\109_109344.jpg
400 266
46 65 323 222; 37 41 389 251; 36 41 389 254; 

36\109_109345.jpg
400 266
64 20 300 230; 175 75 258 229; 137 22 257 229; 

36\109_109346.jpg
400 300
47 41 255 257; 75 79 242 220; 55 41 256 263; 

36\109_109356.jpg
400 285
157 74 383 241; 160 79 386 238; 158 79 388 238; 

36\109_109360.jpg
400 380
33 71 352 301; 109 70 354 231; 32 71 354 299; 

36\109_109373.jpg
400 167
66 24 142 150; 74 26 140 138; 76 26 141 139; 

36\109_109377.jpg
266 400
3 89 255 242; 0 90 258 241; 2 92 257 242; 

36\109_109378.jpg
175 400
22 76 172 280; 21 77 175 290; 22 11 175 283; 

36\109_109395.jpg
400 400
144 94 362 392; 142 97 359 400; 148 98 360 287; 

36\109_109418.jpg
266 399
52 83 205 346; 56 86 215 355; 1 30 265 350; 

36\109_109420.jpg
400 271
122 13 254 255; 129 14 252 258; 131 14 252 258; 

36\109_109424.jpg
400 221
96 44 262 202; 96 44 262 203; 96 46 262 204; 

36\109_109434.jpg
400 354
37 35 237 326; 35 38 231 323; 38 38 233 324; 

36\109_109435.jpg
400 331
12 25 311 288; 12 24 313 298; 12 26 312 300; 

36\109_109436.jpg
400 323
102 23 381 232; 104 22 377 228; 79 24 378 228; 

36\109_109438.jpg
400 320
62 36 306 301; 59 39 307 304; 59 38 306 176; 

36\109_109439.jpg
360 399
31 33 354 206; 76 49 351 177; 52 18 350 203; 

36\109_109448.jpg
400 311
113 72 266 160; 59 24 324 218; 113 74 265 159; 

36\109_109449.jpg
320 400
8 39 239 322; 6 131 234 316; 5 46 234 324; 

36\109_109451.jpg
400 300
65 48 304 289; 68 49 303 300; 118 50 302 236; 

36\109_109456.jpg
400 300
132 42 312 280; 141 44 311 269; 99 40 312 268; 

36\109_109480.jpg
299 400
64 32 293 256; 66 18 229 269; 66 17 232 266; 

36\109_109487.jpg
400 307
101 110 352 234; 102 109 362 232; 101 109 364 232; 

36\109_109488.jpg
400 286
156 34 314 273; 189 28 317 254; 158 27 315 272; 

36\109_109491.jpg
308 400
59 22 256 386; 59 22 252 282; 59 22 252 281; 

36\109_109502.jpg
400 288
137 82 264 203; 141 104 261 198; 83 61 368 211; 

36\109_109504.jpg
400 300
169 91 341 236; 174 91 349 233; 174 93 354 234; 

36\109_109506.jpg
400 266
47 91 306 227; 46 92 306 236; 45 92 305 238; 

36\109_109509.jpg
399 274
63 95 350 230; 65 97 353 231; 63 96 353 220; 

36\109_109513.jpg
313 399
116 73 281 217; 125 71 268 214; 120 72 266 209; 

36\109_109518.jpg
400 349
178 76 342 308; 242 36 342 314; 177 35 342 325; 

36\109_109550.jpg
266 400
72 52 196 329; 99 53 179 304; 95 53 187 306; 

36\109_109571.jpg
266 400
28 31 179 206; 28 32 170 250; 28 32 183 249; 

36\109_109576.jpg
400 266
34 70 342 226; 135 70 340 225; 31 67 338 225; 

36\109_109582.jpg
400 320
128 68 352 282; 126 68 346 320; 128 69 354 313; 

36\109_109587.jpg
343 400
91 53 280 383; 91 55 227 218; 99 55 242 218; 

36\109_109602.jpg
400 390
18 40 348 321; 149 40 319 318; 10 39 394 331; 

36\109_109604.jpg
301 400
133 100 262 276; 116 94 262 298; 116 94 262 298; 

36\109_109618.jpg
400 291
140 9 382 276; 179 58 301 274; 136 2 372 274; 

36\109_109621.jpg
400 300
138 61 374 292; 139 63 366 208; 139 61 358 210; 

36\109_109623.jpg
392 400
49 66 344 359; 52 96 346 369; 47 97 343 369; 

36\109_109640.jpg
343 400
8 26 225 347; 6 31 236 271; 4 31 216 271; 

36\109_109643.jpg
400 322
65 23 228 242; 74 28 233 172; 76 22 233 171; 

36\109_109647.jpg
400 265
43 44 293 178; 43 46 296 174; 43 48 295 178; 

36\109_109648.jpg
399 241
53 64 381 214; 60 66 316 221; 55 67 399 186; 

36\109_109655.jpg
400 300
99 4 392 206; 99 2 386 206; 100 1 399 205; 

36\109_109657.jpg
266 400
122 111 246 286; 126 116 241 283; 125 116 241 282; 

36\109_109671.jpg
400 296
65 122 241 261; 66 123 321 296; 66 124 321 296; 

36\109_109674.jpg
400 267
91 76 343 174; 91 76 364 174; 91 76 362 174; 

36\109_109705.jpg
400 321
184 185 316 284; 184 179 318 286; 186 180 320 283; 

36\109_109746.jpg
400 275
22 110 321 261; 35 111 319 249; 21 112 319 249; 

36\109_109758.jpg
300 400
31 117 254 357; 29 120 260 328; 33 120 256 361; 

36\109_109787.jpg
400 338
30 27 358 271; 17 32 361 274; 17 32 361 316; 

36\109_109788.jpg
400 273
34 54 328 221; 141 51 329 221; 176 56 326 222; 

36\109_109792.jpg
399 370
114 71 348 352; 110 96 337 370; 114 40 344 370; 

36\109_109793.jpg
400 298
62 18 251 248; 155 6 249 243; 59 8 248 280; 

36\109_109795.jpg
400 346
39 102 350 308; 41 102 351 240; 41 102 351 239; 

36\109_109799.jpg
400 358
26 26 272 289; 21 28 271 289; 22 26 271 288; 

36\109_109812.jpg
400 250
181 108 339 207; 79 17 370 228; 153 97 368 221; 

36\109_109851.jpg
400 281
138 44 383 261; 140 46 385 263; 139 46 384 264; 

36\109_109865.jpg
400 266
92 108 226 239; 3 109 229 238; 4 108 229 238; 

36\109_109867.jpg
300 400
58 53 226 394; 61 52 224 346; 59 50 228 347; 

36\109_109868.jpg
300 400
60 38 227 273; 55 29 248 274; 55 29 254 274; 

36\109_109869.jpg
300 400
69 16 229 384; 69 16 230 302; 70 16 228 301; 

36\109_109870.jpg
399 399
63 85 288 293; 103 85 291 290; 104 88 290 289; 

36\109_109872.jpg
318 399
35 58 242 394; 41 59 226 400; 31 60 292 400; 

36\109_109888.jpg
400 301
86 34 293 273; 85 35 261 190; 85 14 343 301; 

36\109_109920.jpg
400 266
144 55 279 201; 148 57 280 202; 149 57 279 258; 

36\109_109921.jpg
400 266
1 104 302 218; 2 107 296 218; 1 106 297 218; 

36\109_109925.jpg
400 266
85 105 386 203; 85 111 255 198; 83 106 399 197; 

36\109_109930.jpg
400 300
56 56 354 296; 52 10 319 208; 51 0 399 198; 

36\109_109932.jpg
400 320
137 105 382 256; 138 108 387 256; 139 109 386 256; 

36\109_109959.jpg
400 266
11 72 173 252; 82 76 198 201; 6 76 194 265; 

36\109_109966.jpg
266 399
62 114 206 392; 63 106 205 400; 63 109 205 400; 

36\109_109975.jpg
300 400
85 59 230 336; 88 2 257 332; 88 74 213 335; 

36\109_109997.jpg
320 400
18 92 241 385; 85 90 239 236; 86 91 239 233; 

36\110_110010.jpg
386 400
114 44 360 398; 14 28 356 181; 114 54 362 399; 

36\110_110027.jpg
400 266
33 77 313 259; 10 95 281 266; 0 100 330 266; 

36\110_110031.jpg
324 400
60 19 264 378; 64 36 259 361; 53 15 271 384; 

36\110_110040.jpg
276 400
64 14 255 228; 47 48 257 229; 48 15 258 232; 

36\110_110041.jpg
400 286
16 71 336 276; 70 69 328 270; 25 71 339 286; 

36\110_110068.jpg
400 286
12 2 209 274; 26 88 194 217; 20 0 203 218; 

36\110_110079.jpg
400 266
135 44 394 261; 136 46 311 183; 136 47 400 266; 

36\110_110095.jpg
306 400
73 53 248 318; 79 100 247 318; 72 48 261 321; 

36\110_110114.jpg
400 266
105 0 254 263; 108 0 255 266; 107 1 257 266; 

36\110_110121.jpg
400 300
154 96 360 280; 154 103 356 274; 154 102 356 274; 

36\110_110123.jpg
270 400
13 36 224 343; 17 41 209 139; 12 41 207 141; 

36\110_110125.jpg
300 400
151 123 266 364; 153 106 249 359; 153 112 260 357; 

36\110_110126.jpg
400 358
212 95 391 346; 232 121 378 327; 214 97 391 351; 

36\110_110151.jpg
400 345
37 79 239 234; 48 59 267 247; 18 56 250 259; 

36\110_110152.jpg
400 400
115 7 301 383; 129 27 277 400; 128 3 353 399; 

36\110_110162.jpg
400 391
116 68 388 374; 178 51 392 328; 114 49 391 371; 

36\110_110184.jpg
399 299
99 56 300 290; 130 56 287 289; 104 35 286 287; 

36\110_110231.jpg
266 400
12 199 257 394; 60 199 208 306; 1 199 266 399; 

36\110_110252.jpg
400 300
148 19 382 202; 156 104 364 245; 158 104 373 243; 

36\110_110304.jpg
400 300
7 22 303 255; 69 19 303 261; 77 18 301 257; 

36\110_110325.jpg
300 400
31 4 291 266; 34 111 201 266; 35 1 299 214; 

36\110_110340.jpg
400 300
59 76 216 198; 62 76 220 196; 62 76 218 194; 

36\110_110344.jpg
270 400
48 13 218 243; 61 71 204 211; 52 5 214 211; 

36\110_110351.jpg
400 266
41 11 254 262; 45 11 263 266; 43 10 264 266; 

36\110_110386.jpg
399 399
54 113 303 300; 61 123 290 298; 53 118 295 313; 

36\110_110401.jpg
400 296
124 42 327 269; 134 42 329 167; 124 41 283 166; 

36\110_110415.jpg
400 300
171 122 356 252; 172 129 305 252; 173 129 304 251; 

36\110_110423.jpg
400 236
97 46 298 214; 99 39 289 208; 99 46 298 211; 

36\110_110430.jpg
400 266
42 73 394 226; 57 131 388 210; 96 129 399 211; 

36\110_110457.jpg
400 312
62 14 226 300; 86 35 230 274; 58 12 231 298; 

36\110_110469.jpg
300 400
2 112 143 369; 1 116 146 371; 0 49 145 369; 

36\110_110554.jpg
299 400
6 62 190 309; 10 62 187 304; 9 62 188 304; 

36\110_110569.jpg
399 283
8 23 157 177; 11 29 158 176; 15 31 157 172; 

36\110_110570.jpg
400 300
82 65 314 271; 103 71 291 241; 88 66 311 267; 

36\110_110663.jpg
266 400
64 58 208 281; 66 74 204 227; 32 21 233 226; 

36\110_110668.jpg
313 400
64 40 236 374; 68 44 204 227; 71 43 203 231; 

36\110_110695.jpg
400 400
112 111 265 356; 119 114 283 360; 121 114 287 361; 

36\110_110697.jpg
400 300
50 71 279 244; 87 79 262 223; 2 75 262 224; 

36\110_110759.jpg
300 400
56 21 264 263; 62 4 256 248; 61 1 254 248; 

36\110_110846.jpg
400 266
101 62 281 245; 142 69 251 223; 100 69 278 238; 

36\110_110863.jpg
271 348
54 17 218 293; 71 47 238 295; 70 46 236 296; 

36\110_110864.jpg
276 357
29 45 249 291; 31 46 247 291; 26 47 246 288; 

36\110_110875.jpg
400 266
138 42 341 211; 138 42 344 214; 139 42 339 164; 

36\110_110876.jpg
266 400
6 64 241 291; 1 80 236 294; 1 80 237 292; 

36\110_110883.jpg
400 258
52 24 349 228; 53 23 350 228; 54 24 349 227; 

36\110_110888.jpg
400 320
88 79 368 201; 87 79 366 200; 88 80 366 200; 

36\110_110889.jpg
320 400
114 103 212 316; 115 99 209 316; 115 98 209 316; 

36\110_110896.jpg
400 266
154 7 387 216; 219 52 349 178; 189 1 380 178; 

36\110_110972.jpg
400 310
132 36 379 301; 220 86 321 199; 191 19 345 199; 

36\110_110986.jpg
400 320
39 9 280 315; 95 25 279 295; 1 0 279 308; 

36\110_110991.jpg
320 400
44 84 288 376; 34 81 288 267; 38 83 288 267; 

