364

43\129_129007.jpg
320 400
84 11 247 358; 76 12 248 364; 79 12 247 362; 

43\129_129015.jpg
400 261
130 24 371 255; 128 15 374 261; 124 21 372 261; 

43\129_129032.jpg
300 400
147 18 229 352; 145 20 227 356; 144 21 226 354; 

43\129_129058.jpg
306 400
74 85 231 338; 73 97 229 326; 73 93 232 339; 

43\129_129059.jpg
400 274
178 17 344 231; 180 26 339 228; 176 62 340 224; 

43\129_129060.jpg
400 269
169 43 398 265; 179 44 398 268; 177 48 400 268; 

43\129_129095.jpg
266 400
19 89 152 364; 22 90 152 365; 19 89 149 364; 

43\129_129114.jpg
293 400
78 38 206 328; 77 39 207 201; 76 40 225 328; 

43\129_129132.jpg
400 300
102 52 386 287; 10 6 108 299; 101 36 399 300; 

43\129_129141.jpg
400 300
122 12 289 293; 123 10 291 285; 124 12 290 300; 

43\129_129144.jpg
300 400
57 13 172 387; 59 11 168 385; 61 12 169 398; 

43\129_129158.jpg
399 268
203 3 385 263; 201 23 367 268; 203 2 399 268; 

43\129_129165.jpg
400 268
97 18 307 241; 100 23 308 238; 99 24 308 238; 

43\129_129176.jpg
400 299
95 37 323 291; 125 35 297 253; 85 33 308 294; 

43\129_129185.jpg
400 266
50 64 225 199; 49 64 222 200; 52 67 222 197; 

43\129_129193.jpg
328 400
31 74 290 298; 69 96 246 299; 40 84 284 296; 

43\129_129196.jpg
400 370
22 79 284 332; 31 86 284 330; 32 86 284 329; 

43\129_129208.jpg
400 351
129 129 384 345; 128 133 395 348; 129 131 395 348; 

43\129_129211.jpg
299 399
40 44 247 326; 27 99 213 256; 62 69 240 323; 

43\129_129218.jpg
400 396
59 85 338 351; 106 174 214 341; 69 84 334 348; 

43\129_129222.jpg
400 358
97 129 302 350; 98 129 301 357; 98 130 303 358; 

43\129_129224.jpg
400 244
46 27 334 166; 47 59 306 152; 34 23 359 182; 

43\129_129228.jpg
399 399
79 71 320 389; 92 65 306 352; 90 63 308 354; 

43\129_129239.jpg
301 400
73 50 244 393; 71 52 243 375; 71 53 242 400; 

43\129_129244.jpg
400 300
57 1 184 289; 54 2 196 299; 56 1 186 299; 

43\129_129255.jpg
400 320
108 29 369 246; 212 168 282 237; 103 33 369 244; 

43\129_129258.jpg
300 400
106 26 267 355; 109 24 252 296; 107 26 264 356; 

43\129_129283.jpg
300 400
27 64 256 332; 26 67 256 334; 26 42 257 332; 

43\129_129290.jpg
400 300
14 7 244 234; 12 8 241 156; 10 9 241 231; 

43\129_129291.jpg
399 319
47 60 232 292; 46 62 229 294; 49 64 227 319; 

43\129_129292.jpg
400 300
18 9 246 234; 17 12 242 178; 16 12 244 232; 

43\129_129304.jpg
400 300
12 51 271 298; 73 39 222 247; 73 44 221 248; 

43\129_129311.jpg
400 335
69 56 330 238; 64 62 339 252; 62 61 339 252; 

43\129_129330.jpg
339 400
60 123 272 364; 61 176 253 366; 63 123 274 368; 

43\129_129352.jpg
266 400
12 43 167 386; 20 43 169 294; 1 44 196 400; 

43\129_129381.jpg
400 266
113 10 298 257; 161 43 297 266; 6 2 297 266; 

43\129_129386.jpg
400 332
14 9 288 292; 49 67 164 275; 1 14 284 304; 

43\129_129387.jpg
400 400
96 36 311 395; 97 142 314 303; 98 28 314 306; 

43\129_129398.jpg
281 400
52 44 243 351; 96 46 231 148; 53 45 239 356; 

43\129_129401.jpg
400 270
219 54 344 234; 219 52 342 234; 219 54 343 236; 

43\129_129403.jpg
400 266
101 64 369 220; 76 62 373 229; 82 62 372 228; 

43\129_129407.jpg
400 266
92 29 240 263; 103 26 212 164; 103 25 238 242; 

43\129_129409.jpg
400 266
221 52 352 245; 221 49 356 247; 222 49 356 248; 

43\129_129425.jpg
297 400
30 47 246 357; 29 45 247 360; 31 44 246 356; 

43\129_129428.jpg
400 266
91 56 344 218; 124 57 352 201; 125 55 352 199; 

43\129_129437.jpg
400 266
106 47 396 242; 130 41 281 188; 108 43 400 242; 

43\129_129438.jpg
400 208
154 83 248 176; 154 82 246 176; 152 83 245 176; 

43\129_129447.jpg
400 400
46 209 389 328; 47 220 288 328; 53 219 399 321; 

43\129_129452.jpg
400 203
138 16 379 168; 135 52 378 168; 134 24 378 162; 

43\129_129454.jpg
400 254
59 105 327 183; 56 106 367 180; 53 104 370 179; 

43\129_129472.jpg
400 320
105 94 324 308; 109 102 336 299; 116 102 336 301; 

43\129_129474.jpg
331 400
7 97 218 393; 9 206 169 400; 7 206 170 400; 

43\129_129477.jpg
400 326
38 6 271 268; 88 26 252 253; 51 5 270 270; 

43\129_129488.jpg
400 266
19 17 269 265; 71 17 233 168; 72 17 234 170; 

43\129_129513.jpg
341 400
46 92 309 388; 82 92 255 225; 84 91 280 239; 

43\129_129521.jpg
345 400
79 5 184 299; 116 106 183 298; 139 151 182 295; 

43\129_129522.jpg
300 400
32 96 232 388; 31 92 224 389; 41 160 241 374; 

43\129_129523.jpg
300 400
97 62 221 362; 98 60 224 231; 96 61 223 232; 

43\129_129538.jpg
399 343
33 32 329 275; 144 27 249 153; 144 12 248 173; 

43\129_129551.jpg
286 215
47 43 221 195; 48 48 224 198; 48 44 224 196; 

43\129_129555.jpg
400 294
232 43 379 214; 231 42 391 214; 231 43 394 259; 

43\129_129561.jpg
350 399
76 49 310 294; 103 39 347 281; 84 33 347 283; 

43\129_129580.jpg
400 266
92 61 332 228; 131 88 326 251; 101 49 384 249; 

43\129_129587.jpg
400 266
129 59 247 249; 129 66 229 262; 130 66 226 191; 

43\129_129588.jpg
400 266
162 48 382 261; 162 51 385 266; 159 52 384 266; 

43\129_129603.jpg
266 400
66 75 221 383; 71 180 171 398; 70 182 168 400; 

43\129_129608.jpg
301 400
99 148 251 391; 48 152 242 399; 48 153 244 398; 

43\129_129611.jpg
286 400
65 95 221 257; 65 97 218 255; 64 97 218 256; 

43\129_129618.jpg
400 266
52 78 344 257; 181 79 351 266; 206 81 349 266; 

43\129_129621.jpg
400 371
133 100 288 316; 144 91 298 324; 129 92 301 322; 

43\129_129639.jpg
266 400
61 83 227 391; 58 84 149 225; 58 86 230 400; 

43\129_129650.jpg
326 339
80 36 282 333; 54 38 272 338; 60 36 300 338; 

43\129_129655.jpg
400 273
208 31 372 263; 210 31 365 189; 192 29 390 264; 

43\129_129688.jpg
400 340
66 58 208 324; 98 56 209 325; 100 58 206 324; 

43\129_129694.jpg
266 399
89 18 218 341; 107 25 209 331; 92 19 208 333; 

43\129_129696.jpg
400 288
142 34 386 242; 135 35 320 248; 161 47 385 191; 

43\129_129697.jpg
400 266
115 75 343 185; 112 68 338 188; 116 69 231 170; 

43\129_129711.jpg
266 400
72 14 232 388; 57 67 215 397; 62 21 229 396; 

43\129_129712.jpg
400 400
77 180 312 294; 79 189 386 302; 78 134 375 348; 

43\129_129713.jpg
400 266
75 46 262 245; 75 46 274 264; 86 45 382 234; 

43\129_129755.jpg
400 248
228 43 375 247; 218 36 371 249; 220 35 370 249; 

43\129_129757.jpg
400 265
102 4 361 207; 169 1 361 103; 22 2 362 218; 

43\129_129759.jpg
400 301
39 4 338 226; 143 29 290 224; 18 5 340 225; 

43\129_129773.jpg
400 266
152 23 383 254; 156 24 333 256; 154 24 392 254; 

43\129_129776.jpg
266 400
91 26 182 352; 95 29 181 242; 91 29 180 354; 

43\129_129778.jpg
400 337
52 49 349 293; 81 70 316 268; 54 50 348 291; 

43\129_129787.jpg
300 382
33 21 275 277; 24 20 269 274; 22 21 274 276; 

43\129_129788.jpg
333 400
77 26 254 317; 76 119 251 309; 76 111 249 366; 

43\129_129789.jpg
400 300
250 142 374 290; 248 148 372 286; 248 147 370 289; 

43\129_129797.jpg
400 350
166 30 292 162; 168 29 268 291; 166 10 341 338; 

43\129_129805.jpg
399 301
87 171 265 277; 88 166 261 277; 88 165 257 280; 

43\129_129806.jpg
400 301
76 54 351 268; 78 54 354 266; 78 56 352 264; 

43\129_129809.jpg
271 400
76 85 243 305; 53 80 219 293; 52 82 241 294; 

43\129_129819.jpg
289 400
97 56 232 259; 92 44 243 297; 89 43 242 392; 

43\129_129856.jpg
303 400
94 41 272 276; 92 31 282 268; 91 31 271 394; 

43\129_129867.jpg
400 299
14 71 296 295; 40 149 198 279; 1 43 308 299; 

43\129_129868.jpg
400 300
198 2 392 289; 204 2 400 287; 201 1 399 288; 

43\129_129870.jpg
400 300
63 82 322 204; 66 81 323 206; 66 81 323 204; 

43\129_129872.jpg
400 300
119 31 272 162; 117 32 266 164; 117 32 268 162; 

43\129_129873.jpg
400 300
108 59 321 279; 104 47 294 277; 106 72 321 261; 

43\129_129874.jpg
400 300
34 43 311 241; 116 42 311 221; 32 44 311 241; 

43\129_129875.jpg
400 300
114 70 250 211; 124 94 223 202; 124 95 221 198; 

43\129_129885.jpg
300 400
56 38 232 390; 51 37 234 379; 50 39 232 400; 

43\129_129898.jpg
400 266
121 33 267 250; 124 36 258 238; 125 36 266 266; 

43\129_129915.jpg
400 270
161 8 392 264; 61 8 268 181; 156 0 400 270; 

43\129_129919.jpg
400 310
86 1 311 307; 92 1 314 269; 92 1 313 311; 

43\129_129938.jpg
400 300
70 82 324 208; 66 81 324 206; 66 82 323 206; 

43\129_129957.jpg
400 266
36 11 270 260; 103 1 262 208; 106 0 316 214; 

43\129_129971.jpg
400 266
96 118 307 224; 95 119 305 208; 94 119 306 223; 

43\129_129976.jpg
400 277
133 82 378 276; 137 86 291 229; 137 88 399 278; 

43\129_129983.jpg
399 297
128 8 390 273; 198 4 399 287; 195 3 398 290; 

43\129_129993.jpg
300 400
54 65 297 352; 54 103 206 301; 54 52 299 388; 

43\130_130006.jpg
400 320
44 10 298 262; 114 127 258 265; 41 1 304 263; 

43\130_130016.jpg
400 266
76 16 298 241; 119 12 293 266; 122 11 292 266; 

43\130_130018.jpg
400 400
32 35 288 391; 33 33 172 219; 29 35 200 219; 

43\130_130020.jpg
400 266
51 31 314 242; 51 32 316 239; 52 30 315 238; 

43\130_130027.jpg
400 266
119 26 348 169; 112 26 348 169; 46 25 347 254; 

43\130_130031.jpg
400 266
41 35 299 263; 102 34 241 200; 43 34 295 266; 

43\130_130032.jpg
400 266
38 84 362 205; 31 81 362 211; 19 82 360 212; 

43\130_130033.jpg
400 266
30 66 322 214; 66 64 324 212; 1 64 324 217; 

43\130_130035.jpg
400 266
78 42 396 238; 76 43 332 219; 72 43 392 246; 

43\130_130036.jpg
400 266
70 22 288 255; 76 25 249 264; 76 23 367 266; 

43\130_130037.jpg
400 266
109 21 331 262; 87 26 310 261; 84 24 326 266; 

43\130_130038.jpg
400 266
104 82 369 260; 88 87 284 253; 91 88 370 254; 

43\130_130039.jpg
400 266
30 59 316 254; 29 60 318 266; 31 59 316 266; 

43\130_130040.jpg
400 266
112 12 349 264; 115 84 251 266; 113 12 346 266; 

43\130_130042.jpg
400 266
97 63 281 194; 101 62 278 194; 101 61 276 194; 

43\130_130043.jpg
400 266
62 12 320 253; 66 13 321 251; 63 12 321 252; 

43\130_130046.jpg
400 266
67 40 371 248; 135 38 228 205; 44 39 383 266; 

43\130_130048.jpg
400 266
32 45 318 245; 30 44 319 254; 31 46 317 252; 

43\130_130049.jpg
400 266
66 48 210 212; 41 51 198 230; 43 49 348 241; 

43\130_130050.jpg
400 266
54 39 279 251; 54 40 179 176; 56 41 179 175; 

43\130_130051.jpg
400 266
58 25 280 244; 61 25 184 160; 62 24 187 161; 

43\130_130063.jpg
268 400
41 29 225 203; 42 30 226 144; 41 31 223 173; 

43\130_130070.jpg
400 300
161 11 258 299; 161 14 259 300; 161 15 258 299; 

43\130_130074.jpg
266 400
24 154 252 373; 24 154 249 374; 67 161 228 312; 

43\130_130089.jpg
400 261
143 79 249 203; 141 76 250 202; 133 78 249 202; 

43\130_130109.jpg
400 270
38 64 288 269; 84 121 284 270; 31 66 281 264; 

43\130_130110.jpg
378 400
145 31 364 376; 145 29 361 371; 145 29 364 378; 

43\130_130153.jpg
400 266
5 17 263 197; 84 20 263 125; 1 20 261 197; 

43\130_130171.jpg
400 300
94 85 189 216; 91 84 188 214; 94 82 187 214; 

43\130_130215.jpg
400 251
28 78 232 197; 16 79 232 210; 16 79 234 212; 

43\130_130218.jpg
400 263
34 89 172 242; 35 92 171 242; 34 91 171 244; 

43\130_130241.jpg
265 400
67 58 201 221; 67 59 201 214; 66 48 201 220; 

43\130_130242.jpg
400 266
223 6 393 183; 221 4 394 180; 222 2 393 174; 

43\130_130254.jpg
400 265
50 12 377 170; 149 18 295 164; 44 11 378 171; 

43\130_130255.jpg
265 400
11 64 256 276; 13 66 255 275; 16 66 254 286; 

43\130_130263.jpg
180 400
25 14 175 219; 86 68 174 178; 27 14 175 221; 

43\130_130267.jpg
400 268
244 31 391 261; 244 32 398 264; 244 31 396 265; 

43\130_130274.jpg
400 295
54 44 334 289; 56 72 334 289; 57 73 335 289; 

43\130_130276.jpg
400 265
166 92 295 238; 166 95 298 244; 163 95 298 224; 

43\130_130278.jpg
400 300
113 86 246 181; 130 105 248 180; 66 78 248 179; 

43\130_130279.jpg
400 300
114 81 316 298; 116 82 294 300; 116 82 293 300; 

43\130_130281.jpg
400 300
164 30 355 272; 160 33 353 224; 168 33 353 224; 

43\130_130290.jpg
240 400
37 31 201 347; 37 35 201 347; 38 34 201 355; 

43\130_130292.jpg
331 399
104 12 230 388; 104 14 228 388; 106 14 228 391; 

43\130_130314.jpg
400 312
71 52 332 284; 75 50 332 280; 72 52 331 281; 

43\130_130327.jpg
400 322
22 49 300 292; 29 81 253 229; 28 81 251 228; 

43\130_130330.jpg
400 320
19 78 221 276; 16 79 220 275; 20 78 219 276; 

43\130_130331.jpg
400 348
64 62 244 336; 108 62 246 297; 109 66 244 299; 

43\130_130334.jpg
285 399
29 38 240 330; 26 40 243 234; 27 40 240 305; 

43\130_130344.jpg
300 400
28 136 279 301; 29 136 279 301; 28 135 279 301; 

43\130_130359.jpg
306 400
74 62 288 346; 96 159 254 341; 76 64 296 341; 

43\130_130396.jpg
400 320
152 94 319 249; 152 88 326 293; 151 89 386 304; 

43\130_130398.jpg
400 266
14 18 304 234; 15 19 277 211; 16 19 366 250; 

43\130_130399.jpg
266 400
34 52 210 382; 84 66 160 159; 31 49 212 373; 

43\130_130400.jpg
400 300
16 97 378 219; 123 97 376 187; 13 97 376 226; 

43\130_130401.jpg
400 300
76 26 214 216; 84 64 198 182; 85 65 219 196; 

43\130_130402.jpg
400 320
81 16 294 221; 83 14 176 219; 82 16 372 299; 

43\130_130403.jpg
400 320
151 36 353 225; 23 35 353 217; 21 33 351 301; 

43\130_130405.jpg
318 400
139 10 304 371; 135 11 288 378; 137 10 303 378; 

43\130_130418.jpg
400 300
49 56 382 237; 24 55 380 253; 25 57 382 248; 

43\130_130419.jpg
400 254
60 4 268 248; 66 7 251 209; 64 6 288 209; 

43\130_130420.jpg
318 400
138 11 303 380; 135 9 287 379; 169 10 285 150; 

43\130_130421.jpg
400 295
66 15 319 285; 76 18 319 249; 73 19 319 246; 

43\130_130433.jpg
293 400
23 118 168 348; 41 233 157 336; 29 122 165 353; 

43\130_130453.jpg
320 400
79 14 244 362; 78 12 246 361; 79 13 248 362; 

43\130_130456.jpg
399 251
167 3 377 252; 173 3 379 251; 173 2 377 252; 

43\130_130477.jpg
384 400
192 8 334 395; 197 27 334 305; 195 0 334 400; 

43\130_130504.jpg
298 400
44 77 186 219; 36 76 194 221; 37 75 191 230; 

43\130_130506.jpg
400 266
60 21 372 175; 51 16 376 182; 15 18 375 208; 

43\130_130510.jpg
400 319
83 44 200 174; 85 46 201 318; 83 46 199 318; 

43\130_130520.jpg
400 300
135 126 291 269; 137 126 294 285; 136 126 292 286; 

43\130_130524.jpg
266 400
46 105 226 396; 42 100 215 301; 42 101 236 400; 

43\130_130530.jpg
400 280
49 32 351 251; 48 36 354 249; 52 33 356 250; 

43\130_130534.jpg
400 266
58 13 354 224; 102 68 276 208; 87 2 294 223; 

43\130_130537.jpg
400 361
56 54 365 334; 54 59 212 329; 54 59 365 338; 

43\130_130538.jpg
400 309
124 43 318 212; 109 48 297 224; 104 46 293 226; 

43\130_130539.jpg
320 400
47 12 298 233; 85 59 245 228; 44 12 285 241; 

43\130_130543.jpg
263 400
32 64 232 342; 68 102 191 319; 32 68 228 342; 

43\130_130546.jpg
399 279
124 23 389 212; 128 18 288 226; 127 20 395 196; 

43\130_130547.jpg
400 300
100 13 297 295; 122 13 295 177; 91 13 297 300; 

43\130_130552.jpg
400 340
88 48 390 266; 111 49 393 265; 42 49 392 285; 

43\130_130553.jpg
266 400
69 36 244 259; 80 34 245 242; 55 36 267 364; 

43\130_130556.jpg
400 266
23 30 275 260; 27 24 272 267; 27 30 273 267; 

43\130_130557.jpg
400 338
75 63 225 331; 81 73 227 337; 27 55 228 146; 

43\130_130568.jpg
378 399
28 199 216 327; 28 118 327 324; 28 114 334 324; 

43\130_130569.jpg
246 400
84 3 176 391; 87 81 175 352; 87 1 176 399; 

43\130_130579.jpg
300 400
50 130 234 372; 48 130 239 233; 48 128 238 400; 

43\130_130594.jpg
400 349
108 46 295 291; 92 29 304 178; 96 27 305 303; 

43\130_130602.jpg
400 296
12 82 323 249; 20 89 326 247; 19 84 321 247; 

43\130_130604.jpg
400 255
16 89 379 191; 18 89 379 187; 15 87 381 191; 

43\130_130607.jpg
266 400
69 204 199 348; 71 209 196 346; 161 209 195 345; 

43\130_130609.jpg
400 255
18 92 379 188; 22 93 381 188; 21 92 381 189; 

43\130_130613.jpg
400 285
164 11 345 280; 166 11 346 284; 166 11 345 285; 

43\130_130617.jpg
400 266
47 4 244 260; 49 3 248 228; 44 5 245 266; 

43\130_130623.jpg
312 400
64 152 295 393; 21 156 311 400; 17 151 311 400; 

43\130_130640.jpg
400 320
75 14 274 308; 107 17 249 212; 107 18 248 211; 

43\130_130643.jpg
266 400
81 43 248 377; 81 41 248 190; 81 40 247 380; 

43\130_130648.jpg
400 261
173 36 336 250; 156 33 332 261; 158 33 332 261; 

43\130_130651.jpg
285 400
29 74 242 334; 34 76 241 328; 34 76 239 351; 

43\130_130652.jpg
326 400
54 51 304 329; 95 52 246 251; 26 51 312 341; 

43\130_130654.jpg
326 400
55 49 305 342; 96 50 248 248; 24 51 312 340; 

43\130_130675.jpg
266 400
42 136 229 347; 43 142 212 346; 42 142 212 346; 

43\130_130676.jpg
400 266
79 62 248 166; 79 62 270 182; 79 62 267 186; 

43\130_130677.jpg
400 280
56 59 375 248; 14 66 197 144; 12 64 196 143; 

43\130_130685.jpg
400 319
28 102 351 296; 111 117 305 293; 57 104 336 315; 

43\130_130688.jpg
302 400
65 30 266 350; 94 22 230 121; 60 23 261 400; 

43\130_130689.jpg
288 400
11 51 233 358; 127 47 214 214; 11 48 234 360; 

43\130_130696.jpg
320 400
107 20 284 379; 132 18 286 280; 107 19 284 400; 

43\130_130697.jpg
400 400
77 79 324 317; 76 79 322 315; 76 79 322 314; 

43\130_130703.jpg
338 400
61 24 301 347; 74 73 314 345; 58 10 310 346; 

43\130_130704.jpg
400 266
214 56 353 220; 212 56 351 217; 214 58 351 217; 

43\130_130709.jpg
400 266
189 52 342 261; 188 51 336 265; 136 1 400 266; 

43\130_130710.jpg
300 400
99 115 241 248; 126 133 211 231; 126 131 208 231; 

43\130_130714.jpg
400 300
85 38 264 289; 135 72 247 211; 123 46 254 300; 

43\130_130724.jpg
399 285
44 31 264 200; 47 32 296 254; 47 31 294 254; 

43\130_130725.jpg
400 301
64 109 254 241; 66 109 253 241; 65 110 252 239; 

43\130_130738.jpg
400 305
99 8 324 224; 100 106 323 224; 102 8 321 224; 

43\130_130762.jpg
400 300
59 71 355 227; 60 77 351 225; 58 74 352 232; 

43\130_130803.jpg
300 400
85 32 224 324; 89 49 219 321; 75 1 226 320; 

43\130_130805.jpg
400 221
91 7 268 217; 113 16 257 221; 8 2 265 221; 

43\130_130809.jpg
400 266
188 18 353 261; 205 41 326 194; 184 11 340 194; 

43\130_130816.jpg
400 193
143 11 313 184; 144 43 245 175; 144 14 316 185; 

43\130_130819.jpg
400 300
192 22 379 295; 238 40 372 190; 187 4 397 232; 

43\130_130822.jpg
400 164
27 49 393 96; 27 49 396 94; 29 50 394 93; 

43\130_130826.jpg
400 272
149 6 379 262; 148 55 378 263; 150 4 378 264; 

43\130_130851.jpg
320 400
16 24 216 384; 16 23 216 362; 10 20 216 400; 

43\130_130853.jpg
400 400
50 91 346 383; 72 109 338 369; 54 89 351 382; 

43\130_130854.jpg
322 400
43 57 278 381; 37 54 280 197; 39 54 280 378; 

43\130_130855.jpg
400 370
182 83 314 211; 189 82 314 213; 189 81 312 213; 

43\130_130864.jpg
400 282
87 60 319 233; 64 60 322 231; 68 59 321 232; 

43\130_130872.jpg
383 399
44 13 276 346; 46 126 255 300; 47 3 262 300; 

43\130_130879.jpg
400 378
44 22 263 362; 51 146 232 304; 48 19 238 352; 

43\130_130889.jpg
400 266
36 67 202 253; 32 66 208 255; 31 64 208 253; 

43\130_130896.jpg
400 300
23 38 376 238; 32 58 354 219; 34 56 354 220; 

43\130_130901.jpg
400 300
79 26 328 281; 81 30 327 278; 81 29 326 281; 

43\130_130902.jpg
385 400
63 76 294 374; 62 128 285 367; 54 76 286 366; 

43\130_130903.jpg
400 300
49 28 316 292; 99 53 287 234; 41 26 326 300; 

43\130_130906.jpg
300 400
105 28 279 380; 106 196 211 380; 107 20 281 384; 

43\130_130907.jpg
300 400
84 79 289 374; 115 158 214 368; 82 85 291 388; 

43\130_130920.jpg
270 400
48 28 251 337; 85 110 232 268; 71 52 238 269; 

43\130_130925.jpg
400 266
139 13 314 231; 142 14 314 233; 138 14 313 239; 

43\130_130957.jpg
300 400
39 96 172 391; 82 124 191 259; 35 125 167 400; 

43\131_131012.jpg
400 247
66 57 338 203; 73 64 324 200; 69 58 342 206; 

43\131_131028.jpg
266 400
16 10 263 254; 61 58 219 255; 1 0 265 256; 

43\131_131030.jpg
400 200
73 69 380 190; 0 74 254 178; 94 70 348 171; 

43\131_131033.jpg
400 266
148 86 392 200; 9 43 251 181; 43 55 358 193; 

43\131_131034.jpg
400 266
138 86 247 262; 139 92 354 201; 42 39 353 202; 

43\131_131041.jpg
400 300
196 2 378 264; 201 115 360 261; 199 115 356 260; 

43\131_131042.jpg
400 268
91 26 304 239; 84 28 301 242; 86 27 301 240; 

43\131_131044.jpg
400 266
45 95 355 202; 47 99 361 199; 46 97 358 202; 

43\131_131046.jpg
400 266
81 8 248 238; 81 101 245 226; 82 1 246 226; 

43\131_131105.jpg
400 266
144 51 366 218; 142 52 282 206; 143 52 363 205; 

43\131_131108.jpg
400 233
13 71 314 218; 41 69 291 181; 41 71 295 186; 

43\131_131121.jpg
400 263
34 49 296 255; 126 49 312 262; 126 50 311 262; 

43\131_131126.jpg
400 300
13 6 235 256; 10 90 276 254; 1 1 274 250; 

43\131_131127.jpg
400 300
57 28 384 242; 49 71 273 223; 51 22 272 215; 

43\131_131128.jpg
400 300
58 56 394 242; 55 67 250 221; 68 72 217 220; 

43\131_131130.jpg
400 300
96 98 376 220; 95 97 216 222; 95 99 381 223; 

43\131_131133.jpg
400 300
141 17 329 289; 140 14 311 172; 141 12 307 172; 

43\131_131136.jpg
400 260
38 46 315 223; 28 43 288 237; 25 43 286 234; 

43\131_131138.jpg
400 300
78 42 389 271; 146 54 294 248; 147 43 391 250; 

43\131_131139.jpg
400 320
68 108 338 280; 135 110 262 276; 73 112 335 279; 

43\131_131141.jpg
400 300
123 6 302 264; 126 9 302 256; 125 8 301 279; 

43\131_131144.jpg
300 400
65 49 239 359; 62 48 237 353; 62 48 236 354; 

43\131_131147.jpg
400 307
42 37 336 279; 40 42 242 254; 39 38 319 285; 

43\131_131161.jpg
400 247
155 56 388 220; 151 58 386 224; 154 61 385 225; 

43\131_131164.jpg
400 266
81 11 326 262; 88 11 326 252; 81 12 328 251; 

43\131_131168.jpg
400 300
161 62 392 286; 160 65 389 282; 158 64 390 284; 

43\131_131174.jpg
400 266
32 56 252 260; 28 61 270 262; 26 43 344 261; 

43\131_131182.jpg
400 266
137 91 319 205; 135 99 314 196; 133 100 317 197; 

43\131_131192.jpg
400 300
32 102 335 296; 36 104 334 298; 34 103 334 299; 

43\131_131194.jpg
400 300
136 5 386 289; 136 18 274 209; 137 6 371 209; 

43\131_131199.jpg
400 393
79 68 379 362; 81 71 279 367; 79 71 379 365; 

43\131_131201.jpg
400 251
34 23 170 223; 32 24 170 222; 31 24 128 222; 

43\131_131204.jpg
399 291
4 4 291 225; 13 14 287 223; 10 14 289 222; 

43\131_131212.jpg
400 266
16 109 355 222; 14 111 226 225; 16 116 393 225; 

43\131_131253.jpg
399 320
82 53 310 251; 97 126 313 248; 60 50 375 320; 

43\131_131259.jpg
400 289
82 86 323 219; 78 87 323 203; 80 86 323 202; 

43\131_131260.jpg
266 400
68 19 184 364; 65 16 172 379; 48 15 196 379; 

43\131_131261.jpg
400 271
28 81 198 242; 29 81 197 239; 29 82 195 239; 

43\131_131262.jpg
400 268
58 43 302 218; 54 42 300 219; 56 44 301 217; 

43\131_131266.jpg
400 311
44 127 299 297; 112 120 298 298; 2 129 398 240; 

43\131_131267.jpg
400 300
71 45 324 262; 136 49 312 204; 138 48 291 204; 

43\131_131275.jpg
399 366
38 49 306 324; 115 9 282 321; 116 7 282 327; 

43\131_131285.jpg
400 296
16 27 255 265; 52 32 218 160; 3 32 254 296; 

43\131_131306.jpg
400 300
111 11 321 294; 116 11 319 300; 118 11 319 300; 

43\131_131313.jpg
400 301
80 16 314 281; 77 44 309 209; 78 44 312 279; 

43\131_131314.jpg
400 299
89 48 334 280; 91 46 334 255; 88 47 334 291; 

43\131_131318.jpg
399 210
125 4 396 174; 134 4 399 172; 139 7 400 171; 

43\131_131328.jpg
297 399
102 32 286 360; 97 34 287 354; 98 33 286 354; 

43\131_131330.jpg
400 278
8 5 211 262; 101 7 212 209; 1 1 212 278; 

43\131_131336.jpg
320 400
70 14 283 358; 77 121 279 304; 69 19 282 325; 

43\131_131337.jpg
320 400
52 62 234 394; 49 121 224 296; 42 31 256 294; 

43\131_131338.jpg
320 400
54 56 251 394; 86 127 232 296; 46 22 271 293; 

43\131_131340.jpg
320 400
82 76 211 344; 88 127 211 261; 72 32 266 262; 

43\131_131350.jpg
400 250
161 78 341 204; 158 81 346 207; 160 82 336 198; 

43\131_131357.jpg
243 400
144 7 229 214; 144 6 228 218; 154 5 226 216; 

43\131_131413.jpg
400 321
59 36 342 271; 61 36 338 215; 62 35 341 279; 

43\131_131445.jpg
266 400
25 56 190 391; 24 55 191 391; 19 54 192 387; 

43\131_131454.jpg
300 400
28 97 261 394; 23 97 263 400; 26 98 264 400; 

43\131_131461.jpg
400 292
226 21 394 226; 238 52 344 220; 218 9 399 218; 

43\131_131491.jpg
266 400
46 9 207 391; 91 9 192 252; 46 8 206 394; 

43\131_131492.jpg
266 400
90 17 258 347; 93 2 206 343; 92 1 265 341; 

43\131_131495.jpg
266 400
66 171 208 379; 67 177 208 381; 69 174 208 379; 

43\131_131498.jpg
400 266
207 11 334 258; 210 13 334 257; 208 13 335 257; 

43\131_131501.jpg
400 266
79 5 309 258; 102 12 308 175; 99 13 309 266; 

43\131_131503.jpg
400 266
145 22 365 237; 147 23 366 237; 146 22 365 236; 

43\131_131505.jpg
400 276
211 58 314 189; 213 61 315 185; 213 58 314 184; 

43\131_131506.jpg
400 266
34 47 274 154; 33 46 273 153; 35 48 271 152; 

43\131_131510.jpg
399 282
4 7 251 278; 4 6 185 264; 4 8 249 282; 

43\131_131521.jpg
300 400
115 21 240 379; 121 23 263 388; 122 22 263 387; 

43\131_131540.jpg
400 300
32 55 329 233; 34 82 274 221; 38 62 272 231; 

43\131_131546.jpg
255 400
80 68 169 366; 86 75 161 378; 83 69 159 382; 

43\131_131554.jpg
400 268
153 12 359 266; 161 101 327 255; 156 0 366 253; 

43\131_131582.jpg
400 250
111 37 269 223; 112 39 271 221; 119 39 269 213; 

43\131_131588.jpg
266 400
2 98 163 392; 1 100 161 400; 0 97 159 400; 

43\131_131596.jpg
400 266
96 34 342 249; 95 28 331 229; 96 30 346 256; 

43\131_131604.jpg
400 266
202 11 329 260; 209 13 337 257; 206 11 337 256; 

43\131_131610.jpg
400 300
11 46 211 182; 5 44 217 182; 9 43 219 181; 

43\131_131612.jpg
302 400
56 37 261 391; 83 64 186 391; 52 33 285 391; 

43\131_131618.jpg
400 296
98 35 367 268; 102 92 294 268; 102 31 365 266; 

43\131_131623.jpg
400 300
15 5 183 297; 15 1 181 299; 15 1 181 300; 

43\131_131627.jpg
300 400
31 82 262 319; 29 82 260 321; 29 82 260 317; 

43\131_131629.jpg
400 300
88 8 319 296; 129 103 282 289; 92 4 285 288; 

43\131_131641.jpg
400 300
23 5 207 296; 44 2 199 296; 46 1 196 296; 

43\131_131642.jpg
301 400
66 49 299 352; 74 134 269 303; 73 2 299 304; 

43\131_131647.jpg
399 266
146 62 288 215; 151 62 287 209; 151 62 288 209; 

43\131_131654.jpg
400 317
73 58 308 283; 77 61 308 291; 74 59 308 286; 

43\131_131655.jpg
400 280
142 16 378 254; 145 14 282 144; 139 14 285 122; 

43\131_131656.jpg
399 266
184 36 287 181; 187 37 286 168; 183 35 287 168; 

43\131_131686.jpg
400 300
54 114 351 231; 57 113 351 232; 57 113 349 229; 

43\131_131708.jpg
400 278
145 24 355 269; 144 28 298 273; 148 7 356 278; 

43\131_131737.jpg
300 400
64 146 289 389; 64 147 208 394; 61 146 295 395; 

43\131_131756.jpg
400 346
146 34 359 295; 149 39 359 299; 122 39 359 299; 

43\131_131762.jpg
400 400
107 14 280 274; 110 83 285 269; 109 1 285 271; 

43\131_131764.jpg
400 400
143 41 348 263; 141 38 351 239; 142 40 352 266; 

43\131_131766.jpg
400 361
142 22 370 308; 146 24 372 308; 145 24 370 307; 

43\131_131768.jpg
400 300
151 4 317 253; 158 4 311 247; 153 4 313 279; 

43\131_131828.jpg
300 400
84 54 278 378; 89 59 227 308; 91 62 256 379; 

43\131_131860.jpg
400 277
94 25 300 271; 89 19 300 259; 92 21 299 277; 

43\131_131878.jpg
400 320
38 37 304 274; 117 36 242 239; 118 35 301 239; 

43\131_131883.jpg
399 268
129 23 345 257; 131 22 344 264; 132 24 343 264; 

43\131_131884.jpg
360 240
71 35 279 228; 86 46 267 229; 61 1 287 232; 

43\131_131925.jpg
314 400
136 227 306 369; 154 234 314 360; 154 234 314 362; 

43\131_131928.jpg
327 400
18 29 245 355; 30 31 190 233; 29 28 188 286; 

43\131_131949.jpg
400 285
19 84 382 251; 15 87 381 249; 18 86 381 248; 

43\131_131952.jpg
400 339
22 35 326 269; 26 31 334 252; 24 33 334 339; 

43\131_131961.jpg
362 400
56 34 226 369; 54 34 225 369; 54 40 225 370; 

43\131_131966.jpg
266 400
96 121 179 371; 96 120 181 340; 97 120 180 338; 

43\131_131974.jpg
400 203
141 20 259 142; 141 19 260 144; 138 18 263 145; 

43\131_131977.jpg
400 203
139 19 261 149; 141 19 257 142; 140 18 263 145; 

43\131_131985.jpg
400 361
69 45 331 351; 91 124 255 237; 89 43 326 274; 

