311

46\138_138000.jpg
400 320
44 40 347 278; 38 36 351 287; 36 36 348 276; 

46\138_138009.jpg
400 268
170 30 356 262; 169 4 400 167; 171 3 396 265; 

46\138_138020.jpg
400 300
98 20 333 299; 57 113 331 295; 94 16 334 299; 

46\138_138038.jpg
400 300
106 24 335 299; 107 124 249 224; 109 28 351 248; 

46\138_138042.jpg
400 300
108 29 334 292; 108 124 249 226; 34 26 399 299; 

46\138_138043.jpg
400 300
104 25 328 293; 108 124 249 226; 108 123 298 300; 

46\138_138052.jpg
400 322
168 42 262 298; 170 36 265 302; 170 39 265 302; 

46\138_138061.jpg
400 300
111 30 337 296; 126 122 248 216; 109 25 354 300; 

46\138_138064.jpg
400 266
118 59 283 211; 116 58 283 202; 119 59 281 212; 

46\138_138070.jpg
400 250
141 8 326 197; 169 5 271 174; 171 3 272 181; 

46\138_138088.jpg
400 300
76 48 288 268; 74 51 289 180; 46 4 289 300; 

46\138_138098.jpg
308 400
31 172 156 374; 32 169 166 376; 33 172 163 375; 

46\138_138100.jpg
400 274
256 24 372 209; 256 24 378 204; 259 24 375 204; 

46\138_138104.jpg
266 400
58 45 196 398; 43 29 204 218; 45 31 205 221; 

46\138_138130.jpg
384 399
114 12 302 314; 119 11 297 289; 118 10 298 287; 

46\138_138198.jpg
307 400
7 14 226 342; 93 15 228 341; 94 14 227 341; 

46\138_138202.jpg
307 400
36 68 204 384; 58 111 193 266; 51 12 251 266; 

46\138_138216.jpg
344 399
10 96 200 338; 6 94 198 340; 5 96 197 340; 

46\138_138218.jpg
400 266
88 18 318 259; 85 18 202 172; 88 18 317 259; 

46\138_138220.jpg
300 400
85 19 279 360; 111 30 217 218; 97 1 296 241; 

46\138_138223.jpg
400 266
26 56 385 187; 19 56 357 182; 22 56 366 183; 

46\138_138224.jpg
400 319
38 127 386 284; 42 128 387 258; 43 128 390 288; 

46\138_138229.jpg
386 400
59 54 337 329; 58 54 329 298; 59 54 353 339; 

46\138_138232.jpg
266 400
59 43 211 258; 58 42 208 255; 58 42 214 254; 

46\138_138234.jpg
399 269
72 40 270 224; 78 48 264 221; 67 48 264 224; 

46\138_138236.jpg
400 330
81 14 249 322; 72 98 221 278; 64 16 247 321; 

46\138_138241.jpg
400 270
32 40 324 224; 14 35 181 238; 20 36 325 236; 

46\138_138245.jpg
399 299
143 12 375 289; 156 3 397 230; 146 1 400 299; 

46\138_138249.jpg
266 400
30 54 231 328; 36 49 228 191; 34 48 227 372; 

46\138_138250.jpg
266 400
24 22 156 230; 21 21 135 236; 20 22 134 172; 

46\138_138251.jpg
266 400
78 28 247 384; 104 28 212 149; 96 26 211 148; 

46\138_138267.jpg
400 291
94 38 294 239; 156 40 292 151; 94 33 294 243; 

46\138_138268.jpg
400 320
55 65 346 259; 124 101 273 251; 53 55 325 262; 

46\138_138273.jpg
333 400
44 52 256 320; 123 138 273 335; 126 137 273 332; 

46\138_138284.jpg
400 369
120 152 270 345; 121 64 269 344; 121 67 269 347; 

46\138_138316.jpg
226 400
48 4 188 394; 78 129 146 331; 49 3 176 392; 

46\138_138322.jpg
400 383
36 22 234 319; 1 3 282 206; 4 3 270 322; 

46\138_138332.jpg
400 374
24 30 271 248; 22 31 268 247; 26 30 269 246; 

46\138_138356.jpg
320 399
108 50 228 324; 107 50 209 214; 108 49 210 211; 

46\138_138371.jpg
400 266
106 25 309 238; 108 26 310 239; 108 24 309 239; 

46\138_138397.jpg
400 266
94 60 388 218; 44 62 273 214; 46 46 398 238; 

46\138_138424.jpg
400 368
71 49 302 182; 71 62 304 181; 71 47 384 274; 

46\138_138443.jpg
400 338
23 69 303 280; 19 68 203 278; 26 67 302 276; 

46\138_138455.jpg
400 363
112 100 332 263; 117 103 261 266; 119 101 260 261; 

46\138_138469.jpg
400 396
143 114 394 350; 110 121 272 363; 68 17 400 371; 

46\138_138486.jpg
400 327
42 56 344 288; 42 151 229 292; 44 18 352 293; 

46\138_138499.jpg
355 400
3 162 188 359; 2 157 186 322; 0 159 256 400; 

46\138_138504.jpg
320 400
72 191 242 342; 76 120 242 337; 75 119 242 337; 

46\138_138505.jpg
379 400
74 16 329 322; 86 162 204 322; 73 14 282 324; 

46\138_138514.jpg
400 302
92 112 284 246; 112 117 319 218; 6 57 286 298; 

46\138_138532.jpg
400 375
201 65 347 322; 201 79 347 324; 201 66 344 375; 

46\138_138534.jpg
400 266
10 27 266 216; 124 26 268 188; 2 24 269 216; 

46\138_138543.jpg
400 300
119 52 291 246; 114 54 292 248; 114 51 291 245; 

46\138_138546.jpg
400 300
94 66 300 260; 106 88 277 226; 94 60 284 254; 

46\138_138557.jpg
400 281
106 38 344 245; 102 38 255 214; 9 18 348 275; 

46\138_138559.jpg
400 266
82 37 369 246; 115 33 222 162; 113 33 400 266; 

46\138_138560.jpg
400 282
59 54 366 266; 61 54 276 266; 62 54 398 266; 

46\138_138566.jpg
325 400
50 85 258 296; 50 85 195 220; 51 45 265 291; 

46\138_138576.jpg
400 290
66 16 322 257; 82 58 222 213; 68 15 340 258; 

46\138_138605.jpg
318 400
36 30 262 184; 34 26 258 174; 38 31 256 173; 

46\138_138606.jpg
238 400
76 106 176 266; 74 107 182 263; 73 106 181 266; 

46\138_138607.jpg
400 320
62 98 342 248; 126 95 282 248; 116 94 284 248; 

46\138_138608.jpg
261 400
71 97 197 371; 136 100 212 233; 71 99 209 324; 

46\138_138617.jpg
400 266
167 7 383 234; 169 55 359 231; 169 9 381 231; 

46\138_138636.jpg
379 400
54 25 323 308; 104 22 321 267; 189 22 301 132; 

46\138_138637.jpg
400 304
135 16 212 180; 135 21 216 181; 134 19 215 180; 

46\138_138650.jpg
400 266
122 50 358 189; 124 23 253 178; 124 22 361 181; 

46\138_138668.jpg
285 400
61 54 218 318; 60 57 231 354; 58 56 228 356; 

46\138_138674.jpg
400 238
193 122 396 235; 194 121 355 186; 193 125 358 184; 

46\138_138677.jpg
266 400
14 142 255 355; 13 146 236 350; 18 145 266 310; 

46\138_138679.jpg
400 266
7 119 246 261; 1 117 261 261; 0 118 261 266; 

46\138_138683.jpg
303 400
61 57 232 394; 59 55 245 337; 61 56 247 400; 

46\138_138684.jpg
257 400
91 4 198 216; 98 3 194 224; 95 0 194 222; 

46\138_138695.jpg
400 288
224 4 392 283; 226 25 366 289; 228 0 399 289; 

46\138_138720.jpg
399 283
91 21 336 274; 92 19 337 265; 90 21 337 275; 

46\138_138722.jpg
297 399
66 19 230 381; 84 15 225 277; 74 17 225 383; 

46\138_138724.jpg
399 299
84 22 324 292; 81 23 338 260; 81 23 327 275; 

46\138_138730.jpg
290 400
24 201 171 366; 20 202 172 363; 21 201 169 364; 

46\138_138735.jpg
399 298
22 20 294 267; 76 68 251 268; 77 25 277 268; 

46\138_138754.jpg
336 400
30 69 321 343; 31 72 322 339; 28 72 321 340; 

46\138_138757.jpg
400 362
194 34 364 249; 195 33 367 248; 197 33 384 329; 

46\138_138758.jpg
400 300
102 71 315 282; 102 69 313 270; 98 72 319 298; 

46\138_138762.jpg
400 368
37 82 322 359; 38 82 321 356; 38 80 321 358; 

46\138_138779.jpg
266 400
60 24 221 396; 62 24 221 228; 61 23 220 400; 

46\138_138785.jpg
246 400
89 32 235 338; 105 33 228 302; 104 35 225 304; 

46\138_138788.jpg
400 299
60 6 338 233; 60 2 300 236; 61 2 324 231; 

46\138_138791.jpg
266 400
44 248 144 366; 44 248 144 366; 44 166 226 364; 

46\138_138797.jpg
400 266
91 65 346 261; 192 55 346 177; 88 56 348 266; 

46\138_138807.jpg
300 400
80 184 289 384; 80 187 286 382; 82 188 288 384; 

46\138_138829.jpg
400 277
187 3 343 271; 198 0 344 193; 185 0 343 277; 

46\138_138835.jpg
400 300
4 70 255 295; 13 82 184 288; 0 71 254 300; 

46\138_138839.jpg
355 400
92 64 249 352; 92 63 247 351; 92 64 246 350; 

46\138_138845.jpg
400 267
85 107 354 219; 142 119 251 210; 69 74 385 221; 

46\138_138847.jpg
400 303
148 6 389 294; 147 2 291 226; 146 3 395 298; 

46\138_138860.jpg
279 400
91 209 234 358; 83 208 225 351; 82 208 226 351; 

46\138_138864.jpg
338 400
118 136 317 354; 116 133 318 356; 116 133 317 354; 

46\138_138867.jpg
400 266
118 54 354 191; 116 55 358 189; 119 54 357 189; 

46\138_138880.jpg
400 285
49 60 330 236; 54 63 331 231; 53 61 330 237; 

46\138_138906.jpg
400 311
2 81 268 306; 1 79 276 311; 0 79 275 311; 

46\138_138910.jpg
400 266
5 76 331 226; 6 76 334 229; 1 76 335 243; 

46\138_138911.jpg
319 400
72 58 224 392; 74 60 226 392; 76 57 225 391; 

46\138_138912.jpg
267 400
31 212 148 361; 29 214 144 356; 32 216 145 355; 

46\138_138914.jpg
400 255
23 46 362 215; 22 47 365 213; 21 46 364 219; 

46\138_138915.jpg
400 284
32 42 379 221; 31 40 378 260; 32 39 379 262; 

46\138_138917.jpg
400 300
108 26 354 296; 95 28 272 266; 124 29 271 199; 

46\138_138919.jpg
320 400
50 138 219 266; 46 136 214 269; 39 138 212 268; 

46\138_138920.jpg
400 400
26 97 245 376; 33 94 245 369; 25 96 246 369; 

46\138_138929.jpg
400 279
80 18 316 235; 79 18 321 249; 80 17 320 279; 

46\138_138931.jpg
275 400
48 111 195 338; 48 102 192 317; 48 103 191 308; 

46\138_138932.jpg
400 263
31 32 272 248; 32 33 273 256; 34 31 271 256; 

46\138_138935.jpg
263 400
53 82 209 376; 56 80 212 384; 56 79 210 386; 

46\138_138936.jpg
400 300
64 30 282 258; 121 23 282 269; 64 22 282 269; 

46\138_138939.jpg
263 400
52 59 233 327; 47 56 232 326; 51 55 233 327; 

46\138_138947.jpg
400 331
84 22 335 284; 85 24 332 285; 86 26 331 285; 

46\138_138953.jpg
244 400
38 28 190 340; 35 26 159 343; 36 25 160 340; 

46\138_138955.jpg
400 266
54 37 209 206; 49 35 209 204; 52 36 194 207; 

46\138_138958.jpg
400 390
106 94 261 278; 109 92 226 279; 109 92 250 278; 

46\138_138977.jpg
400 265
22 89 358 264; 26 86 359 265; 23 87 398 265; 

46\138_138983.jpg
400 266
152 102 290 263; 153 78 301 266; 151 77 301 266; 

46\139_139000.jpg
400 266
191 0 390 255; 190 139 389 254; 192 1 387 254; 

46\139_139016.jpg
400 300
109 22 333 289; 113 25 245 273; 110 18 267 286; 

46\139_139018.jpg
400 300
152 22 394 297; 152 22 400 300; 152 22 400 300; 

46\139_139056.jpg
300 400
41 44 134 398; 40 45 134 399; 39 41 134 400; 

46\139_139062.jpg
266 400
9 68 158 386; 11 68 161 382; 9 68 159 400; 

46\139_139079.jpg
400 263
38 26 218 233; 38 19 222 216; 8 20 225 229; 

46\139_139080.jpg
400 400
23 60 238 329; 26 57 240 338; 29 58 240 344; 

46\139_139095.jpg
400 266
113 10 265 245; 115 10 266 243; 115 6 263 246; 

46\139_139102.jpg
263 400
3 94 213 351; 1 93 213 355; 0 92 213 355; 

46\139_139122.jpg
400 308
8 4 250 281; 34 6 241 276; 0 1 245 278; 

46\139_139123.jpg
400 297
25 62 291 270; 28 62 280 274; 27 62 291 275; 

46\139_139165.jpg
292 400
70 56 180 396; 65 22 180 400; 66 22 181 400; 

46\139_139166.jpg
345 400
101 122 340 382; 104 126 345 356; 104 124 344 381; 

46\139_139174.jpg
400 298
9 2 251 279; 3 0 312 284; 0 0 312 282; 

46\139_139181.jpg
299 400
87 44 216 381; 94 46 231 398; 96 45 207 248; 

46\139_139197.jpg
400 266
25 5 305 216; 134 0 307 266; 36 3 304 218; 

46\139_139212.jpg
400 335
48 66 256 318; 85 69 199 316; 46 70 200 318; 

46\139_139217.jpg
320 400
70 54 222 376; 79 16 295 241; 77 13 290 249; 

46\139_139218.jpg
320 400
69 42 209 379; 76 14 289 250; 76 14 290 251; 

46\139_139219.jpg
378 400
52 122 312 342; 52 122 311 356; 49 122 312 356; 

46\139_139232.jpg
400 222
76 106 206 178; 76 105 210 178; 77 105 206 177; 

46\139_139238.jpg
399 315
57 75 237 274; 55 77 236 274; 56 76 235 274; 

46\139_139240.jpg
291 400
86 24 249 278; 85 24 256 277; 86 24 254 278; 

46\139_139244.jpg
399 315
152 35 367 242; 155 34 367 243; 157 35 365 244; 

46\139_139245.jpg
399 315
69 44 277 301; 68 47 275 307; 67 46 275 308; 

46\139_139246.jpg
399 315
26 19 291 282; 26 19 289 287; 25 19 290 285; 

46\139_139249.jpg
303 400
64 76 236 208; 64 78 237 209; 65 79 237 209; 

46\139_139256.jpg
399 315
48 30 219 285; 48 15 216 286; 48 13 218 287; 

46\139_139261.jpg
400 400
86 69 221 225; 86 68 216 226; 89 69 218 224; 

46\139_139266.jpg
400 400
211 72 301 329; 209 72 300 328; 211 72 299 328; 

46\139_139281.jpg
400 391
49 102 154 309; 49 101 155 309; 48 101 155 309; 

46\139_139300.jpg
400 300
40 34 242 252; 134 77 226 174; 42 38 253 247; 

46\139_139321.jpg
400 293
60 52 341 264; 59 52 341 282; 61 53 342 292; 

46\139_139325.jpg
400 400
66 49 335 356; 64 52 337 349; 64 52 336 349; 

46\139_139333.jpg
400 400
240 39 397 295; 239 39 400 291; 239 37 399 289; 

46\139_139341.jpg
300 400
41 23 201 275; 42 25 270 274; 42 25 199 272; 

46\139_139342.jpg
400 266
32 61 396 193; 32 60 400 191; 32 61 399 176; 

46\139_139351.jpg
400 266
9 70 340 253; 85 76 342 252; 1 69 341 253; 

46\139_139366.jpg
400 267
98 37 379 262; 83 26 277 247; 83 37 276 246; 

46\139_139369.jpg
399 300
171 51 314 297; 173 51 316 299; 173 50 314 299; 

46\139_139383.jpg
399 300
77 67 337 243; 70 66 336 246; 70 66 335 248; 

46\139_139387.jpg
266 400
61 43 230 377; 61 41 231 379; 64 41 230 380; 

46\139_139390.jpg
400 266
110 24 291 201; 110 21 308 209; 109 21 304 219; 

46\139_139403.jpg
400 266
159 74 347 263; 161 74 346 266; 162 77 346 266; 

46\139_139410.jpg
321 400
3 9 242 286; 3 8 242 281; 1 1 241 284; 

46\139_139429.jpg
400 300
128 40 294 295; 78 106 289 279; 76 39 290 280; 

46\139_139482.jpg
400 266
133 7 358 262; 131 12 356 266; 133 2 358 266; 

46\139_139498.jpg
400 266
38 49 291 258; 131 49 288 236; 15 1 305 266; 

46\139_139511.jpg
305 400
54 64 215 308; 92 112 211 263; 84 111 219 310; 

46\139_139513.jpg
299 400
41 39 252 332; 42 37 261 332; 44 38 261 334; 

46\139_139524.jpg
300 400
58 6 231 204; 64 48 257 202; 61 6 264 202; 

46\139_139538.jpg
400 316
68 12 210 229; 104 82 174 228; 61 4 212 224; 

46\139_139556.jpg
400 262
191 28 378 220; 190 29 379 222; 189 30 378 221; 

46\139_139565.jpg
400 400
54 61 322 369; 132 62 293 332; 57 61 319 369; 

46\139_139568.jpg
400 355
5 6 232 348; 41 6 217 349; 8 4 231 355; 

46\139_139595.jpg
400 266
7 8 244 264; 64 11 248 266; 0 1 245 266; 

46\139_139600.jpg
400 294
2 60 379 245; 20 60 379 243; 2 61 379 243; 

46\139_139649.jpg
400 400
98 6 310 393; 102 38 291 396; 109 38 290 395; 

46\139_139680.jpg
400 299
143 110 251 248; 146 109 251 249; 147 111 252 250; 

46\139_139713.jpg
400 285
6 5 255 276; 72 91 220 269; 1 0 261 263; 

46\139_139730.jpg
285 400
48 62 166 342; 28 62 167 378; 26 61 166 378; 

46\139_139734.jpg
400 320
46 74 218 210; 41 74 224 212; 42 74 223 213; 

46\139_139743.jpg
285 400
48 62 168 345; 28 61 167 378; 26 61 166 378; 

46\139_139757.jpg
400 366
19 25 238 364; 41 17 166 166; 12 18 240 366; 

46\139_139773.jpg
305 400
66 54 247 338; 65 13 258 297; 65 17 257 299; 

46\139_139774.jpg
399 328
36 23 294 279; 60 82 261 262; 34 26 312 277; 

46\139_139779.jpg
356 399
136 68 290 224; 122 29 343 216; 120 30 339 218; 

46\139_139822.jpg
235 400
34 124 181 366; 37 173 182 367; 38 172 182 367; 

46\139_139824.jpg
400 281
192 58 322 197; 192 59 325 199; 192 58 323 197; 

46\139_139837.jpg
400 376
111 82 283 258; 132 126 258 252; 132 126 258 252; 

46\139_139852.jpg
400 300
6 68 359 253; 6 67 211 251; 6 67 210 252; 

46\139_139857.jpg
266 400
10 54 191 397; 32 89 196 318; 2 52 196 396; 

46\139_139893.jpg
400 300
145 25 372 294; 146 28 303 300; 138 24 384 300; 

46\139_139930.jpg
395 400
8 8 292 312; 64 99 257 274; 6 13 292 307; 

46\139_139953.jpg
366 400
27 87 311 387; 48 93 324 379; 29 94 324 388; 

46\139_139958.jpg
266 400
56 72 241 252; 56 19 245 228; 58 75 243 248; 

46\139_139965.jpg
267 400
21 39 255 229; 22 41 253 224; 20 43 253 224; 

46\139_139975.jpg
266 400
11 58 255 319; 74 136 253 322; 9 55 254 318; 

46\139_139989.jpg
400 311
162 30 357 306; 161 125 354 310; 162 126 354 309; 

46\140_140001.jpg
400 387
60 13 298 197; 61 67 300 180; 60 8 302 180; 

46\140_140009.jpg
285 400
46 6 209 356; 44 1 211 352; 45 1 211 400; 

46\140_140016.jpg
400 266
178 22 331 176; 176 22 329 176; 181 25 329 179; 

46\140_140028.jpg
266 400
27 101 241 299; 27 98 233 299; 27 100 264 299; 

46\140_140031.jpg
266 400
40 36 187 366; 32 37 187 383; 31 37 186 383; 

46\140_140036.jpg
266 400
60 19 191 331; 15 38 163 265; 16 12 194 331; 

46\140_140041.jpg
266 400
45 41 232 376; 79 37 237 387; 21 35 237 388; 

46\140_140049.jpg
266 400
53 41 233 364; 52 43 233 349; 52 45 232 400; 

46\140_140067.jpg
400 296
53 39 336 224; 58 42 333 219; 58 42 335 226; 

46\140_140095.jpg
400 288
29 24 239 258; 22 16 242 239; 21 19 241 234; 

46\140_140096.jpg
399 266
214 103 374 180; 214 104 372 201; 217 102 371 168; 

46\140_140105.jpg
266 399
25 43 228 266; 17 37 260 280; 14 44 265 277; 

46\140_140109.jpg
400 266
191 151 358 248; 198 159 352 237; 196 129 353 237; 

46\140_140120.jpg
266 400
27 39 255 293; 22 40 256 251; 19 40 254 263; 

46\140_140125.jpg
266 400
60 74 204 326; 64 74 204 324; 61 73 204 400; 

46\140_140126.jpg
271 400
41 57 227 312; 42 58 228 309; 43 58 227 393; 

46\140_140136.jpg
400 300
175 13 378 138; 179 16 376 133; 181 16 377 136; 

46\140_140140.jpg
400 306
119 32 304 268; 125 31 302 267; 126 32 302 267; 

46\140_140145.jpg
400 306
153 55 310 272; 161 68 308 271; 162 68 302 269; 

46\140_140182.jpg
400 300
21 94 380 254; 157 93 272 239; 8 93 382 241; 

46\140_140183.jpg
266 400
107 19 209 372; 129 15 201 285; 128 13 201 376; 

46\140_140186.jpg
299 400
62 71 239 229; 51 73 234 229; 72 72 233 230; 

46\140_140187.jpg
400 266
119 108 369 252; 122 110 367 248; 122 108 365 234; 

46\140_140197.jpg
400 300
72 72 324 225; 70 72 319 227; 72 71 351 260; 

46\140_140198.jpg
300 400
38 72 203 300; 26 78 208 302; 29 73 207 302; 

46\140_140200.jpg
400 278
115 71 328 231; 114 72 312 228; 114 69 309 240; 

46\140_140201.jpg
400 300
19 72 342 187; 12 71 342 194; 15 72 385 198; 

46\140_140266.jpg
400 300
106 40 223 248; 106 40 221 251; 107 41 221 256; 

46\140_140268.jpg
400 266
219 82 336 219; 215 81 335 194; 218 81 334 264; 

46\140_140276.jpg
400 266
158 65 300 260; 166 53 322 242; 167 58 315 212; 

46\140_140285.jpg
400 320
103 99 319 256; 101 98 323 255; 101 100 321 257; 

46\140_140297.jpg
400 265
39 41 392 193; 38 41 394 178; 38 40 392 227; 

46\140_140303.jpg
400 266
14 13 238 251; 16 14 230 252; 15 13 239 254; 

46\140_140318.jpg
400 287
41 48 295 237; 37 47 295 241; 41 47 293 242; 

46\140_140319.jpg
400 300
99 51 329 296; 98 122 328 300; 99 121 329 300; 

46\140_140326.jpg
278 400
144 53 250 352; 144 51 249 348; 143 49 250 351; 

46\140_140327.jpg
296 400
26 19 126 376; 28 19 114 369; 29 20 113 368; 

46\140_140334.jpg
400 267
62 25 338 231; 63 9 338 229; 62 7 338 268; 

46\140_140347.jpg
400 245
42 64 311 216; 42 68 311 212; 42 66 310 212; 

46\140_140356.jpg
400 267
79 55 388 254; 71 82 332 258; 75 56 389 258; 

46\140_140378.jpg
400 311
42 44 366 248; 42 48 305 239; 42 48 400 249; 

46\140_140399.jpg
400 334
222 160 365 293; 235 164 356 282; 237 162 353 279; 

46\140_140400.jpg
271 400
121 145 235 352; 124 146 232 322; 124 145 232 319; 

46\140_140411.jpg
345 400
64 11 265 247; 63 15 268 251; 68 17 260 226; 

46\140_140420.jpg
400 299
214 96 388 284; 218 92 368 268; 216 96 366 269; 

46\140_140448.jpg
400 266
181 41 352 232; 185 44 352 233; 182 41 354 233; 

46\140_140453.jpg
399 304
109 16 388 270; 109 13 386 276; 109 13 387 297; 

46\140_140465.jpg
299 400
36 28 261 316; 36 28 261 315; 36 30 266 365; 

46\140_140483.jpg
266 400
62 52 263 274; 3 50 265 273; 1 49 267 265; 

46\140_140486.jpg
387 400
50 67 303 348; 58 67 302 229; 48 68 300 353; 

46\140_140491.jpg
400 266
38 23 365 199; 38 99 361 196; 39 24 374 194; 

46\140_140492.jpg
400 300
157 67 239 224; 160 66 240 222; 159 66 241 300; 

46\140_140525.jpg
266 400
21 117 249 346; 78 120 248 343; 18 121 248 342; 

46\140_140540.jpg
400 344
94 78 316 326; 92 80 314 308; 95 82 315 308; 

46\140_140545.jpg
400 266
124 41 267 261; 124 41 267 266; 125 42 265 261; 

46\140_140547.jpg
400 278
76 140 391 249; 79 144 398 245; 79 144 399 244; 

46\140_140555.jpg
400 379
60 82 333 375; 63 59 349 259; 85 76 309 192; 

46\140_140561.jpg
400 308
4 87 236 308; 2 82 236 309; 0 82 235 309; 

46\140_140567.jpg
240 320
64 34 222 313; 64 33 227 318; 66 33 222 320; 

46\140_140574.jpg
266 400
46 48 217 342; 64 49 218 294; 46 49 217 351; 

46\140_140581.jpg
400 300
40 81 206 291; 40 81 206 293; 40 81 205 293; 

46\140_140610.jpg
400 320
116 80 307 310; 115 81 304 274; 116 80 304 276; 

46\140_140636.jpg
387 400
7 37 279 365; 79 49 280 282; 0 47 278 363; 

46\140_140638.jpg
400 400
9 44 288 369; 77 43 287 285; 0 44 285 367; 

46\140_140639.jpg
400 300
150 119 363 273; 154 85 348 266; 154 84 351 262; 

46\140_140644.jpg
400 266
60 32 266 218; 60 34 264 217; 61 33 264 261; 

46\140_140645.jpg
400 266
59 31 267 221; 60 33 265 217; 61 34 264 217; 

46\140_140646.jpg
400 208
192 17 324 199; 232 26 309 208; 184 26 356 206; 

46\140_140647.jpg
400 296
125 75 258 286; 127 71 275 295; 126 74 256 295; 

46\140_140661.jpg
400 396
46 98 324 261; 111 130 304 263; 18 0 304 262; 

46\140_140667.jpg
320 400
48 132 303 311; 49 131 302 312; 144 131 302 313; 

46\140_140668.jpg
180 272
23 88 134 210; 15 12 143 217; 22 84 134 212; 

46\140_140669.jpg
266 400
45 115 214 393; 82 0 207 259; 44 118 213 400; 

46\140_140673.jpg
400 278
79 139 383 247; 80 146 396 243; 79 143 399 244; 

46\140_140677.jpg
400 266
1 1 182 160; 1 0 183 158; 0 1 182 158; 

46\140_140680.jpg
266 400
36 89 226 331; 38 89 226 330; 32 83 226 342; 

46\140_140684.jpg
400 266
97 9 312 236; 95 2 341 237; 96 1 340 239; 

46\140_140686.jpg
400 266
81 32 284 231; 79 31 284 234; 80 32 282 234; 

46\140_140687.jpg
400 266
96 19 271 208; 96 20 271 209; 98 19 308 209; 

46\140_140695.jpg
400 266
121 70 292 198; 126 71 289 198; 128 72 286 194; 

46\140_140696.jpg
400 266
118 68 291 193; 118 70 290 196; 118 71 289 194; 

46\140_140699.jpg
400 266
110 58 296 232; 108 58 298 225; 106 54 297 226; 

46\140_140700.jpg
400 266
161 47 319 227; 159 46 314 224; 162 48 313 224; 

46\140_140701.jpg
400 266
72 43 259 224; 79 45 258 222; 78 46 256 223; 

46\140_140702.jpg
400 266
116 28 329 235; 116 53 269 231; 117 53 267 231; 

46\140_140704.jpg
400 265
65 58 359 211; 65 64 330 213; 64 64 338 214; 

46\140_140705.jpg
400 265
96 38 290 238; 98 39 289 236; 99 38 289 235; 

46\140_140724.jpg
265 400
7 31 221 268; 69 32 224 255; 50 32 222 257; 

46\140_140728.jpg
265 400
2 104 239 322; 36 108 244 322; 36 108 245 324; 

46\140_140732.jpg
265 400
39 72 126 289; 44 78 121 285; 45 71 114 284; 

46\140_140734.jpg
400 265
18 35 234 258; 0 27 249 265; 0 21 250 265; 

46\140_140735.jpg
400 266
47 94 340 195; 44 92 356 196; 47 94 354 194; 

46\140_140737.jpg
266 400
66 66 171 332; 86 66 167 332; 86 66 169 325; 

46\140_140738.jpg
266 400
6 169 113 389; 3 156 112 388; 11 156 111 384; 

46\140_140766.jpg
400 300
193 40 334 278; 189 39 328 277; 188 39 329 277; 

46\140_140768.jpg
400 300
149 33 369 193; 176 99 348 192; 175 96 350 191; 

46\140_140773.jpg
300 400
23 68 246 386; 24 64 244 348; 25 66 244 400; 

46\140_140776.jpg
400 329
80 98 316 307; 144 99 261 311; 44 139 356 241; 

46\140_140805.jpg
400 308
78 46 194 301; 80 47 192 300; 81 47 191 301; 

46\140_140808.jpg
360 400
63 30 232 378; 103 105 232 382; 67 29 231 383; 

46\140_140827.jpg
400 266
90 128 324 241; 91 129 360 244; 92 79 362 252; 

46\140_140851.jpg
400 326
5 4 269 268; 68 45 269 262; 0 1 268 265; 

46\140_140867.jpg
400 300
118 79 275 291; 126 79 272 282; 126 76 272 282; 

46\140_140875.jpg
400 300
43 68 316 210; 46 68 316 209; 42 68 315 209; 

46\140_140893.jpg
400 300
162 26 354 240; 158 33 346 229; 161 28 350 238; 

46\140_140899.jpg
400 280
25 49 231 268; 28 64 231 267; 26 62 230 268; 

46\140_140907.jpg
400 299
77 42 327 262; 72 40 328 264; 75 42 328 262; 

46\140_140927.jpg
400 320
85 92 314 266; 85 95 276 262; 84 95 311 260; 

46\140_140934.jpg
400 293
9 31 249 289; 22 32 250 257; 23 32 249 260; 

46\140_140937.jpg
400 291
174 12 356 192; 180 12 349 189; 181 13 352 188; 

46\140_140972.jpg
400 288
59 34 318 190; 61 34 318 190; 61 36 318 282; 

46\140_140991.jpg
399 267
83 38 315 244; 75 41 315 260; 74 38 315 258; 

46\140_140999.jpg
400 320
93 54 342 291; 91 65 328 288; 92 62 366 292; 

