400

48\144_144000.jpg
300 400
79 82 274 225; 99 84 275 236; 79 75 274 237; 

48\144_144018.jpg
266 400
18 16 247 272; 103 81 266 303; 86 81 263 304; 

48\144_144022.jpg
321 400
68 102 259 334; 76 164 224 328; 62 94 261 324; 

48\144_144039.jpg
400 296
5 97 272 294; 1 101 270 289; 1 99 271 290; 

48\144_144042.jpg
400 300
110 110 290 220; 111 93 291 216; 111 96 292 216; 

48\144_144049.jpg
399 399
59 72 319 377; 113 72 321 377; 55 72 320 377; 

48\144_144054.jpg
400 270
36 4 320 232; 38 28 293 233; 39 7 317 232; 

48\144_144063.jpg
400 300
173 22 363 281; 196 55 359 254; 200 45 359 254; 

48\144_144094.jpg
400 368
122 6 310 276; 122 68 309 254; 124 4 309 251; 

48\144_144102.jpg
400 278
37 18 162 162; 35 16 184 166; 34 16 188 163; 

48\144_144105.jpg
400 266
42 54 286 262; 14 30 305 260; 11 31 302 266; 

48\144_144110.jpg
400 249
100 36 350 205; 102 31 351 208; 101 33 351 208; 

48\144_144112.jpg
400 285
41 24 238 286; 52 23 275 259; 49 23 274 259; 

48\144_144113.jpg
400 266
120 16 288 261; 120 20 282 191; 121 20 282 189; 

48\144_144116.jpg
343 400
20 84 301 306; 61 91 305 282; 20 91 306 311; 

48\144_144129.jpg
400 265
104 40 394 244; 106 40 336 235; 105 40 400 246; 

48\144_144140.jpg
320 400
77 42 241 352; 81 33 240 291; 80 29 239 287; 

48\144_144145.jpg
353 400
76 148 305 396; 75 148 309 387; 61 148 309 400; 

48\144_144150.jpg
400 400
52 6 320 358; 158 166 312 332; 52 0 324 329; 

48\144_144153.jpg
400 355
66 52 292 352; 136 47 301 245; 66 48 329 355; 

48\144_144166.jpg
400 300
128 32 364 280; 130 35 364 281; 129 32 364 282; 

48\144_144167.jpg
253 399
104 26 215 384; 118 24 214 392; 118 26 216 392; 

48\144_144168.jpg
400 300
134 4 362 282; 160 50 376 225; 152 3 375 226; 

48\144_144170.jpg
266 400
42 26 166 380; 44 24 170 383; 44 27 167 381; 

48\144_144177.jpg
400 304
31 68 258 258; 28 71 261 279; 15 71 259 282; 

48\144_144178.jpg
400 400
124 34 374 330; 126 31 379 332; 126 34 379 332; 

48\144_144179.jpg
400 309
55 14 362 217; 45 11 399 224; 44 9 399 227; 

48\144_144183.jpg
400 315
118 143 395 307; 135 157 372 315; 133 158 369 315; 

48\144_144184.jpg
400 398
48 190 248 316; 25 172 299 342; 47 189 297 341; 

48\144_144189.jpg
400 266
128 4 288 179; 143 11 279 178; 144 12 279 178; 

48\144_144190.jpg
320 400
52 20 282 354; 74 134 268 291; 55 18 269 290; 

48\144_144202.jpg
400 370
34 24 308 337; 107 66 284 236; 106 66 285 239; 

48\144_144221.jpg
400 266
90 24 312 232; 99 2 317 212; 99 2 316 213; 

48\144_144226.jpg
400 251
45 32 316 227; 32 30 316 232; 30 29 316 241; 

48\144_144234.jpg
400 310
76 62 324 274; 77 57 300 273; 79 57 347 274; 

48\144_144237.jpg
400 246
88 34 362 206; 91 34 342 208; 91 34 376 207; 

48\144_144242.jpg
301 400
18 54 207 318; 19 55 211 311; 21 56 183 225; 

48\144_144267.jpg
400 275
199 39 299 179; 160 37 301 220; 154 38 300 241; 

48\144_144272.jpg
300 400
46 18 270 322; 1 4 271 301; 0 2 270 395; 

48\144_144274.jpg
400 303
146 76 326 259; 211 84 298 254; 209 47 294 254; 

48\144_144275.jpg
290 400
14 46 212 364; 14 48 215 372; 14 45 216 371; 

48\144_144287.jpg
400 266
48 68 360 257; 38 68 366 232; 39 67 364 266; 

48\144_144288.jpg
290 400
22 38 244 310; 21 48 216 332; 21 31 274 334; 

48\144_144293.jpg
400 296
74 171 310 255; 76 172 312 252; 76 171 312 296; 

48\144_144294.jpg
320 400
19 14 129 390; 20 24 129 399; 19 9 163 400; 

48\144_144301.jpg
400 266
84 2 255 264; 81 0 264 266; 81 1 261 266; 

48\144_144320.jpg
400 298
49 34 330 217; 77 36 317 220; 76 37 316 219; 

48\144_144327.jpg
400 348
79 96 385 332; 95 94 382 332; 96 98 382 332; 

48\144_144332.jpg
400 360
27 188 159 340; 33 198 153 349; 34 199 151 315; 

48\144_144346.jpg
400 338
226 43 354 222; 226 42 355 216; 225 43 354 216; 

48\144_144349.jpg
399 302
66 20 336 284; 59 8 339 291; 59 11 339 290; 

48\144_144362.jpg
285 400
4 0 259 266; 29 74 184 283; 6 2 196 265; 

48\144_144363.jpg
400 328
86 22 388 268; 88 19 396 266; 91 21 398 270; 

48\144_144366.jpg
400 300
116 50 220 266; 115 50 222 216; 94 48 220 214; 

48\144_144369.jpg
400 266
32 12 250 262; 16 11 196 254; 0 1 249 266; 

48\144_144374.jpg
400 307
23 45 326 282; 19 51 335 288; 20 49 335 288; 

48\144_144375.jpg
400 302
20 133 224 291; 20 128 231 291; 22 126 227 272; 

48\144_144381.jpg
286 400
19 38 230 246; 34 54 244 244; 0 7 243 243; 

48\144_144392.jpg
400 300
36 14 282 270; 38 30 283 269; 31 15 282 269; 

48\144_144399.jpg
400 310
6 120 294 274; 2 122 298 310; 1 122 295 310; 

48\144_144401.jpg
311 400
36 104 285 386; 40 107 170 296; 39 104 226 294; 

48\144_144408.jpg
400 300
114 30 372 278; 111 31 373 282; 114 32 372 279; 

48\144_144420.jpg
400 342
30 23 284 246; 28 22 284 244; 28 21 283 244; 

48\144_144426.jpg
291 400
44 19 238 332; 45 18 240 331; 45 19 239 384; 

48\144_144428.jpg
400 320
50 38 290 302; 54 22 308 306; 54 21 308 308; 

48\144_144430.jpg
290 400
76 39 214 364; 91 29 266 342; 76 31 268 381; 

48\144_144436.jpg
262 400
38 25 198 382; 19 26 210 384; 23 27 209 383; 

48\144_144437.jpg
266 400
56 59 236 399; 32 46 216 174; 27 46 217 179; 

48\144_144439.jpg
400 291
90 26 354 278; 91 21 361 274; 88 21 358 272; 

48\144_144440.jpg
400 273
82 36 334 262; 103 40 338 228; 109 25 336 229; 

48\144_144442.jpg
315 400
78 82 303 306; 49 80 263 284; 79 80 262 264; 

48\144_144444.jpg
400 276
138 44 350 267; 140 48 261 268; 141 48 382 268; 

48\144_144454.jpg
225 400
22 24 201 278; 14 12 207 264; 14 12 206 385; 

48\144_144467.jpg
270 400
88 66 242 368; 81 66 244 381; 79 16 248 381; 

48\144_144471.jpg
266 400
68 88 241 282; 73 121 224 279; 73 94 238 279; 

48\144_144473.jpg
400 301
74 22 294 275; 76 20 296 281; 42 21 295 281; 

48\144_144474.jpg
400 350
46 48 308 324; 36 51 267 324; 38 49 314 350; 

48\144_144491.jpg
400 292
20 19 234 291; 18 18 238 292; 18 21 237 292; 

48\144_144492.jpg
297 400
36 32 251 362; 38 34 164 275; 39 32 253 400; 

48\144_144498.jpg
400 266
184 17 318 219; 182 36 320 219; 184 2 321 219; 

48\144_144499.jpg
400 266
80 74 221 171; 86 79 214 159; 87 78 214 160; 

48\144_144500.jpg
347 400
32 80 273 396; 33 81 276 400; 33 80 276 400; 

48\144_144510.jpg
400 391
80 151 370 383; 76 152 373 282; 74 152 373 292; 

48\144_144513.jpg
400 266
14 54 252 226; 13 55 186 229; 14 57 186 228; 

48\144_144516.jpg
400 335
112 6 272 328; 120 2 271 262; 113 1 270 278; 

48\144_144519.jpg
266 400
44 80 264 342; 43 80 202 344; 46 82 264 304; 

48\144_144520.jpg
329 400
76 88 221 383; 78 161 219 346; 29 42 248 309; 

48\144_144522.jpg
300 400
58 62 228 338; 62 61 228 342; 61 62 228 341; 

48\144_144524.jpg
305 400
9 14 210 341; 4 10 208 334; 4 9 209 334; 

48\144_144527.jpg
395 400
80 40 282 374; 81 34 228 189; 56 34 284 378; 

48\144_144528.jpg
268 400
121 26 237 260; 115 26 239 264; 83 24 239 264; 

48\144_144530.jpg
268 400
116 36 204 222; 97 38 201 217; 96 38 200 218; 

48\144_144531.jpg
266 400
78 74 221 382; 69 72 221 381; 68 74 222 379; 

48\144_144541.jpg
300 400
34 120 246 269; 15 136 269 268; 15 138 251 269; 

48\144_144558.jpg
400 266
100 10 312 230; 155 3 271 239; 156 83 270 239; 

48\144_144559.jpg
400 321
117 51 289 275; 132 86 275 270; 131 58 279 268; 

48\144_144568.jpg
400 265
145 78 248 266; 172 88 242 265; 157 87 233 265; 

48\144_144604.jpg
400 266
158 106 236 263; 160 107 239 266; 161 107 237 265; 

48\144_144619.jpg
400 320
44 94 296 182; 34 93 330 221; 34 95 329 221; 

48\144_144627.jpg
400 300
176 17 390 261; 167 7 394 262; 166 9 392 263; 

48\144_144629.jpg
400 266
34 76 216 161; 29 75 179 186; 30 76 283 185; 

48\144_144643.jpg
384 400
42 98 342 390; 44 95 352 379; 42 96 349 385; 

48\144_144649.jpg
400 380
106 36 314 259; 102 36 274 251; 110 36 270 242; 

48\144_144656.jpg
266 400
14 30 242 300; 88 31 256 331; 9 30 256 332; 

48\144_144659.jpg
305 400
33 51 278 312; 114 44 276 160; 115 46 276 167; 

48\144_144660.jpg
266 400
96 29 224 309; 96 32 179 361; 94 30 221 362; 

48\144_144667.jpg
260 400
28 96 216 374; 32 56 219 378; 29 62 245 382; 

48\144_144670.jpg
284 400
66 4 207 204; 42 0 223 193; 35 0 226 203; 

48\144_144680.jpg
397 400
50 114 176 322; 46 114 169 311; 48 116 168 309; 

48\144_144682.jpg
400 330
84 81 192 246; 86 79 191 241; 88 79 191 243; 

48\144_144683.jpg
365 399
81 128 314 340; 109 128 318 335; 72 128 319 342; 

48\144_144685.jpg
400 300
100 30 344 226; 134 31 355 229; 131 29 399 262; 

48\144_144691.jpg
400 300
68 68 192 278; 53 69 193 282; 56 70 192 292; 

48\144_144694.jpg
400 300
76 114 272 286; 0 117 274 279; 0 116 274 294; 

48\144_144695.jpg
400 300
114 131 298 296; 115 131 384 292; 116 131 384 295; 

48\144_144697.jpg
400 300
70 70 360 284; 72 54 388 269; 71 55 388 300; 

48\144_144702.jpg
400 250
24 139 393 193; 1 141 399 196; 1 140 400 195; 

48\144_144704.jpg
400 263
104 9 294 232; 83 1 293 238; 80 0 293 237; 

48\144_144708.jpg
400 221
58 41 254 220; 6 39 228 204; 9 38 226 221; 

48\144_144722.jpg
400 300
76 20 300 226; 77 19 300 227; 77 21 301 227; 

48\144_144723.jpg
400 300
68 62 328 282; 103 64 291 227; 100 65 289 225; 

48\144_144740.jpg
400 320
51 24 216 215; 46 24 207 206; 48 26 209 208; 

48\144_144785.jpg
400 320
106 8 372 284; 108 6 373 284; 109 6 373 284; 

48\144_144797.jpg
326 400
92 36 186 332; 104 36 189 340; 18 36 186 360; 

48\144_144809.jpg
359 400
22 138 247 372; 9 138 242 358; 7 120 272 379; 

48\144_144818.jpg
399 266
115 33 356 240; 116 34 355 205; 117 33 354 199; 

48\144_144833.jpg
307 400
48 10 217 374; 45 12 220 221; 46 11 221 217; 

48\144_144859.jpg
285 400
20 131 231 365; 16 127 239 368; 18 128 238 366; 

48\144_144862.jpg
400 298
156 18 370 286; 156 14 372 242; 156 14 370 242; 

48\144_144864.jpg
400 311
88 32 278 301; 105 31 244 265; 104 31 253 311; 

48\144_144868.jpg
400 292
144 62 300 224; 144 63 299 227; 146 64 301 226; 

48\144_144869.jpg
400 300
120 86 274 242; 122 102 274 244; 122 102 274 242; 

48\144_144873.jpg
400 360
32 16 255 329; 110 106 250 305; 12 16 251 304; 

48\144_144881.jpg
400 300
164 12 362 172; 166 11 382 144; 76 14 398 299; 

48\144_144892.jpg
261 400
50 220 197 352; 33 218 240 353; 36 219 239 352; 

48\144_144893.jpg
400 300
82 112 243 282; 83 112 309 296; 82 115 309 296; 

48\144_144897.jpg
310 399
9 78 208 385; 39 88 211 258; 4 87 209 400; 

48\144_144905.jpg
400 300
18 84 344 296; 17 80 388 300; 16 83 388 300; 

48\144_144916.jpg
400 300
130 72 274 216; 122 69 281 222; 137 74 260 205; 

48\144_144918.jpg
300 400
88 32 224 366; 109 29 202 294; 78 29 234 376; 

48\144_144928.jpg
400 266
94 12 330 255; 96 48 309 264; 96 11 324 262; 

48\144_144931.jpg
266 400
12 46 233 310; 66 45 232 317; 20 47 183 177; 

48\144_144941.jpg
400 295
36 114 336 291; 162 116 339 270; 153 115 342 294; 

48\144_144945.jpg
400 265
120 40 306 208; 103 34 332 203; 102 36 331 209; 

48\144_144953.jpg
400 300
96 58 381 299; 51 59 400 299; 95 110 395 296; 

48\144_144961.jpg
300 400
82 206 292 392; 81 204 299 399; 79 207 299 400; 

48\144_144962.jpg
267 400
24 18 227 256; 25 50 229 242; 1 1 227 244; 

48\144_144967.jpg
320 400
23 38 298 310; 21 36 294 314; 21 38 292 311; 

48\144_144971.jpg
400 400
66 90 364 385; 35 89 376 346; 39 66 369 292; 

48\144_144973.jpg
300 400
108 48 239 394; 108 34 237 400; 109 6 235 400; 

48\144_144974.jpg
400 266
38 5 294 241; 111 5 287 227; 1 0 287 231; 

48\144_144983.jpg
400 400
66 54 352 291; 67 19 357 301; 67 10 357 310; 

48\144_144985.jpg
400 299
70 38 370 258; 52 77 384 261; 52 76 380 258; 

48\145_145005.jpg
310 400
62 46 225 250; 38 6 203 249; 39 5 225 251; 

48\145_145009.jpg
266 400
36 12 221 334; 36 64 233 199; 35 1 233 201; 

48\145_145011.jpg
305 400
48 60 227 366; 49 48 199 252; 48 48 198 251; 

48\145_145016.jpg
266 400
50 38 188 334; 57 37 189 331; 47 35 196 400; 

48\145_145017.jpg
266 400
64 60 182 354; 85 61 186 312; 60 61 202 400; 

48\145_145018.jpg
266 400
24 74 208 398; 30 73 166 333; 31 75 185 259; 

48\145_145019.jpg
266 400
82 20 176 364; 84 17 178 186; 84 16 185 364; 

48\145_145020.jpg
266 400
46 42 200 374; 45 41 204 379; 38 45 202 400; 

48\145_145023.jpg
320 400
92 72 242 298; 90 111 228 292; 93 70 228 292; 

48\145_145025.jpg
400 300
32 71 338 269; 46 71 335 261; 32 69 335 269; 

48\145_145034.jpg
400 275
113 54 254 232; 12 26 258 275; 4 26 256 275; 

48\145_145035.jpg
353 400
38 70 289 384; 34 20 296 320; 33 22 291 392; 

48\145_145037.jpg
400 266
98 48 302 227; 6 50 301 248; 6 48 302 247; 

48\145_145055.jpg
400 266
24 42 258 263; 31 43 258 266; 0 7 298 266; 

48\145_145075.jpg
399 299
112 48 372 240; 112 46 358 235; 13 26 386 248; 

48\145_145077.jpg
215 400
52 60 171 392; 54 132 189 394; 36 9 209 400; 

48\145_145078.jpg
400 313
90 16 296 231; 128 115 260 231; 62 12 295 232; 

48\145_145081.jpg
400 286
170 76 362 234; 168 75 365 242; 169 76 365 241; 

48\145_145082.jpg
400 286
70 100 328 240; 70 98 295 239; 70 100 354 238; 

48\145_145085.jpg
400 286
15 76 308 254; 14 76 322 257; 12 77 328 255; 

48\145_145086.jpg
400 286
20 60 364 234; 22 60 367 236; 20 59 367 237; 

48\145_145094.jpg
400 376
48 24 346 280; 46 70 223 258; 46 69 225 255; 

48\145_145108.jpg
242 400
128 190 192 384; 129 189 193 386; 130 191 196 386; 

48\145_145111.jpg
285 400
60 58 236 232; 80 64 213 226; 81 64 212 225; 

48\145_145114.jpg
400 285
104 2 282 211; 105 2 283 210; 105 1 284 209; 

48\145_145115.jpg
400 285
110 12 332 282; 143 11 288 174; 143 14 286 251; 

48\145_145116.jpg
285 400
57 92 266 354; 111 92 262 237; 57 94 260 308; 

48\145_145154.jpg
400 320
156 70 316 284; 174 71 300 284; 175 71 301 287; 

48\145_145156.jpg
400 300
102 66 188 292; 105 62 193 300; 104 59 222 300; 

48\145_145173.jpg
400 359
75 24 255 353; 72 25 261 265; 72 25 263 347; 

48\145_145174.jpg
360 400
125 179 348 318; 131 182 353 321; 132 182 352 320; 

48\145_145183.jpg
400 293
174 30 338 269; 185 24 335 240; 185 26 336 240; 

48\145_145185.jpg
400 266
150 48 298 260; 148 46 309 266; 151 48 309 266; 

48\145_145203.jpg
400 265
76 58 300 231; 79 61 294 223; 79 62 297 226; 

48\145_145219.jpg
399 356
184 27 359 280; 165 99 358 285; 166 42 359 284; 

48\145_145220.jpg
400 301
120 12 342 292; 125 82 304 292; 118 8 349 292; 

48\145_145234.jpg
399 298
20 51 256 288; 8 36 210 252; 2 7 395 251; 

48\145_145247.jpg
400 300
156 64 336 286; 160 24 340 298; 160 41 339 300; 

48\145_145263.jpg
400 299
149 20 372 292; 156 16 374 245; 154 16 369 299; 

48\145_145274.jpg
400 299
56 7 302 296; 169 19 304 224; 58 0 306 299; 

48\145_145275.jpg
400 299
22 29 334 257; 20 32 335 259; 22 32 335 261; 

48\145_145284.jpg
400 266
52 86 372 194; 51 86 373 195; 51 42 375 196; 

48\145_145305.jpg
300 400
44 12 258 318; 49 87 259 320; 30 11 259 321; 

48\145_145313.jpg
400 275
54 40 342 233; 164 40 342 234; 55 39 342 234; 

48\145_145314.jpg
400 275
86 36 346 237; 192 46 348 234; 88 37 348 232; 

48\145_145315.jpg
275 400
68 70 207 338; 71 70 208 339; 70 72 208 338; 

48\145_145322.jpg
300 400
46 28 228 312; 45 28 226 318; 45 29 226 319; 

48\145_145338.jpg
400 313
100 20 332 308; 99 134 231 297; 99 20 318 298; 

48\145_145341.jpg
400 300
36 56 372 262; 38 60 399 262; 38 59 400 300; 

48\145_145343.jpg
300 400
32 70 246 386; 36 40 234 309; 33 42 231 311; 

48\145_145346.jpg
400 300
68 32 326 296; 68 29 258 208; 68 29 258 221; 

48\145_145348.jpg
400 300
124 18 270 256; 122 17 278 289; 124 16 274 300; 

48\145_145349.jpg
400 300
132 42 322 262; 121 43 324 264; 120 44 324 265; 

48\145_145351.jpg
331 400
60 54 275 398; 59 9 243 270; 61 7 248 268; 

48\145_145367.jpg
300 400
112 66 182 262; 115 68 183 260; 115 68 179 259; 

48\145_145397.jpg
400 400
98 100 314 398; 96 104 278 296; 64 76 340 336; 

48\145_145398.jpg
400 285
74 36 372 256; 70 28 378 261; 70 28 376 261; 

48\145_145412.jpg
400 320
96 28 310 284; 95 21 309 286; 94 20 309 284; 

48\145_145430.jpg
400 266
108 24 308 232; 61 21 354 254; 59 20 368 258; 

48\145_145471.jpg
266 400
98 56 216 370; 117 53 216 352; 116 31 214 379; 

48\145_145474.jpg
400 266
16 42 205 225; 2 44 206 228; 2 44 206 230; 

48\145_145475.jpg
400 266
28 44 294 215; 9 45 294 208; 8 46 292 209; 

48\145_145476.jpg
276 400
51 56 256 353; 58 53 254 291; 57 51 254 400; 

48\145_145478.jpg
400 266
66 78 292 247; 77 84 324 251; 81 134 290 234; 

48\145_145486.jpg
400 266
82 14 288 235; 79 11 291 239; 81 11 292 241; 

48\145_145488.jpg
400 266
80 28 288 239; 84 10 289 242; 81 10 291 241; 

48\145_145523.jpg
400 300
144 88 360 296; 140 86 364 300; 142 91 364 300; 

48\145_145535.jpg
400 266
202 56 322 212; 210 59 324 218; 208 59 325 218; 

48\145_145537.jpg
400 300
88 34 290 290; 79 31 291 274; 78 32 291 300; 

48\145_145544.jpg
400 300
43 82 230 298; 34 82 235 300; 35 82 232 300; 

48\145_145568.jpg
400 320
149 48 344 201; 156 49 340 184; 158 51 338 186; 

48\145_145569.jpg
320 400
86 140 244 280; 86 143 228 279; 85 141 227 278; 

48\145_145612.jpg
400 286
126 78 264 221; 130 81 262 218; 130 82 262 219; 

48\145_145636.jpg
400 320
126 74 298 250; 124 49 398 319; 122 48 287 219; 

48\145_145651.jpg
400 266
198 36 368 262; 204 36 379 266; 202 36 378 266; 

48\145_145662.jpg
400 300
66 29 302 294; 70 69 285 290; 62 40 308 300; 

48\145_145666.jpg
300 400
22 58 258 322; 31 18 213 212; 20 19 286 352; 

48\145_145677.jpg
400 292
71 23 208 261; 89 22 205 216; 10 22 205 292; 

48\145_145678.jpg
291 400
40 86 203 350; 42 156 204 321; 42 51 227 355; 

48\145_145685.jpg
400 266
133 62 374 258; 136 65 381 215; 131 62 384 266; 

48\145_145689.jpg
288 399
94 64 170 342; 94 0 187 345; 92 0 186 344; 

48\145_145707.jpg
400 265
101 22 302 263; 108 16 304 265; 104 22 304 265; 

48\145_145709.jpg
400 263
106 36 340 259; 111 38 349 264; 109 38 338 214; 

48\145_145717.jpg
400 268
82 18 312 266; 82 17 316 268; 81 18 312 268; 

48\145_145718.jpg
400 264
112 26 316 261; 113 26 361 241; 94 27 379 264; 

48\145_145726.jpg
400 265
9 30 284 258; 27 29 206 151; 28 28 205 164; 

48\145_145727.jpg
305 400
36 92 237 317; 11 94 235 324; 3 22 288 324; 

48\145_145732.jpg
400 266
70 8 326 237; 69 5 331 241; 68 4 331 239; 

48\145_145734.jpg
338 400
146 84 324 382; 89 29 338 399; 89 39 338 400; 

48\145_145745.jpg
400 300
12 41 164 294; 11 50 169 292; 11 33 170 300; 

48\145_145756.jpg
266 400
46 48 201 366; 61 33 212 388; 0 33 266 400; 

48\145_145761.jpg
305 400
38 92 235 300; 8 95 228 322; 2 69 287 324; 

48\145_145763.jpg
400 299
152 42 322 243; 154 42 324 246; 152 42 322 244; 

48\145_145766.jpg
400 299
176 86 262 237; 174 88 261 239; 174 86 262 238; 

48\145_145767.jpg
300 400
34 66 276 314; 34 68 279 204; 116 209 233 400; 

48\145_145770.jpg
400 215
152 31 348 211; 158 30 351 214; 156 29 353 215; 

48\145_145776.jpg
400 266
76 14 268 253; 74 11 268 254; 74 12 267 256; 

48\145_145777.jpg
271 400
71 42 209 380; 64 42 213 383; 69 42 211 381; 

48\145_145779.jpg
258 400
22 58 227 300; 24 72 227 302; 19 69 227 305; 

48\145_145789.jpg
400 258
199 26 328 239; 203 29 330 239; 201 28 330 237; 

48\145_145825.jpg
266 400
88 42 236 320; 19 46 238 323; 18 45 238 384; 

48\145_145827.jpg
285 400
40 34 231 370; 44 32 240 400; 42 30 239 400; 

48\145_145833.jpg
400 273
57 5 262 272; 59 52 256 248; 56 51 256 274; 

48\145_145834.jpg
400 320
56 57 332 261; 60 56 336 258; 61 58 338 261; 

48\145_145836.jpg
308 400
28 32 210 282; 29 32 210 282; 30 31 217 286; 

48\145_145839.jpg
320 400
90 76 232 382; 92 76 232 384; 92 76 232 382; 

48\145_145844.jpg
400 320
93 49 228 278; 87 24 230 244; 80 6 231 243; 

48\145_145845.jpg
400 320
39 16 254 289; 42 11 256 288; 42 13 256 288; 

48\145_145846.jpg
400 320
28 54 372 270; 24 41 383 283; 24 41 381 286; 

48\145_145847.jpg
320 400
37 96 202 308; 8 88 215 354; 12 88 214 354; 

48\145_145848.jpg
400 320
82 112 274 208; 77 92 284 214; 76 92 285 216; 

48\145_145856.jpg
400 300
141 17 350 196; 114 13 349 247; 120 14 348 196; 

48\145_145879.jpg
266 399
56 84 256 346; 46 123 213 312; 39 86 242 309; 

48\145_145884.jpg
266 400
34 64 224 309; 33 65 236 351; 32 66 235 351; 

48\145_145947.jpg
382 400
142 41 322 284; 146 74 322 278; 148 72 320 276; 

48\145_145991.jpg
341 400
34 12 271 288; 36 68 296 296; 33 69 272 291; 

48\146_146014.jpg
266 400
74 44 259 334; 78 39 264 337; 80 40 266 400; 

48\146_146033.jpg
333 400
76 24 307 238; 73 21 306 218; 131 8 319 218; 

48\146_146035.jpg
400 300
14 78 300 212; 11 76 298 199; 10 79 298 200; 

48\146_146046.jpg
400 266
172 12 359 266; 178 10 322 183; 158 7 400 266; 

48\146_146048.jpg
400 289
58 56 326 237; 78 78 308 242; 79 80 308 242; 

48\146_146059.jpg
400 400
172 18 372 250; 168 105 312 219; 159 78 349 247; 

48\146_146082.jpg
400 310
54 72 272 234; 25 82 259 235; 23 45 317 241; 

48\146_146083.jpg
266 400
34 88 232 289; 24 67 216 286; 30 64 249 287; 

48\146_146085.jpg
400 287
229 63 340 222; 224 66 343 218; 226 68 325 216; 

48\146_146087.jpg
400 320
4 60 378 247; 49 145 191 249; 51 143 189 245; 

48\146_146088.jpg
400 321
64 36 286 281; 20 33 321 282; 19 34 319 292; 

48\146_146123.jpg
400 320
202 94 308 264; 196 30 351 291; 196 29 349 289; 

48\146_146147.jpg
400 320
188 18 387 198; 197 49 352 187; 207 51 348 184; 

48\146_146158.jpg
400 266
56 16 232 177; 54 18 236 174; 54 18 234 176; 

48\146_146161.jpg
400 266
94 50 390 127; 91 40 391 114; 90 41 390 114; 

48\146_146166.jpg
400 290
47 11 249 280; 62 31 236 158; 49 1 250 276; 

48\146_146168.jpg
399 262
68 38 372 235; 73 20 372 181; 73 21 372 197; 

48\146_146169.jpg
400 266
84 52 166 219; 99 84 163 221; 61 46 164 217; 

48\146_146170.jpg
400 300
70 96 302 227; 51 83 299 235; 48 83 301 243; 

48\146_146174.jpg
400 266
35 28 352 205; 36 26 355 204; 38 27 355 204; 

48\146_146176.jpg
400 266
138 37 354 245; 139 36 354 245; 139 36 354 246; 

48\146_146179.jpg
274 400
34 26 238 318; 58 132 243 325; 37 76 242 324; 

48\146_146180.jpg
400 318
57 46 294 308; 109 44 294 314; 56 44 291 312; 

48\146_146191.jpg
400 266
62 44 332 224; 64 49 331 225; 66 1 341 224; 

48\146_146192.jpg
400 266
130 64 345 263; 106 60 362 266; 206 67 319 177; 

48\146_146200.jpg
276 400
60 62 190 254; 62 122 196 253; 61 59 194 255; 

48\146_146205.jpg
400 266
25 18 189 254; 24 19 195 254; 24 18 192 254; 

48\146_146206.jpg
266 400
56 66 225 390; 84 68 198 219; 76 65 196 219; 

48\146_146215.jpg
400 266
120 12 306 265; 144 84 291 266; 142 11 311 266; 

48\146_146220.jpg
400 320
84 19 319 287; 117 19 329 289; 111 13 328 291; 

48\146_146224.jpg
400 299
98 30 366 294; 104 36 281 252; 104 32 282 273; 

48\146_146227.jpg
400 322
138 96 360 321; 124 66 371 322; 124 74 399 322; 

48\146_146234.jpg
340 400
84 26 258 378; 159 21 317 400; 85 21 316 400; 

48\146_146239.jpg
320 400
71 120 266 339; 101 122 221 337; 72 131 258 331; 

48\146_146246.jpg
400 368
159 32 386 366; 162 76 382 368; 162 12 383 368; 

48\146_146247.jpg
307 400
44 38 249 272; 46 24 288 388; 45 24 289 388; 

48\146_146249.jpg
320 400
24 84 276 320; 12 86 280 321; 15 87 279 300; 

48\146_146250.jpg
400 300
167 12 346 298; 176 76 299 300; 163 1 351 194; 

48\146_146253.jpg
367 399
72 106 277 332; 85 157 291 316; 81 130 288 314; 

48\146_146264.jpg
400 300
94 74 354 301; 206 73 358 266; 208 76 356 258; 

48\146_146290.jpg
400 266
72 16 334 236; 72 18 336 239; 72 18 336 239; 

48\146_146319.jpg
400 266
98 102 378 229; 101 102 385 236; 100 102 387 236; 

48\146_146320.jpg
400 266
21 52 284 195; 9 55 281 231; 10 52 283 234; 

48\146_146321.jpg
266 400
48 118 255 296; 31 117 256 364; 31 118 257 368; 

48\146_146324.jpg
320 400
124 21 287 392; 121 23 296 287; 125 24 294 400; 

48\146_146327.jpg
400 266
68 21 202 240; 69 20 206 244; 71 18 207 242; 

48\146_146330.jpg
400 266
86 76 350 236; 85 76 344 246; 85 78 343 244; 

48\146_146332.jpg
400 266
78 18 343 246; 76 16 342 252; 79 16 341 251; 

48\146_146335.jpg
400 266
138 86 325 232; 139 88 326 234; 139 89 324 234; 

48\146_146345.jpg
400 400
78 157 266 394; 90 162 268 385; 85 158 268 384; 

48\146_146350.jpg
400 287
114 22 314 278; 118 88 292 268; 117 24 293 267; 

48\146_146357.jpg
320 400
28 72 239 394; 85 136 242 295; 84 74 241 296; 

48\146_146365.jpg
400 300
44 10 308 274; 91 67 269 247; 41 10 312 275; 

48\146_146370.jpg
400 300
36 67 266 284; 52 104 226 296; 32 65 282 291; 

48\146_146373.jpg
400 266
160 29 356 265; 162 30 361 266; 162 32 361 266; 

48\146_146384.jpg
400 272
150 22 374 228; 150 18 377 258; 149 16 379 262; 

48\146_146395.jpg
400 263
12 52 226 249; 6 98 227 241; 6 96 226 240; 

48\146_146403.jpg
400 300
148 118 351 246; 141 119 342 244; 152 119 346 241; 

48\146_146416.jpg
305 400
38 92 241 318; 14 92 228 326; 1 94 236 324; 

48\146_146418.jpg
399 301
94 54 298 300; 127 50 300 254; 129 52 290 256; 

48\146_146431.jpg
400 300
29 60 336 266; 36 56 340 268; 34 56 338 264; 

48\146_146435.jpg
400 266
128 31 306 249; 128 58 261 258; 118 24 366 256; 

48\146_146464.jpg
400 266
98 24 310 241; 105 24 316 244; 104 22 316 244; 

48\146_146488.jpg
260 400
12 9 237 269; 25 19 224 226; 9 10 250 392; 

48\146_146499.jpg
320 400
92 46 211 258; 85 29 219 242; 87 31 215 237; 

48\146_146501.jpg
400 266
6 2 212 212; 76 41 223 218; 32 25 210 207; 

48\146_146502.jpg
266 400
70 58 202 319; 71 59 196 242; 76 60 192 241; 

48\146_146504.jpg
266 400
52 24 203 392; 59 18 208 194; 59 21 206 387; 

48\146_146517.jpg
400 266
44 44 268 236; 113 45 265 244; 46 44 266 242; 

48\146_146532.jpg
334 400
6 94 178 395; 1 83 182 386; 2 83 179 400; 

48\146_146540.jpg
400 400
139 34 269 352; 166 101 266 316; 133 21 266 352; 

48\146_146546.jpg
400 266
99 72 360 222; 101 72 366 222; 103 74 364 222; 

48\146_146550.jpg
400 266
180 44 306 202; 186 52 302 200; 186 52 304 198; 

48\146_146551.jpg
400 266
168 72 320 212; 169 72 326 212; 171 74 322 211; 

48\146_146552.jpg
400 266
120 48 328 225; 120 49 331 224; 121 48 329 224; 

48\146_146553.jpg
400 266
168 49 350 207; 177 49 354 206; 177 51 351 207; 

48\146_146560.jpg
400 266
44 42 330 265; 48 58 248 262; 36 9 334 266; 

48\146_146567.jpg
316 400
76 68 308 381; 109 111 277 284; 99 8 316 287; 

48\146_146577.jpg
400 270
243 49 382 267; 248 102 372 221; 248 57 395 265; 

48\146_146578.jpg
400 294
138 54 274 222; 136 55 276 228; 138 54 274 229; 

48\146_146579.jpg
400 286
40 144 186 241; 47 144 188 241; 48 144 185 239; 

48\146_146592.jpg
255 400
36 33 202 259; 50 42 199 246; 12 18 198 246; 

48\146_146593.jpg
400 378
50 34 352 328; 50 35 355 331; 51 32 353 325; 

48\146_146599.jpg
400 266
128 3 379 236; 129 2 381 236; 130 2 380 241; 

48\146_146617.jpg
400 266
84 68 292 265; 118 65 295 266; 116 70 293 266; 

48\146_146628.jpg
320 400
42 32 286 328; 81 61 237 225; 41 29 295 333; 

48\146_146653.jpg
379 400
40 66 333 314; 85 71 277 236; 41 69 327 313; 

48\146_146656.jpg
400 400
96 52 302 326; 101 53 306 281; 100 55 304 350; 

48\146_146660.jpg
396 400
38 28 226 394; 40 26 231 392; 40 28 229 400; 

48\146_146686.jpg
400 299
21 67 246 221; 28 76 241 215; 28 57 272 212; 

48\146_146710.jpg
400 253
116 28 396 244; 181 61 399 149; 180 1 399 148; 

48\146_146711.jpg
300 400
66 5 249 395; 91 136 255 366; 69 2 254 362; 

48\146_146713.jpg
327 400
58 80 269 398; 88 140 246 288; 79 75 242 286; 

48\146_146714.jpg
400 266
106 30 288 262; 109 0 293 266; 110 6 297 266; 

48\146_146715.jpg
307 399
94 52 257 230; 92 53 257 190; 93 13 257 197; 

48\146_146720.jpg
400 202
66 36 352 137; 117 38 368 144; 50 38 375 142; 

48\146_146722.jpg
400 361
96 92 342 267; 147 89 369 255; 148 91 368 232; 

48\146_146729.jpg
400 340
152 20 373 318; 174 21 374 328; 172 21 375 328; 

48\146_146734.jpg
314 400
32 58 212 308; 79 54 217 310; 14 54 218 312; 

48\146_146761.jpg
400 400
105 125 273 367; 116 146 256 353; 117 143 261 351; 

48\146_146769.jpg
317 400
22 148 288 346; 95 152 287 348; 88 153 288 347; 

48\146_146772.jpg
400 266
125 32 268 230; 132 29 358 234; 133 29 275 233; 

48\146_146777.jpg
266 400
14 34 238 248; 7 36 242 249; 12 38 242 225; 

48\146_146794.jpg
400 320
67 10 359 270; 195 14 331 143; 196 11 327 141; 

48\146_146796.jpg
320 400
23 16 291 268; 24 21 292 246; 22 13 291 260; 

48\146_146798.jpg
400 320
18 32 302 282; 111 31 234 174; 113 29 234 172; 

48\146_146813.jpg
400 300
6 62 243 295; 39 125 204 297; 4 3 242 298; 

48\146_146821.jpg
309 400
103 18 213 379; 108 17 214 381; 109 14 211 382; 

48\146_146835.jpg
400 266
112 78 299 253; 115 75 302 266; 114 78 248 192; 

48\146_146836.jpg
328 400
74 94 231 256; 55 94 279 276; 96 94 232 250; 

48\146_146838.jpg
400 320
58 52 258 240; 61 51 261 242; 60 54 257 241; 

48\146_146839.jpg
400 266
182 92 300 262; 186 80 302 266; 184 79 301 266; 

48\146_146840.jpg
400 320
100 24 278 289; 98 96 278 249; 99 9 276 245; 

48\146_146857.jpg
400 300
92 18 347 291; 64 42 302 155; 64 7 343 284; 

48\146_146858.jpg
400 321
162 72 282 259; 159 112 282 265; 159 64 289 261; 

48\146_146864.jpg
400 266
62 72 262 212; 36 74 316 249; 28 77 321 251; 

48\146_146868.jpg
400 358
24 6 282 258; 71 97 248 254; 32 11 271 268; 

48\146_146870.jpg
320 400
58 110 209 302; 60 112 201 261; 61 114 201 268; 

48\146_146872.jpg
400 368
16 44 234 354; 23 104 228 288; 18 46 229 286; 

48\146_146875.jpg
333 400
124 84 295 394; 135 98 259 271; 134 94 289 270; 

48\146_146887.jpg
400 300
130 36 364 280; 128 34 362 281; 129 34 366 281; 

48\146_146895.jpg
326 400
166 64 266 214; 167 62 272 197; 168 66 269 195; 

48\146_146896.jpg
399 306
184 52 324 166; 206 52 326 159; 207 54 328 159; 

48\146_146902.jpg
320 400
100 60 226 350; 85 114 227 277; 69 59 227 279; 

48\146_146925.jpg
400 299
140 10 386 298; 191 95 306 225; 169 6 338 224; 

48\146_146927.jpg
400 254
34 40 282 208; 40 39 283 232; 4 38 283 252; 

48\146_146928.jpg
400 280
184 10 386 280; 182 38 398 280; 184 0 399 280; 

48\146_146932.jpg
300 400
78 66 262 350; 70 84 264 353; 61 66 264 354; 

48\146_146946.jpg
400 320
53 62 218 219; 61 36 204 211; 59 36 205 212; 

48\146_146987.jpg
289 399
83 28 253 365; 86 29 259 367; 84 27 259 374; 

48\146_146994.jpg
400 258
112 64 380 224; 144 67 381 236; 142 66 381 239; 

