245

4\12_12000.jpg
262 399
49 30 214 361; 43 27 220 359; 45 33 216 356; 

4\12_12001.jpg
400 300
95 95 287 195; 90 91 293 193; 93 95 291 195; 

4\12_12003.jpg
320 400
23 99 303 366; 21 100 302 342; 25 100 301 372; 

4\12_12008.jpg
400 300
143 16 347 293; 145 19 337 294; 146 4 356 296; 

4\12_12011.jpg
350 399
36 33 304 264; 25 12 340 257; 27 13 339 392; 

4\12_12013.jpg
400 300
17 73 197 219; 23 77 200 215; 24 19 359 213; 

4\12_12016.jpg
400 314
38 11 241 222; 54 50 236 218; 34 1 232 215; 

4\12_12017.jpg
400 322
94 28 279 283; 109 78 275 278; 116 27 275 228; 

4\12_12018.jpg
300 400
85 59 272 387; 86 64 297 382; 87 81 296 382; 

4\12_12019.jpg
310 400
91 178 279 361; 92 182 278 362; 94 184 276 359; 

4\12_12029.jpg
400 256
89 8 311 218; 106 76 317 221; 96 8 305 220; 

4\12_12031.jpg
351 399
98 133 241 388; 98 131 257 393; 97 132 256 392; 

4\12_12037.jpg
400 361
80 62 334 310; 87 65 348 309; 89 67 325 302; 

4\12_12038.jpg
400 301
29 141 166 285; 34 158 166 276; 37 158 164 275; 

4\12_12043.jpg
399 315
137 61 295 287; 30 59 371 296; 62 61 371 282; 

4\12_12048.jpg
400 304
171 17 328 254; 172 22 334 261; 172 22 334 253; 

4\12_12050.jpg
400 266
176 79 389 250; 178 84 352 258; 179 81 391 254; 

4\12_12061.jpg
282 400
87 241 276 384; 106 256 282 376; 96 241 282 394; 

4\12_12070.jpg
400 245
102 18 290 224; 53 20 382 216; 111 20 289 219; 

4\12_12072.jpg
400 252
124 5 305 235; 123 7 302 245; 123 8 302 245; 

4\12_12100.jpg
400 266
96 4 316 249; 104 12 319 256; 91 1 319 256; 

4\12_12109.jpg
300 400
118 3 278 355; 124 28 275 234; 100 2 274 311; 

4\12_12144.jpg
300 400
56 59 258 310; 56 59 258 311; 56 48 256 309; 

4\12_12154.jpg
400 314
14 4 241 226; 118 97 246 282; 120 103 238 280; 

4\12_12171.jpg
314 400
103 10 297 270; 104 11 295 275; 103 12 297 274; 

4\12_12180.jpg
400 300
64 34 354 229; 62 35 345 229; 18 36 372 265; 

4\12_12204.jpg
400 300
157 14 366 147; 166 14 366 144; 102 16 365 142; 

4\12_12226.jpg
300 400
40 31 239 354; 38 32 241 358; 38 33 239 354; 

4\12_12289.jpg
400 336
46 38 362 222; 59 41 363 220; 59 42 362 220; 

4\12_12322.jpg
400 319
51 45 329 259; 49 47 334 256; 52 46 332 253; 

4\12_12344.jpg
400 300
137 65 304 272; 140 67 300 272; 139 67 301 271; 

4\12_12352.jpg
386 399
23 18 221 387; 60 170 211 389; 5 2 212 384; 

4\12_12372.jpg
400 300
155 86 267 244; 154 89 266 245; 154 90 266 244; 

4\12_12385.jpg
399 269
85 39 324 238; 82 47 325 238; 86 53 326 234; 

4\12_12404.jpg
300 400
42 92 262 301; 48 94 258 295; 45 101 258 296; 

4\12_12414.jpg
400 216
35 29 206 160; 28 22 208 187; 31 27 206 188; 

4\12_12421.jpg
400 386
64 6 221 178; 62 53 232 218; 64 29 235 183; 

4\12_12424.jpg
400 300
103 25 334 259; 103 26 337 276; 104 28 334 271; 

4\12_12429.jpg
400 328
3 28 254 309; 3 30 253 308; 3 30 252 306; 

4\12_12435.jpg
400 400
134 44 351 231; 134 48 349 238; 134 48 348 239; 

4\12_12450.jpg
400 293
60 82 204 266; 68 24 294 263; 73 5 332 262; 

4\12_12473.jpg
400 300
26 4 309 92; 19 4 308 95; 26 7 306 90; 

4\12_12476.jpg
400 300
6 122 359 255; 0 124 358 256; 1 124 358 254; 

4\12_12477.jpg
400 300
28 139 214 278; 31 141 217 279; 36 147 214 277; 

4\12_12481.jpg
278 400
31 69 241 377; 31 87 239 311; 28 40 250 309; 

4\12_12484.jpg
400 300
79 9 311 288; 79 8 309 288; 78 6 311 287; 

4\12_12491.jpg
290 400
140 31 274 195; 139 31 272 199; 141 31 269 196; 

4\12_12495.jpg
300 400
104 27 243 375; 122 29 246 204; 78 29 261 378; 

4\12_12500.jpg
399 329
103 79 366 262; 117 77 377 266; 2 80 375 261; 

4\12_12510.jpg
400 390
99 39 282 370; 98 39 282 211; 101 42 279 368; 

4\12_12518.jpg
400 300
57 28 331 267; 56 31 332 263; 58 31 330 261; 

4\12_12538.jpg
400 379
52 45 349 307; 119 76 347 296; 54 47 348 296; 

4\12_12555.jpg
399 293
118 56 253 190; 113 63 255 191; 35 47 351 244; 

4\12_12563.jpg
400 316
227 28 355 237; 227 30 353 253; 227 30 354 208; 

4\12_12572.jpg
400 278
160 118 374 218; 162 117 398 224; 163 118 329 218; 

4\12_12583.jpg
400 364
129 69 270 352; 130 69 268 256; 132 70 270 254; 

4\12_12584.jpg
196 400
7 20 139 220; 1 132 71 204; 1 26 134 226; 

4\12_12586.jpg
245 400
3 6 188 231; 0 23 183 216; 1 28 185 214; 

4\12_12597.jpg
400 302
204 80 364 243; 203 77 366 246; 205 80 363 238; 

4\12_12601.jpg
400 265
144 27 264 159; 144 19 265 148; 145 23 262 181; 

4\12_12611.jpg
400 297
30 91 288 288; 119 89 292 296; 131 92 284 260; 

4\12_12619.jpg
266 400
33 175 181 288; 32 174 181 291; 34 176 179 289; 

4\12_12649.jpg
400 300
111 31 320 268; 113 31 317 271; 115 34 317 270; 

4\12_12665.jpg
400 300
131 85 258 201; 126 82 261 212; 139 84 251 195; 

4\12_12685.jpg
399 285
220 61 389 236; 222 65 391 228; 223 67 390 225; 

4\12_12690.jpg
399 306
26 60 308 285; 180 70 275 234; 15 72 307 280; 

4\12_12693.jpg
295 400
24 3 246 241; 19 9 247 238; 21 7 244 236; 

4\12_12705.jpg
222 165
41 17 186 153; 36 13 187 154; 38 15 184 153; 

4\12_12713.jpg
400 300
96 56 293 249; 189 56 294 254; 90 52 292 249; 

4\12_12719.jpg
266 400
35 30 166 290; 51 53 146 266; 34 44 192 382; 

4\12_12722.jpg
400 400
237 166 386 321; 251 186 378 313; 241 173 389 377; 

4\12_12724.jpg
300 400
135 150 236 348; 140 152 229 369; 134 142 239 369; 

4\12_12730.jpg
300 400
48 37 252 361; 35 219 200 375; 36 49 265 372; 

4\12_12734.jpg
400 300
159 74 312 243; 191 91 298 181; 179 85 305 229; 

4\12_12750.jpg
400 300
99 48 391 293; 98 51 394 291; 99 51 394 289; 

4\12_12751.jpg
307 400
59 99 252 338; 97 99 205 241; 55 100 248 335; 

4\12_12753.jpg
399 294
19 86 235 277; 26 47 230 274; 26 51 228 270; 

4\12_12755.jpg
400 353
48 31 339 322; 50 26 343 326; 56 28 341 328; 

4\12_12758.jpg
400 303
99 66 329 216; 109 92 250 214; 111 96 279 213; 

4\12_12769.jpg
400 266
166 92 379 229; 168 97 375 236; 171 99 372 231; 

4\12_12771.jpg
400 300
122 59 265 221; 121 59 265 217; 122 61 263 214; 

4\12_12778.jpg
400 300
224 125 358 254; 221 125 354 268; 222 126 354 252; 

4\12_12780.jpg
347 400
60 53 327 276; 56 48 289 244; 59 52 301 242; 

4\12_12793.jpg
300 400
59 191 267 388; 56 189 266 388; 54 192 264 388; 

4\12_12798.jpg
296 399
31 52 242 252; 30 64 243 252; 31 59 241 250; 

4\12_12816.jpg
300 399
90 32 260 225; 87 34 259 224; 88 35 258 223; 

4\12_12827.jpg
400 261
32 82 372 239; 24 83 312 240; 59 82 310 238; 

4\12_12833.jpg
400 400
104 51 279 276; 104 50 281 278; 107 55 272 276; 

4\12_12845.jpg
400 303
105 21 364 294; 106 22 366 295; 108 23 364 294; 

4\12_12871.jpg
400 300
14 56 259 281; 139 54 266 201; 25 45 262 287; 

4\12_12882.jpg
400 257
70 37 317 194; 79 42 315 208; 75 42 320 209; 

4\12_12883.jpg
400 300
44 46 277 288; 84 106 248 288; 2 88 246 288; 

4\12_12884.jpg
400 300
100 33 299 248; 101 31 296 248; 100 29 295 248; 

4\12_12887.jpg
244 399
42 31 208 351; 14 26 224 354; 18 28 224 355; 

4\12_12888.jpg
399 245
22 55 317 212; 194 35 381 214; 19 35 379 214; 

4\12_12889.jpg
400 300
88 78 310 249; 96 103 297 236; 97 103 295 230; 

4\12_12891.jpg
400 305
24 75 356 261; 17 82 354 256; 19 78 352 258; 

4\12_12892.jpg
309 400
48 132 170 358; 46 131 171 359; 47 136 168 359; 

4\12_12893.jpg
320 240
36 66 170 203; 30 60 169 204; 41 38 169 201; 

4\12_12915.jpg
400 274
124 119 378 238; 120 116 380 239; 119 120 375 239; 

4\12_12921.jpg
400 300
36 11 244 281; 37 10 243 284; 38 11 243 283; 

4\12_12923.jpg
295 400
106 106 239 261; 106 106 241 261; 107 106 238 260; 

4\12_12971.jpg
400 380
146 69 387 373; 144 69 388 371; 146 69 388 370; 

4\12_12973.jpg
240 320
17 31 178 255; 12 39 169 257; 8 1 194 257; 

4\12_12974.jpg
299 399
115 128 274 383; 113 130 276 387; 115 132 277 382; 

4\13_13025.jpg
400 300
32 36 212 244; 22 38 211 244; 33 68 329 241; 

4\13_13027.jpg
300 400
140 8 234 221; 138 9 235 221; 139 9 236 220; 

4\13_13036.jpg
400 300
12 104 373 193; 11 106 381 191; 14 106 381 190; 

4\13_13041.jpg
400 302
76 21 345 289; 111 17 370 292; 115 19 371 292; 

4\13_13042.jpg
400 296
16 130 216 290; 14 136 168 285; 17 134 244 284; 

4\13_13045.jpg
400 300
12 11 178 214; 17 7 153 204; 20 9 193 242; 

4\13_13064.jpg
400 253
19 71 158 248; 1 75 148 253; 8 73 144 228; 

4\13_13070.jpg
400 256
22 59 351 170; 26 57 369 176; 25 56 368 175; 

4\13_13084.jpg
400 281
197 8 396 220; 202 0 396 230; 197 0 397 223; 

4\13_13085.jpg
400 301
126 15 281 291; 119 1 276 292; 124 1 276 295; 

4\13_13092.jpg
400 300
16 42 389 173; 0 44 400 176; 117 45 383 165; 

4\13_13098.jpg
400 363
31 23 284 332; 28 20 288 334; 31 23 284 331; 

4\13_13125.jpg
300 399
15 72 194 388; 4 75 203 399; 0 76 197 399; 

4\13_13129.jpg
300 400
63 14 274 283; 63 16 272 192; 62 16 276 360; 

4\13_13135.jpg
267 400
55 105 215 254; 48 106 217 260; 52 106 215 279; 

4\13_13173.jpg
399 299
99 49 338 289; 96 49 341 290; 95 49 338 291; 

4\13_13175.jpg
400 266
207 75 331 221; 200 74 333 220; 208 77 331 217; 

4\13_13184.jpg
400 300
35 55 366 231; 31 54 364 232; 35 54 365 233; 

4\13_13192.jpg
400 256
101 102 320 236; 82 100 322 236; 99 102 321 232; 

4\13_13198.jpg
400 300
91 20 284 253; 91 20 281 252; 93 20 281 252; 

4\13_13220.jpg
295 400
58 73 239 388; 55 76 242 386; 56 106 241 364; 

4\13_13223.jpg
300 400
126 99 239 352; 125 99 241 351; 126 100 240 349; 

4\13_13233.jpg
400 300
121 92 237 266; 76 94 237 300; 133 94 236 201; 

4\13_13235.jpg
400 300
87 66 302 252; 88 66 301 251; 88 66 299 251; 

4\13_13248.jpg
400 304
218 15 393 298; 219 13 400 304; 218 15 400 303; 

4\13_13264.jpg
400 300
59 103 214 210; 59 103 209 211; 59 104 209 209; 

4\13_13266.jpg
400 282
189 46 353 200; 186 47 351 199; 188 49 345 194; 

4\13_13284.jpg
400 300
13 15 169 189; 16 20 172 191; 21 19 171 191; 

4\13_13295.jpg
300 400
54 89 235 242; 52 90 238 244; 52 89 235 243; 

4\13_13308.jpg
285 400
93 230 239 347; 92 231 244 350; 93 231 240 347; 

4\13_13317.jpg
400 291
194 59 390 202; 201 63 399 215; 173 64 392 212; 

4\13_13323.jpg
400 300
262 24 384 168; 262 25 381 166; 264 24 381 188; 

4\13_13331.jpg
400 296
100 74 300 222; 95 71 294 224; 96 69 296 222; 

4\13_13339.jpg
322 400
94 150 231 283; 93 154 230 282; 96 155 230 281; 

4\13_13340.jpg
279 399
24 158 251 336; 29 194 250 336; 28 197 249 333; 

4\13_13341.jpg
400 300
14 72 359 279; 173 71 363 237; 14 73 361 269; 

4\13_13345.jpg
400 296
89 22 293 202; 92 24 295 206; 50 26 355 261; 

4\13_13347.jpg
400 286
117 35 389 175; 116 38 387 174; 118 39 384 173; 

4\13_13349.jpg
400 298
72 4 202 169; 73 4 202 169; 71 4 200 167; 

4\13_13356.jpg
400 266
98 64 266 239; 101 67 265 244; 101 68 264 241; 

4\13_13358.jpg
300 400
111 144 238 321; 1 94 246 329; 31 96 246 331; 

4\13_13359.jpg
400 240
150 18 310 195; 161 23 300 195; 165 24 298 195; 

4\13_13361.jpg
400 299
118 29 361 260; 117 33 354 261; 121 34 354 260; 

4\13_13362.jpg
326 400
26 123 255 378; 11 122 260 390; 52 127 298 364; 

4\13_13363.jpg
400 400
59 173 248 326; 46 168 250 331; 52 172 245 334; 

4\13_13365.jpg
357 400
197 92 342 369; 198 92 347 372; 198 93 346 371; 

4\13_13368.jpg
400 366
28 21 336 232; 28 24 332 230; 29 24 331 229; 

4\13_13372.jpg
400 400
39 129 346 312; 34 132 352 332; 38 136 350 326; 

4\13_13376.jpg
400 300
161 104 376 291; 162 109 368 285; 163 110 367 284; 

4\13_13377.jpg
400 300
202 43 346 180; 203 48 345 182; 204 49 347 186; 

4\13_13379.jpg
400 260
242 99 378 198; 244 96 379 202; 243 96 379 202; 

4\13_13386.jpg
360 400
76 12 312 239; 77 13 312 235; 77 13 312 236; 

4\13_13394.jpg
326 400
78 42 277 308; 78 42 278 285; 82 45 275 282; 

4\13_13397.jpg
300 400
9 160 248 388; 1 165 239 391; 1 163 241 398; 

4\13_13400.jpg
400 316
159 119 307 266; 156 120 304 264; 157 121 303 262; 

4\13_13413.jpg
400 100
17 4 164 88; 15 0 165 100; 15 0 166 99; 

4\13_13414.jpg
307 400
53 79 234 319; 52 78 229 229; 55 79 229 227; 

4\13_13415.jpg
399 286
93 124 327 236; 92 124 369 236; 94 124 368 235; 

4\13_13417.jpg
300 400
67 78 228 257; 70 77 231 258; 71 79 231 257; 

4\13_13420.jpg
224 400
8 4 162 229; 10 3 160 227; 10 6 159 225; 

4\13_13422.jpg
400 300
199 36 338 236; 201 35 338 236; 201 38 338 236; 

4\13_13424.jpg
399 302
122 51 394 270; 120 56 397 266; 140 58 397 266; 

4\13_13450.jpg
299 400
26 14 255 314; 28 18 255 315; 28 17 250 312; 

4\13_13453.jpg
400 300
153 50 280 212; 153 52 281 209; 153 54 278 206; 

4\13_13459.jpg
400 270
89 51 387 244; 63 42 394 266; 94 42 368 209; 

4\13_13460.jpg
399 279
178 106 395 235; 179 106 399 233; 182 109 395 230; 

4\13_13463.jpg
400 301
99 18 326 219; 103 21 324 220; 106 23 319 215; 

4\13_13464.jpg
324 400
77 11 243 225; 82 15 236 215; 85 17 237 211; 

4\13_13467.jpg
400 300
53 37 326 266; 61 47 315 262; 63 48 311 261; 

4\13_13469.jpg
292 400
17 27 237 252; 1 27 237 319; 22 29 235 314; 

4\13_13471.jpg
240 320
83 17 225 234; 80 15 227 239; 87 19 224 232; 

4\13_13515.jpg
400 300
128 19 351 286; 128 20 352 282; 130 22 350 283; 

4\13_13516.jpg
339 400
50 46 289 362; 45 44 291 361; 48 46 288 354; 

4\13_13528.jpg
399 251
19 55 329 170; 6 53 313 168; 1 55 311 168; 

4\13_13553.jpg
300 400
37 62 275 342; 37 53 275 341; 41 56 274 339; 

4\13_13617.jpg
400 267
119 29 306 251; 79 30 371 266; 119 34 324 266; 

4\13_13698.jpg
400 266
29 22 316 194; 142 18 317 197; 165 78 286 184; 

4\13_13700.jpg
322 399
126 43 307 390; 123 42 312 397; 127 44 306 399; 

4\13_13713.jpg
400 300
16 65 390 222; 272 62 400 162; 8 64 397 216; 

4\13_13763.jpg
400 300
43 58 310 228; 42 56 309 217; 44 56 308 238; 

4\13_13777.jpg
400 300
116 13 302 184; 92 11 332 179; 102 14 331 222; 

4\13_13845.jpg
399 263
47 16 367 176; 46 18 367 175; 43 18 367 175; 

4\13_13861.jpg
400 271
196 56 394 168; 182 67 397 210; 185 69 396 208; 

4\13_13885.jpg
400 259
20 20 261 238; 21 20 266 239; 24 21 260 236; 

4\13_13898.jpg
400 286
29 12 290 233; 34 16 293 233; 37 19 290 230; 

4\13_13902.jpg
400 301
219 28 376 200; 220 26 376 201; 219 26 375 201; 

4\14_14093.jpg
400 300
99 20 310 269; 100 9 310 265; 99 3 308 268; 

4\14_14133.jpg
311 400
74 60 242 385; 73 62 244 399; 77 63 243 400; 

4\14_14136.jpg
400 300
65 86 274 276; 115 85 274 299; 47 84 272 299; 

4\14_14137.jpg
400 300
66 88 279 256; 116 84 275 300; 47 84 272 298; 

4\14_14157.jpg
266 399
46 193 232 285; 42 190 237 288; 44 194 231 283; 

4\14_14175.jpg
400 300
124 30 261 296; 126 32 256 198; 129 35 286 299; 

4\14_14176.jpg
400 300
130 110 268 275; 131 81 249 273; 171 122 238 273; 

4\14_14179.jpg
400 300
108 38 255 289; 116 41 256 300; 99 41 272 300; 

4\14_14181.jpg
400 300
100 26 247 236; 104 25 247 239; 101 27 245 236; 

4\14_14236.jpg
400 231
115 12 292 228; 116 23 222 231; 118 26 218 231; 

4\14_14263.jpg
317 400
74 144 232 344; 69 91 234 356; 71 92 228 349; 

4\14_14282.jpg
399 282
135 51 276 214; 137 72 260 219; 140 71 258 218; 

4\14_14299.jpg
400 300
29 30 258 266; 2 26 254 274; 14 30 247 261; 

4\14_14303.jpg
300 400
114 47 289 345; 114 46 300 365; 118 47 298 366; 

4\14_14384.jpg
400 325
16 78 230 257; 15 78 195 256; 19 78 334 256; 

4\14_14388.jpg
400 300
68 8 236 149; 66 6 236 150; 68 8 388 254; 

4\14_14449.jpg
400 300
82 48 306 294; 84 48 306 256; 88 49 304 252; 

4\14_14493.jpg
400 400
81 80 323 337; 41 41 354 350; 89 88 316 331; 

4\14_14510.jpg
400 368
112 62 304 357; 115 63 269 321; 112 63 304 320; 

4\14_14521.jpg
300 400
75 23 245 388; 77 25 251 399; 75 25 245 368; 

4\14_14526.jpg
300 400
65 146 213 271; 66 144 213 256; 67 146 211 256; 

4\14_14532.jpg
300 400
31 73 202 245; 31 73 201 243; 31 74 201 243; 

4\14_14535.jpg
300 400
15 98 127 389; 5 101 128 400; 14 99 128 398; 

4\14_14536.jpg
400 300
5 36 133 236; 0 36 134 235; 2 37 132 214; 

4\14_14543.jpg
292 400
79 110 208 266; 81 158 204 220; 81 114 208 262; 

4\14_14545.jpg
300 400
6 243 103 389; 4 247 103 388; 6 249 101 393; 

4\14_14549.jpg
400 300
75 40 371 282; 56 44 372 248; 138 45 379 256; 

4\14_14597.jpg
400 300
62 14 324 279; 64 16 326 278; 63 17 323 279; 

4\14_14605.jpg
400 305
129 121 322 278; 259 120 321 277; 263 122 322 275; 

4\14_14635.jpg
400 300
43 58 244 298; 51 22 351 258; 44 23 351 300; 

4\14_14651.jpg
400 266
3 73 157 253; 1 71 161 254; 4 73 159 253; 

4\14_14652.jpg
400 300
88 66 352 248; 141 71 354 246; 140 71 351 248; 

4\14_14659.jpg
400 311
24 29 206 296; 39 24 204 232; 40 25 206 232; 

4\14_14684.jpg
400 260
173 127 391 258; 153 126 397 256; 155 129 396 257; 

4\14_14747.jpg
320 400
45 42 236 234; 44 44 241 236; 44 44 237 236; 

4\14_14752.jpg
400 300
80 106 251 246; 120 114 202 204; 69 118 264 249; 

4\14_14763.jpg
400 300
17 82 354 283; 14 81 354 284; 16 83 352 282; 

4\14_14830.jpg
400 316
132 14 364 304; 131 15 362 297; 134 14 364 308; 

4\14_14831.jpg
399 299
56 53 312 257; 56 50 312 264; 58 53 313 263; 

4\14_14836.jpg
400 300
109 93 285 247; 109 94 284 258; 108 97 282 297; 

4\14_14837.jpg
399 310
124 41 359 298; 127 37 315 310; 127 40 372 311; 

4\14_14850.jpg
400 183
122 22 231 165; 119 1 357 182; 124 7 229 159; 

4\14_14865.jpg
348 399
100 36 297 365; 101 38 303 367; 101 86 301 368; 

4\14_14872.jpg
400 300
10 64 376 254; 9 59 394 282; 12 64 396 279; 

4\14_14891.jpg
400 330
124 99 276 246; 126 100 272 246; 128 102 271 243; 

4\14_14898.jpg
400 327
15 12 292 295; 12 11 278 273; 14 11 274 271; 

4\14_14901.jpg
400 241
59 11 346 208; 59 9 344 209; 58 10 343 206; 

4\14_14907.jpg
400 282
39 53 224 198; 38 54 249 198; 39 54 249 199; 

4\14_14926.jpg
400 300
132 89 350 296; 140 91 357 300; 136 94 351 299; 

4\14_14948.jpg
399 319
24 161 255 315; 27 163 195 302; 29 161 255 308; 

4\14_14950.jpg
400 300
53 14 343 253; 120 2 344 245; 57 1 345 258; 

4\14_14953.jpg
400 300
80 79 331 227; 79 81 316 179; 80 81 333 221; 

4\14_14991.jpg
351 400
83 89 344 391; 83 91 342 390; 83 90 342 389; 

4\14_14997.jpg
360 400
100 48 330 255; 169 47 332 174; 6 49 330 392; 

