297

51\153_153003.jpg
400 266
161 111 239 264; 162 114 238 266; 162 114 238 266; 

51\153_153004.jpg
266 400
94 192 169 382; 93 194 168 400; 93 196 167 400; 

51\153_153038.jpg
330 400
46 28 299 298; 96 68 275 242; 44 21 273 283; 

51\153_153066.jpg
400 266
126 69 338 237; 126 69 338 227; 0 69 338 262; 

51\153_153069.jpg
400 266
128 96 336 199; 129 99 337 224; 129 99 336 241; 

51\153_153074.jpg
400 291
54 26 240 264; 30 21 278 216; 64 30 236 195; 

51\153_153080.jpg
266 400
38 2 216 288; 28 2 220 228; 27 1 221 227; 

51\153_153091.jpg
400 380
14 140 236 339; 12 137 194 338; 12 138 233 339; 

51\153_153141.jpg
336 400
64 56 257 338; 64 58 258 400; 64 56 258 400; 

51\153_153162.jpg
376 400
32 68 322 362; 31 155 292 326; 32 70 323 362; 

51\153_153185.jpg
400 300
56 144 236 262; 59 148 231 257; 58 148 233 259; 

51\153_153203.jpg
400 300
56 22 212 256; 56 33 213 257; 64 32 214 256; 

51\153_153209.jpg
400 281
170 18 360 179; 172 17 361 185; 172 18 362 183; 

51\153_153221.jpg
268 400
66 16 215 388; 66 14 208 140; 66 14 206 139; 

51\153_153223.jpg
400 266
236 98 356 252; 235 101 400 266; 238 102 296 181; 

51\153_153234.jpg
400 300
80 60 290 280; 94 58 302 287; 92 59 300 285; 

51\153_153243.jpg
400 266
154 96 370 235; 156 99 369 234; 158 99 369 233; 

51\153_153244.jpg
400 314
100 52 384 262; 100 52 384 260; 100 52 384 261; 

51\153_153255.jpg
400 308
80 62 250 234; 79 60 250 240; 81 61 249 238; 

51\153_153277.jpg
400 268
140 120 371 241; 141 122 371 212; 141 122 376 211; 

51\153_153278.jpg
268 399
7 164 217 394; 7 165 262 399; 6 166 263 399; 

51\153_153280.jpg
323 399
11 201 235 394; 8 200 234 399; 8 200 232 399; 

51\153_153347.jpg
400 363
132 102 296 295; 99 104 297 293; 102 103 298 294; 

51\153_153355.jpg
400 300
134 80 249 222; 135 82 248 219; 133 82 248 220; 

51\153_153380.jpg
319 400
76 98 209 344; 70 95 213 346; 81 100 202 342; 

51\153_153389.jpg
320 400
34 146 244 364; 22 145 243 368; 22 145 244 368; 

51\153_153391.jpg
400 270
86 76 372 259; 109 72 377 236; 114 76 384 269; 

51\153_153452.jpg
400 266
102 28 317 249; 103 33 323 261; 131 29 323 262; 

51\153_153455.jpg
400 266
48 108 198 207; 47 111 197 209; 48 111 196 209; 

51\153_153483.jpg
266 400
70 48 203 305; 58 49 211 310; 59 47 209 383; 

51\153_153527.jpg
400 298
64 67 198 284; 64 66 194 265; 65 68 203 262; 

51\153_153551.jpg
400 291
156 92 376 277; 149 124 377 265; 150 122 376 262; 

51\153_153554.jpg
320 400
50 214 256 316; 61 215 261 316; 50 216 256 316; 

51\153_153590.jpg
300 400
14 24 213 312; 12 14 204 314; 11 12 200 306; 

51\153_153598.jpg
266 400
19 43 224 354; 22 44 222 370; 24 44 249 373; 

51\153_153599.jpg
400 291
64 28 320 221; 47 63 306 218; 24 10 350 263; 

51\153_153606.jpg
266 400
60 36 166 242; 66 25 162 241; 64 29 167 244; 

51\153_153617.jpg
400 398
82 58 300 370; 87 62 299 377; 13 50 304 372; 

51\153_153621.jpg
400 320
52 77 372 268; 19 84 368 265; 21 80 370 265; 

51\153_153642.jpg
400 266
32 43 234 204; 32 48 233 202; 34 47 235 207; 

51\153_153643.jpg
400 263
32 46 202 210; 32 46 202 212; 34 46 200 211; 

51\153_153651.jpg
320 400
46 98 282 368; 42 98 285 371; 44 96 283 376; 

51\153_153655.jpg
400 345
154 30 348 255; 153 30 383 322; 154 29 386 321; 

51\153_153657.jpg
400 340
156 20 354 252; 157 17 393 315; 157 18 391 314; 

51\153_153659.jpg
400 266
35 29 214 229; 34 33 329 266; 38 31 327 266; 

51\153_153682.jpg
400 282
134 32 394 262; 136 19 396 263; 135 21 398 264; 

51\153_153719.jpg
400 293
16 26 222 288; 9 26 232 293; 6 24 229 294; 

51\153_153732.jpg
400 300
71 32 319 272; 73 35 309 268; 74 34 324 273; 

51\153_153747.jpg
268 400
14 22 254 282; 14 21 255 273; 19 24 255 156; 

51\153_153748.jpg
400 266
50 16 362 212; 45 5 373 257; 46 5 376 256; 

51\153_153752.jpg
266 400
24 36 245 270; 23 38 247 384; 22 39 248 400; 

51\153_153754.jpg
400 371
42 30 354 221; 9 30 394 365; 1 31 398 367; 

51\153_153773.jpg
266 400
24 66 264 310; 46 62 194 303; 44 57 266 301; 

51\153_153787.jpg
300 400
34 26 174 379; 14 27 175 400; 14 28 175 400; 

51\153_153790.jpg
286 400
28 88 172 282; 26 91 172 284; 28 89 173 286; 

51\153_153798.jpg
400 320
181 44 352 136; 182 49 360 154; 180 44 351 152; 

51\153_153800.jpg
400 320
141 59 295 160; 138 64 297 161; 139 62 296 155; 

51\153_153805.jpg
251 400
24 14 219 218; 25 12 221 218; 27 14 222 218; 

51\153_153812.jpg
400 266
164 12 382 204; 169 58 400 211; 169 1 399 211; 

51\153_153819.jpg
400 280
12 74 310 246; 10 76 214 248; 10 76 311 248; 

51\153_153823.jpg
266 400
54 28 220 370; 46 31 230 384; 46 39 229 391; 

51\153_153838.jpg
400 266
122 2 350 245; 119 1 368 249; 174 26 348 249; 

51\153_153853.jpg
400 158
139 54 364 124; 124 54 389 128; 145 51 368 128; 

51\153_153855.jpg
320 400
48 8 302 306; 41 102 230 310; 43 4 254 309; 

51\153_153857.jpg
400 255
168 137 354 215; 167 134 355 214; 168 135 353 214; 

51\153_153860.jpg
291 400
111 54 213 314; 113 58 211 312; 109 58 209 312; 

51\153_153865.jpg
400 253
146 83 356 222; 137 32 361 234; 133 31 369 229; 

51\153_153872.jpg
400 231
24 87 212 198; 24 80 211 198; 26 85 211 197; 

51\153_153914.jpg
218 400
46 22 169 308; 52 22 164 312; 51 21 165 311; 

51\153_153947.jpg
400 293
30 121 390 289; 29 121 400 294; 28 123 400 294; 

51\153_153955.jpg
400 266
106 30 274 199; 108 31 272 199; 108 31 271 257; 

51\153_153958.jpg
400 400
102 108 276 368; 79 94 306 364; 82 96 304 369; 

51\153_153959.jpg
399 270
14 96 214 261; 6 98 214 265; 25 97 215 253; 

51\153_153968.jpg
300 400
54 204 271 378; 51 206 261 367; 52 207 268 387; 

51\153_153969.jpg
300 400
6 31 194 338; 8 32 189 329; 5 33 192 329; 

51\153_153971.jpg
400 244
114 2 314 243; 111 4 344 229; 107 1 279 228; 

51\153_153973.jpg
265 400
64 48 234 304; 58 48 234 267; 60 48 233 308; 

51\153_153986.jpg
400 320
42 136 362 230; 38 137 364 232; 38 137 365 231; 

51\154_154000.jpg
400 299
121 52 242 198; 34 61 341 212; 32 60 342 213; 

51\154_154001.jpg
400 266
74 68 302 200; 79 69 306 202; 79 69 304 199; 

51\154_154002.jpg
400 304
50 66 282 240; 69 66 281 245; 74 67 283 239; 

51\154_154003.jpg
354 400
63 18 301 366; 75 126 251 269; 49 19 259 266; 

51\154_154004.jpg
400 266
104 90 386 222; 85 103 300 223; 92 91 399 226; 

51\154_154009.jpg
266 400
28 72 224 335; 42 68 228 295; 42 69 230 339; 

51\154_154012.jpg
400 266
110 6 288 252; 85 6 301 265; 88 6 301 266; 

51\154_154016.jpg
321 400
20 106 297 282; 18 109 302 214; 19 107 299 282; 

51\154_154018.jpg
400 267
98 64 348 263; 102 62 350 267; 96 57 350 267; 

51\154_154023.jpg
400 356
46 78 350 270; 57 72 350 228; 57 72 350 234; 

51\154_154039.jpg
400 335
130 100 280 271; 105 109 324 280; 107 99 276 275; 

51\154_154050.jpg
400 301
83 32 354 291; 203 66 354 250; 205 68 355 249; 

51\154_154071.jpg
400 266
158 40 354 152; 135 42 359 154; 136 42 359 156; 

51\154_154073.jpg
400 266
18 1 244 265; 15 56 252 266; 16 1 250 266; 

51\154_154075.jpg
400 266
90 4 298 215; 85 0 300 234; 86 1 400 233; 

51\154_154088.jpg
400 266
167 15 380 233; 171 11 379 236; 169 12 380 266; 

51\154_154132.jpg
400 290
188 20 388 286; 191 8 391 289; 189 9 390 290; 

51\154_154148.jpg
266 400
64 154 174 396; 61 155 175 400; 61 151 176 400; 

51\154_154153.jpg
400 320
72 7 276 320; 70 6 282 272; 69 9 276 272; 

51\154_154155.jpg
400 300
180 44 340 280; 181 46 341 282; 181 48 340 277; 

51\154_154157.jpg
400 320
134 54 347 309; 98 51 302 278; 98 2 300 275; 

51\154_154159.jpg
295 400
0 140 204 398; 49 138 204 275; 49 138 204 276; 

51\154_154161.jpg
400 300
27 5 268 290; 28 0 271 298; 45 42 195 300; 

51\154_154167.jpg
400 296
26 19 280 236; 22 22 314 236; 25 20 282 221; 

51\154_154174.jpg
400 266
98 16 366 221; 98 19 326 221; 98 16 324 222; 

51\154_154177.jpg
400 266
139 76 330 241; 152 77 332 242; 151 78 330 241; 

51\154_154181.jpg
400 300
227 98 370 290; 227 98 368 289; 229 98 368 289; 

51\154_154223.jpg
400 320
198 90 352 193; 197 92 351 184; 198 93 350 181; 

51\154_154244.jpg
400 300
42 66 238 252; 41 69 241 249; 41 1 312 251; 

51\154_154261.jpg
265 400
16 68 231 350; 11 66 186 331; 8 68 252 332; 

51\154_154266.jpg
267 400
56 28 218 370; 50 32 219 374; 55 27 218 372; 

51\154_154267.jpg
266 400
72 12 221 368; 72 12 222 374; 73 12 222 374; 

51\154_154268.jpg
266 400
32 46 247 328; 25 44 248 332; 25 46 247 329; 

51\154_154270.jpg
267 400
76 22 176 380; 77 16 172 380; 77 14 179 379; 

51\154_154271.jpg
400 320
76 16 314 294; 76 17 317 298; 75 18 318 296; 

51\154_154272.jpg
267 400
59 32 219 387; 56 16 221 388; 58 14 219 385; 

51\154_154276.jpg
400 315
122 82 242 314; 124 80 242 313; 124 82 242 315; 

51\154_154278.jpg
400 294
70 110 248 181; 67 113 245 179; 67 113 245 179; 

51\154_154280.jpg
400 315
72 96 316 235; 68 98 317 234; 71 98 318 235; 

51\154_154290.jpg
400 300
52 124 354 222; 55 123 358 221; 53 123 358 221; 

51\154_154291.jpg
400 300
40 104 357 208; 39 99 360 206; 38 80 361 206; 

51\154_154292.jpg
400 300
34 98 362 228; 29 96 366 226; 32 96 366 226; 

51\154_154294.jpg
400 300
44 108 298 202; 52 103 316 194; 49 106 399 200; 

51\154_154295.jpg
400 300
44 102 324 212; 42 119 325 209; 47 121 368 211; 

51\154_154296.jpg
400 300
40 100 304 216; 39 121 301 211; 41 123 364 213; 

51\154_154297.jpg
400 300
28 116 314 202; 21 118 318 204; 26 119 316 203; 

51\154_154302.jpg
400 266
101 9 288 216; 106 9 289 264; 107 9 288 231; 

51\154_154322.jpg
314 400
66 20 284 362; 68 23 286 351; 73 20 286 362; 

51\154_154324.jpg
312 400
66 36 273 360; 65 36 267 363; 64 34 267 361; 

51\154_154335.jpg
400 266
63 40 150 192; 64 43 151 236; 62 42 151 237; 

51\154_154336.jpg
266 400
72 48 241 166; 71 44 246 400; 70 49 241 168; 

51\154_154402.jpg
400 266
111 8 314 261; 108 39 279 266; 109 1 313 266; 

51\154_154430.jpg
400 266
62 34 165 241; 81 52 166 239; 82 52 166 239; 

51\154_154435.jpg
400 266
88 50 160 239; 82 51 166 241; 82 52 166 241; 

51\154_154478.jpg
400 265
70 34 334 248; 68 32 331 188; 72 35 330 248; 

51\154_154481.jpg
400 266
90 52 338 246; 86 36 340 266; 91 35 339 266; 

51\154_154492.jpg
320 400
16 90 258 398; 17 146 259 352; 16 83 260 349; 

51\154_154502.jpg
320 400
42 26 258 354; 83 112 259 279; 41 19 263 281; 

51\154_154508.jpg
400 389
81 189 229 368; 81 196 241 366; 82 196 226 357; 

51\154_154523.jpg
262 400
94 116 239 324; 89 118 239 326; 91 118 239 326; 

51\154_154537.jpg
400 279
108 3 286 233; 124 11 261 197; 124 1 257 200; 

51\154_154538.jpg
400 249
202 2 370 242; 186 0 389 249; 186 0 391 249; 

51\154_154542.jpg
400 331
108 128 316 271; 113 134 317 238; 0 133 316 331; 

51\154_154547.jpg
400 266
96 96 304 256; 96 99 306 217; 98 98 305 216; 

51\154_154551.jpg
400 266
10 33 289 217; 8 35 280 215; 6 33 375 254; 

51\154_154577.jpg
285 400
83 58 223 326; 96 61 187 226; 92 50 191 226; 

51\154_154579.jpg
285 400
48 78 223 286; 46 81 224 286; 49 77 228 289; 

51\154_154580.jpg
400 285
164 0 372 278; 168 1 366 285; 163 1 372 285; 

51\154_154588.jpg
400 298
132 56 264 297; 133 50 264 299; 132 51 265 299; 

51\154_154590.jpg
400 400
40 46 298 320; 40 27 319 324; 38 30 321 323; 

51\154_154648.jpg
400 266
68 50 220 196; 71 50 222 202; 72 54 221 203; 

51\154_154657.jpg
400 341
28 22 302 281; 28 26 304 281; 28 24 302 276; 

51\154_154663.jpg
400 320
88 64 344 224; 81 68 314 227; 78 67 312 226; 

51\154_154668.jpg
400 320
4 116 384 226; 1 113 400 214; 1 114 399 219; 

51\154_154671.jpg
400 320
126 138 390 244; 92 142 400 244; 102 141 399 243; 

51\154_154674.jpg
400 320
81 29 371 288; 79 52 376 283; 81 7 380 283; 

51\154_154679.jpg
400 266
16 70 329 179; 9 71 338 182; 6 72 335 179; 

51\154_154699.jpg
400 300
132 7 298 250; 136 24 302 272; 133 1 300 300; 

51\154_154702.jpg
400 320
90 72 336 244; 77 59 340 320; 89 69 160 187; 

51\154_154708.jpg
320 400
102 16 262 376; 101 16 262 391; 102 14 262 384; 

51\154_154710.jpg
400 299
86 92 276 296; 92 95 274 284; 91 48 276 284; 

51\154_154719.jpg
320 400
64 5 312 306; 45 12 311 304; 48 9 312 308; 

51\154_154723.jpg
400 266
17 126 250 238; 2 127 250 227; 17 127 250 226; 

51\154_154732.jpg
400 400
109 110 290 288; 111 110 285 286; 111 111 286 284; 

51\154_154733.jpg
400 400
106 111 288 291; 108 113 285 289; 110 113 286 288; 

51\154_154741.jpg
400 265
94 52 290 234; 94 49 290 238; 93 50 302 233; 

51\154_154742.jpg
400 265
10 47 339 231; 2 48 340 235; 2 48 338 251; 

51\154_154743.jpg
400 269
50 133 323 262; 3 130 323 262; 7 128 321 262; 

51\154_154746.jpg
311 400
24 50 226 318; 24 50 224 387; 26 48 226 389; 

51\154_154767.jpg
400 266
168 54 364 207; 169 55 371 205; 171 56 369 205; 

51\154_154771.jpg
306 400
54 154 199 299; 51 149 198 297; 52 152 195 298; 

51\154_154796.jpg
400 320
170 66 312 204; 174 68 306 196; 175 69 304 194; 

51\154_154797.jpg
400 320
88 48 282 214; 96 39 283 216; 98 46 281 215; 

51\154_154808.jpg
400 400
148 24 377 348; 149 14 314 286; 148 12 381 349; 

51\154_154848.jpg
321 400
86 7 202 380; 86 1 201 400; 86 1 201 400; 

51\154_154853.jpg
320 400
80 46 254 370; 81 123 251 304; 81 48 254 305; 

51\154_154864.jpg
400 300
80 62 231 231; 62 58 231 261; 62 61 231 262; 

51\154_154866.jpg
300 400
58 74 164 364; 51 76 164 364; 53 78 166 378; 

51\154_154867.jpg
400 300
188 50 342 266; 190 52 339 268; 191 52 342 267; 

51\154_154870.jpg
400 300
126 92 330 248; 126 94 317 239; 46 94 319 249; 

51\154_154872.jpg
400 300
95 129 370 274; 82 131 372 277; 84 132 379 277; 

51\154_154878.jpg
400 400
126 18 297 357; 128 243 267 366; 122 18 301 364; 

51\154_154901.jpg
400 300
198 50 330 211; 201 51 332 213; 202 52 331 212; 

51\154_154914.jpg
400 300
86 54 308 251; 81 56 313 251; 82 55 310 254; 

51\154_154926.jpg
400 235
10 70 328 155; 11 71 333 152; 1 72 332 150; 

51\154_154937.jpg
320 400
62 62 298 380; 61 62 298 380; 62 62 300 381; 

51\154_154939.jpg
400 320
202 24 358 300; 197 26 361 320; 199 25 361 320; 

51\154_154951.jpg
400 266
44 76 370 253; 13 78 244 254; 14 76 376 254; 

51\155_155012.jpg
285 400
0 62 201 356; 3 61 206 349; 1 62 205 345; 

51\155_155016.jpg
400 295
66 48 306 256; 78 48 271 254; 76 48 314 253; 

51\155_155026.jpg
276 400
31 44 207 397; 36 44 209 400; 32 44 207 400; 

51\155_155028.jpg
400 285
45 63 193 281; 44 65 194 285; 43 64 192 285; 

51\155_155096.jpg
400 253
98 26 300 222; 96 30 298 224; 96 36 298 220; 

51\155_155098.jpg
400 266
220 42 360 232; 223 42 364 230; 222 42 364 231; 

51\155_155113.jpg
400 290
140 6 240 235; 145 8 239 234; 144 9 240 232; 

51\155_155114.jpg
400 309
139 36 318 293; 168 36 321 300; 168 35 319 306; 

51\155_155118.jpg
400 308
37 17 305 264; 36 9 304 259; 36 8 304 264; 

51\155_155123.jpg
400 290
58 98 188 234; 51 111 190 235; 57 111 188 236; 

51\155_155126.jpg
400 320
152 48 354 241; 136 43 346 246; 178 41 349 247; 

51\155_155127.jpg
313 400
81 126 256 362; 107 192 224 324; 84 128 243 364; 

51\155_155135.jpg
400 266
94 48 230 229; 96 49 224 216; 96 49 238 228; 

51\155_155136.jpg
266 400
22 42 215 278; 55 37 217 200; 21 38 218 278; 

51\155_155137.jpg
400 266
54 66 382 211; 47 63 385 215; 19 64 386 213; 

51\155_155138.jpg
400 266
144 60 296 177; 134 47 299 176; 136 48 332 175; 

51\155_155139.jpg
400 266
74 56 322 261; 83 54 231 222; 85 56 257 242; 

51\155_155140.jpg
266 400
8 22 202 266; 3 42 136 267; 31 25 196 267; 

51\155_155141.jpg
226 400
4 28 189 282; 3 61 112 282; 14 21 171 284; 

51\155_155142.jpg
316 400
22 28 242 354; 22 67 243 359; 76 24 241 225; 

51\155_155145.jpg
400 320
46 20 230 208; 47 23 232 207; 48 23 231 207; 

51\155_155148.jpg
400 266
174 3 344 201; 56 63 294 266; 179 1 339 192; 

51\155_155162.jpg
305 400
92 111 221 288; 59 29 236 362; 5 29 234 364; 

51\155_155171.jpg
400 266
116 31 240 263; 51 26 398 166; 8 26 399 266; 

51\155_155173.jpg
259 400
115 89 239 330; 4 78 250 344; 2 79 251 345; 

51\155_155189.jpg
400 266
118 22 270 197; 118 22 327 266; 117 22 286 266; 

51\155_155190.jpg
266 400
40 58 212 354; 63 112 171 239; 48 52 184 242; 

51\155_155191.jpg
272 400
38 62 234 382; 79 138 194 276; 47 51 218 278; 

51\155_155192.jpg
266 400
38 92 219 382; 83 202 190 316; 44 92 205 312; 

51\155_155196.jpg
400 320
56 36 286 302; 51 40 287 308; 55 41 283 312; 

51\155_155204.jpg
400 280
8 86 306 273; 0 85 306 280; 0 86 308 280; 

51\155_155206.jpg
400 390
57 50 278 339; 49 52 286 338; 50 51 287 339; 

51\155_155207.jpg
400 300
87 42 294 178; 76 45 287 179; 76 44 286 179; 

51\155_155256.jpg
268 400
92 132 218 251; 107 136 245 294; 29 136 243 292; 

51\155_155260.jpg
400 273
78 20 320 203; 78 21 309 208; 79 22 306 205; 

51\155_155261.jpg
400 270
157 39 388 261; 151 41 396 264; 151 42 394 265; 

51\155_155290.jpg
318 400
86 28 257 310; 37 16 314 306; 92 19 244 211; 

51\155_155297.jpg
266 400
0 40 177 346; 1 44 177 282; 1 65 173 282; 

51\155_155298.jpg
266 400
48 38 244 356; 38 86 232 299; 39 31 247 299; 

51\155_155330.jpg
400 393
26 142 324 328; 51 139 336 329; 49 142 322 327; 

51\155_155333.jpg
400 276
108 88 258 210; 109 91 259 209; 110 91 257 209; 

51\155_155335.jpg
388 400
52 58 319 288; 47 59 324 286; 45 58 322 289; 

51\155_155336.jpg
400 400
204 94 364 302; 208 86 368 288; 208 86 368 294; 

51\155_155340.jpg
400 265
72 12 285 187; 61 11 284 188; 59 9 283 186; 

51\155_155373.jpg
400 336
189 66 312 297; 190 80 316 301; 182 6 319 301; 

51\155_155382.jpg
268 400
43 82 242 380; 29 82 251 395; 18 75 254 376; 

51\155_155413.jpg
400 133
64 48 344 129; 62 48 351 126; 64 48 351 125; 

51\155_155420.jpg
365 400
112 174 346 386; 116 173 343 379; 111 175 344 379; 

51\155_155432.jpg
266 400
14 72 225 362; 14 96 182 400; 14 96 181 400; 

51\155_155435.jpg
266 400
56 96 228 310; 51 100 178 228; 1 39 197 280; 

51\155_155436.jpg
266 400
8 50 212 306; 9 104 188 254; 8 4 186 259; 

51\155_155438.jpg
266 400
40 88 190 194; 41 91 191 282; 42 91 189 286; 

51\155_155451.jpg
266 400
28 34 240 232; 18 33 243 234; 17 32 243 233; 

51\155_155456.jpg
400 266
44 34 190 177; 18 14 207 176; 19 16 365 266; 

51\155_155458.jpg
400 285
170 86 354 247; 171 82 332 242; 171 86 332 243; 

51\155_155459.jpg
400 285
42 76 241 266; 40 71 231 264; 42 75 231 263; 

51\155_155461.jpg
400 303
34 14 224 295; 10 18 222 205; 9 16 221 203; 

51\155_155468.jpg
400 266
140 42 356 251; 141 42 354 267; 141 44 400 266; 

51\155_155478.jpg
400 266
174 118 390 207; 194 96 400 266; 204 119 395 212; 

51\155_155498.jpg
400 326
164 72 370 317; 166 69 398 326; 166 68 398 326; 

51\155_155505.jpg
400 266
84 105 210 261; 92 106 212 266; 91 107 212 266; 

51\155_155509.jpg
400 206
20 16 134 186; 21 17 135 186; 21 18 136 188; 

51\155_155514.jpg
400 230
92 6 336 200; 88 8 340 201; 91 9 336 201; 

51\155_155515.jpg
400 199
22 24 290 165; 19 22 289 137; 18 24 289 131; 

51\155_155518.jpg
351 400
86 26 322 334; 85 26 325 357; 87 24 334 359; 

51\155_155525.jpg
400 333
23 93 351 322; 20 92 351 265; 21 47 352 333; 

51\155_155567.jpg
400 400
112 70 294 322; 114 71 294 325; 116 70 294 322; 

51\155_155605.jpg
400 341
90 70 360 315; 87 64 383 331; 92 7 385 331; 

51\155_155615.jpg
400 255
112 66 329 157; 105 65 324 162; 101 65 323 164; 

51\155_155623.jpg
300 400
72 94 252 372; 73 96 250 400; 71 92 300 400; 

51\155_155648.jpg
400 245
158 38 342 183; 58 40 381 196; 57 39 382 196; 

51\155_155658.jpg
400 270
142 40 368 267; 141 41 370 266; 140 40 369 265; 

51\155_155660.jpg
400 300
212 30 352 156; 211 35 349 157; 211 32 350 158; 

51\155_155666.jpg
400 295
35 96 381 295; 28 91 381 264; 42 101 361 295; 

51\155_155672.jpg
266 400
64 7 223 395; 64 5 202 292; 66 8 241 400; 

51\155_155684.jpg
308 399
72 4 238 282; 45 3 266 244; 44 4 290 400; 

51\155_155697.jpg
400 400
138 16 350 308; 138 17 355 337; 138 19 350 339; 

51\155_155700.jpg
400 315
70 76 320 284; 70 75 334 287; 72 105 332 286; 

51\155_155712.jpg
400 171
278 40 364 121; 25 39 366 122; 28 40 364 122; 

51\155_155713.jpg
251 400
44 24 206 372; 46 19 206 374; 44 21 208 376; 

51\155_155714.jpg
400 275
54 129 202 245; 53 126 199 248; 53 127 201 248; 

51\155_155734.jpg
400 266
74 28 336 242; 70 30 338 247; 73 28 338 244; 

51\155_155745.jpg
399 250
10 30 274 221; 4 29 279 225; 1 29 279 223; 

51\155_155750.jpg
308 399
71 3 243 280; 41 8 267 242; 46 3 262 245; 

51\155_155854.jpg
371 400
98 179 359 303; 97 176 361 304; 95 179 361 302; 

51\155_155855.jpg
400 265
108 34 288 218; 101 33 292 217; 101 32 290 219; 

51\155_155864.jpg
400 266
48 0 200 254; 49 1 193 148; 47 2 192 149; 

51\155_155870.jpg
400 266
69 4 302 262; 68 3 281 249; 68 1 312 266; 

51\155_155884.jpg
400 266
112 78 329 260; 114 68 330 204; 114 68 331 266; 

51\155_155885.jpg
266 400
14 14 253 270; 12 12 252 268; 14 9 254 271; 

51\155_155887.jpg
400 266
153 8 340 204; 160 7 354 184; 159 8 352 184; 

51\155_155888.jpg
320 400
66 4 283 329; 67 61 309 273; 68 1 305 320; 

51\155_155921.jpg
400 301
142 72 349 195; 135 71 349 191; 137 71 348 187; 

51\155_155923.jpg
400 320
130 36 364 284; 117 38 366 287; 119 36 366 284; 

51\155_155926.jpg
400 266
60 40 318 232; 82 43 310 260; 84 41 319 259; 

51\155_155948.jpg
400 300
4 62 390 225; 2 64 390 229; 0 35 391 224; 

51\155_155964.jpg
400 307
26 89 330 211; 23 91 349 211; 24 92 361 278; 

51\155_155967.jpg
400 266
34 74 314 189; 8 74 317 227; 6 72 321 230; 

51\155_155968.jpg
266 400
10 49 258 208; 5 39 263 211; 18 42 258 219; 

51\155_155969.jpg
266 400
34 120 169 391; 18 116 172 292; 20 118 172 313; 

51\155_155970.jpg
400 266
57 14 241 259; 52 22 244 257; 54 23 248 257; 

51\155_155971.jpg
400 266
108 70 340 194; 29 79 362 212; 32 78 362 211; 

51\155_155974.jpg
266 400
34 72 218 296; 35 74 219 222; 36 73 219 400; 

51\155_155975.jpg
400 266
142 52 346 159; 139 50 386 172; 141 48 390 211; 

51\155_155977.jpg
266 400
100 54 240 262; 100 57 242 248; 101 55 242 248; 

51\155_155978.jpg
400 266
150 40 360 170; 81 39 364 176; 84 40 364 218; 

51\155_155980.jpg
400 266
82 26 268 226; 68 24 272 227; 71 28 270 224; 

51\155_155981.jpg
400 266
26 32 344 176; 30 3 356 183; 0 1 357 182; 

51\155_155982.jpg
400 266
116 72 240 194; 114 76 242 196; 47 74 245 196; 

51\155_155983.jpg
400 266
120 20 354 250; 116 19 361 252; 117 18 361 254; 

51\155_155998.jpg
400 305
58 58 306 192; 60 57 207 199; 60 59 207 191; 

