319

57\171_171009.jpg
285 400
110 52 281 391; 100 131 283 274; 91 15 281 277; 

57\171_171013.jpg
296 400
24 282 184 358; 24 275 271 354; 24 284 272 354; 

57\171_171015.jpg
220 400
79 12 212 312; 61 10 213 392; 62 10 212 392; 

57\171_171018.jpg
400 300
66 52 182 236; 64 48 182 241; 65 48 186 239; 

57\171_171024.jpg
400 266
118 58 310 227; 119 59 304 226; 119 59 306 226; 

57\171_171026.jpg
400 265
172 43 282 264; 169 45 299 265; 171 46 295 265; 

57\171_171056.jpg
400 277
62 83 181 233; 61 90 181 227; 59 91 181 229; 

57\171_171076.jpg
400 296
21 4 190 136; 16 5 184 132; 18 1 182 134; 

57\171_171089.jpg
400 300
44 82 342 296; 40 82 344 300; 42 81 342 300; 

57\171_171096.jpg
400 265
32 116 162 223; 32 113 163 224; 31 119 162 226; 

57\171_171101.jpg
400 291
198 98 392 273; 201 96 398 291; 201 96 400 291; 

57\171_171104.jpg
400 251
262 84 370 210; 271 86 369 204; 272 87 368 214; 

57\171_171120.jpg
311 400
112 97 281 278; 112 99 292 279; 115 100 294 279; 

57\171_171121.jpg
400 300
53 84 199 180; 54 88 201 182; 52 89 148 162; 

57\171_171134.jpg
400 217
18 137 150 206; 18 136 178 212; 19 136 148 198; 

57\171_171145.jpg
400 266
270 6 396 142; 271 0 398 142; 271 1 400 141; 

57\171_171154.jpg
400 324
232 162 365 316; 221 146 362 308; 223 144 362 309; 

57\171_171158.jpg
321 400
32 51 128 392; 32 51 126 395; 31 51 128 395; 

57\171_171161.jpg
400 381
64 23 346 232; 62 21 346 223; 64 22 344 374; 

57\171_171163.jpg
400 259
116 32 348 185; 118 34 351 180; 118 34 351 179; 

57\171_171169.jpg
400 266
145 138 398 265; 147 137 398 265; 148 136 400 266; 

57\171_171170.jpg
400 260
8 90 154 252; 28 92 153 242; 2 92 154 256; 

57\171_171177.jpg
300 400
62 0 244 330; 62 0 244 331; 62 2 245 329; 

57\171_171180.jpg
400 265
86 148 210 261; 89 144 224 262; 82 144 226 235; 

57\171_171234.jpg
400 266
131 80 240 266; 129 79 241 266; 128 81 239 266; 

57\171_171254.jpg
400 267
22 11 146 112; 26 12 147 109; 26 12 144 108; 

57\171_171274.jpg
400 283
210 181 382 256; 204 183 382 254; 204 182 382 255; 

57\171_171275.jpg
399 372
222 188 350 313; 220 187 350 329; 221 187 347 313; 

57\171_171295.jpg
400 219
20 62 239 216; 20 60 239 216; 22 61 239 214; 

57\171_171300.jpg
400 306
132 126 372 261; 132 131 373 269; 133 129 373 269; 

57\171_171314.jpg
309 400
203 116 283 382; 206 116 304 385; 207 116 303 386; 

57\171_171316.jpg
400 348
298 114 400 311; 300 108 400 308; 299 111 399 309; 

57\171_171354.jpg
400 260
0 153 110 259; 1 156 113 260; 1 158 111 260; 

57\171_171358.jpg
400 277
218 111 389 254; 221 111 398 277; 221 112 400 278; 

57\171_171362.jpg
400 300
52 60 226 262; 51 63 228 268; 52 62 229 266; 

57\171_171382.jpg
400 400
48 64 334 396; 94 108 309 312; 95 109 310 359; 

57\171_171386.jpg
400 203
24 53 329 163; 23 56 399 159; 25 38 392 170; 

57\171_171397.jpg
400 300
24 26 322 156; 19 18 319 151; 18 16 320 158; 

57\171_171398.jpg
400 300
40 48 314 182; 37 49 398 212; 32 48 400 225; 

57\171_171402.jpg
300 400
156 42 275 354; 66 42 268 400; 146 44 276 367; 

57\171_171411.jpg
400 265
55 28 211 222; 58 29 212 232; 58 29 334 231; 

57\171_171412.jpg
400 273
79 6 302 199; 72 1 298 151; 74 2 295 172; 

57\171_171442.jpg
400 285
162 159 354 251; 163 156 379 254; 163 158 383 255; 

57\171_171447.jpg
400 265
8 0 152 266; 66 2 154 265; 1 2 159 265; 

57\171_171463.jpg
400 400
40 8 214 352; 41 35 217 384; 41 2 216 388; 

57\171_171483.jpg
225 400
0 287 142 394; 2 286 142 400; 1 284 140 400; 

57\171_171497.jpg
400 266
56 6 324 174; 58 44 286 173; 58 0 338 172; 

57\171_171501.jpg
400 266
60 44 274 172; 59 43 276 173; 58 1 339 172; 

57\171_171504.jpg
400 278
140 34 346 203; 144 36 356 274; 142 37 355 278; 

57\171_171506.jpg
391 400
218 176 370 380; 218 179 369 379; 218 181 370 380; 

57\171_171511.jpg
266 400
32 65 242 316; 11 69 255 309; 6 66 253 320; 

57\171_171519.jpg
320 400
15 69 299 269; 10 72 298 262; 9 70 298 332; 

57\171_171523.jpg
400 266
138 31 347 218; 135 29 317 208; 108 29 400 266; 

57\171_171532.jpg
400 320
158 110 328 253; 169 108 317 249; 157 108 318 249; 

57\171_171541.jpg
400 300
158 126 362 222; 159 129 359 193; 159 129 358 216; 

57\171_171542.jpg
400 273
21 61 353 231; 114 88 308 231; 114 88 306 232; 

57\171_171548.jpg
400 264
124 50 254 180; 129 53 257 182; 126 51 258 180; 

57\171_171550.jpg
400 275
102 81 276 177; 106 81 276 176; 103 82 279 178; 

57\171_171556.jpg
399 305
100 58 210 225; 105 56 211 225; 104 59 211 228; 

57\171_171562.jpg
400 295
46 64 296 195; 15 65 328 194; 11 66 328 194; 

57\171_171565.jpg
400 265
57 53 281 260; 6 55 281 265; 2 55 279 265; 

57\171_171571.jpg
400 266
136 21 286 265; 111 21 288 266; 107 21 290 266; 

57\171_171576.jpg
400 266
21 76 312 192; 25 59 313 196; 23 9 311 195; 

57\171_171587.jpg
400 252
10 26 282 242; 65 26 288 251; 25 26 286 252; 

57\171_171590.jpg
400 300
60 50 332 296; 59 48 334 298; 61 46 332 300; 

57\171_171592.jpg
400 300
18 71 384 258; 19 71 387 256; 17 71 386 254; 

57\171_171610.jpg
291 400
24 144 268 330; 24 146 269 331; 23 146 271 329; 

57\171_171616.jpg
400 300
128 38 346 260; 131 40 349 191; 133 38 348 191; 

57\171_171619.jpg
400 300
72 90 329 255; 72 89 329 235; 72 92 359 269; 

57\171_171620.jpg
400 300
29 82 380 224; 32 79 382 229; 32 80 382 230; 

57\171_171631.jpg
400 266
146 82 244 258; 145 82 250 256; 148 84 249 256; 

57\171_171636.jpg
400 300
74 188 340 291; 79 192 337 286; 76 192 339 286; 

57\171_171641.jpg
400 300
136 10 385 288; 135 7 293 234; 138 3 294 233; 

57\171_171644.jpg
400 266
85 46 322 149; 76 46 326 158; 79 46 323 266; 

57\171_171646.jpg
400 266
48 40 270 237; 26 40 274 246; 21 41 276 254; 

57\171_171647.jpg
266 400
6 94 191 348; 6 94 191 323; 8 96 191 400; 

57\171_171650.jpg
341 400
84 14 278 376; 81 17 279 400; 84 17 282 400; 

57\171_171653.jpg
285 400
40 8 259 250; 99 62 202 220; 58 9 243 218; 

57\171_171654.jpg
400 301
142 28 377 291; 62 26 365 151; 62 28 394 298; 

57\171_171656.jpg
400 211
190 78 336 166; 190 80 339 166; 190 82 337 168; 

57\171_171660.jpg
376 399
42 14 329 320; 50 47 323 223; 41 16 329 394; 

57\171_171675.jpg
400 266
107 96 388 226; 107 96 391 227; 108 98 391 226; 

57\171_171694.jpg
400 273
104 12 330 269; 104 54 398 272; 103 12 400 272; 

57\171_171726.jpg
266 399
58 72 185 380; 58 69 179 388; 60 69 185 388; 

57\171_171739.jpg
285 400
104 82 254 355; 101 84 259 350; 102 83 256 353; 

57\171_171745.jpg
278 400
66 32 237 381; 73 32 240 274; 72 32 240 271; 

57\171_171751.jpg
294 400
86 58 261 378; 96 132 245 272; 24 22 264 272; 

57\171_171758.jpg
265 400
55 22 258 329; 93 26 254 225; 46 26 256 339; 

57\171_171759.jpg
295 400
35 16 205 371; 38 19 204 222; 20 20 203 392; 

57\171_171771.jpg
266 400
74 90 263 396; 76 89 265 398; 75 88 266 400; 

57\171_171775.jpg
400 320
153 22 390 314; 157 142 395 291; 156 1 396 289; 

57\171_171776.jpg
285 400
46 90 161 312; 53 90 182 390; 51 89 181 391; 

57\171_171782.jpg
399 314
13 119 278 278; 1 121 335 196; 1 121 356 299; 

57\171_171795.jpg
400 320
98 4 334 316; 124 123 279 320; 89 8 336 320; 

57\171_171800.jpg
400 320
146 20 332 282; 99 20 370 283; 98 21 371 285; 

57\171_171810.jpg
266 400
72 64 238 296; 71 63 249 374; 70 63 249 373; 

57\171_171820.jpg
320 400
54 90 267 323; 51 90 252 298; 54 91 251 295; 

57\171_171845.jpg
400 392
60 66 316 338; 59 101 318 340; 59 28 319 339; 

57\171_171848.jpg
400 266
48 72 344 191; 72 73 341 190; 1 72 341 199; 

57\171_171849.jpg
400 248
10 48 374 184; 94 49 341 117; 1 51 398 184; 

57\171_171858.jpg
400 298
52 32 234 250; 52 36 235 255; 54 36 305 262; 

57\171_171866.jpg
400 277
54 12 302 256; 51 11 304 266; 51 11 302 264; 

57\171_171872.jpg
400 282
8 32 190 266; 2 19 194 272; 1 19 193 268; 

57\171_171873.jpg
400 280
94 64 276 234; 57 62 336 246; 58 66 336 242; 

57\171_171885.jpg
400 300
128 122 270 222; 122 123 269 222; 122 122 268 222; 

57\171_171887.jpg
266 400
62 118 182 316; 64 120 191 326; 64 119 193 326; 

57\171_171901.jpg
400 400
92 32 297 374; 89 34 293 380; 90 33 306 386; 

57\171_171920.jpg
256 400
71 44 183 379; 72 41 179 369; 71 41 187 374; 

57\171_171926.jpg
400 333
118 36 374 331; 188 36 351 217; 114 15 394 328; 

57\171_171936.jpg
400 325
106 24 216 319; 103 22 218 309; 106 23 217 309; 

57\171_171960.jpg
400 286
16 54 298 266; 62 56 302 236; 2 55 302 286; 

57\171_171964.jpg
400 266
106 14 354 237; 108 11 359 239; 110 11 358 240; 

57\171_171974.jpg
349 400
92 33 311 398; 91 107 271 284; 91 28 322 400; 

57\171_171991.jpg
400 300
4 104 328 204; 1 107 332 225; 1 108 331 236; 

57\172_172004.jpg
400 288
32 69 281 253; 24 68 279 220; 23 68 279 239; 

57\172_172005.jpg
400 266
62 122 355 215; 61 124 353 217; 62 78 354 216; 

57\172_172007.jpg
280 400
16 50 171 310; 13 51 196 349; 14 51 200 358; 

57\172_172009.jpg
266 400
49 40 238 378; 49 38 234 379; 49 38 246 381; 

57\172_172016.jpg
273 400
99 64 229 350; 99 63 231 360; 99 66 249 358; 

57\172_172018.jpg
400 335
168 102 340 299; 142 102 340 270; 136 104 342 278; 

57\172_172019.jpg
400 368
20 9 253 279; 48 61 225 212; 19 11 254 274; 

57\172_172045.jpg
400 379
70 40 334 378; 71 149 332 342; 70 9 332 341; 

57\172_172049.jpg
400 320
92 79 384 246; 97 68 342 295; 97 72 400 320; 

57\172_172071.jpg
400 379
68 44 330 359; 72 133 335 288; 70 16 340 379; 

57\172_172082.jpg
400 255
64 30 366 199; 64 31 376 208; 65 32 374 213; 

57\172_172097.jpg
400 320
153 18 383 308; 159 98 381 266; 160 18 382 306; 

57\172_172101.jpg
400 300
91 60 289 296; 94 63 287 291; 95 64 286 300; 

57\172_172123.jpg
400 300
82 90 330 266; 81 92 332 260; 81 94 332 286; 

57\172_172124.jpg
400 293
84 30 304 223; 84 32 304 252; 84 32 314 251; 

57\172_172128.jpg
400 289
66 52 330 227; 64 54 331 245; 44 54 331 282; 

57\172_172141.jpg
400 281
51 4 269 271; 54 88 240 266; 53 12 269 264; 

57\172_172143.jpg
253 400
20 96 211 374; 40 140 142 266; 2 11 252 266; 

57\172_172146.jpg
340 400
56 88 284 380; 76 114 212 279; 21 4 305 276; 

57\172_172154.jpg
195 400
48 28 188 326; 47 26 194 335; 47 28 195 400; 

57\172_172163.jpg
266 400
78 44 177 298; 82 78 183 314; 24 21 188 214; 

57\172_172164.jpg
266 400
24 33 171 387; 58 111 168 259; 0 6 176 265; 

57\172_172176.jpg
400 265
179 87 337 234; 191 88 340 234; 188 80 342 238; 

57\172_172177.jpg
400 266
166 66 396 239; 166 67 393 238; 164 63 395 266; 

57\172_172179.jpg
323 399
49 54 264 384; 62 93 262 318; 52 41 260 320; 

57\172_172203.jpg
285 400
82 38 205 156; 83 42 205 159; 83 40 208 158; 

57\172_172268.jpg
267 400
34 104 197 375; 32 101 190 312; 32 99 191 400; 

57\172_172271.jpg
266 400
46 68 227 380; 46 71 228 331; 44 70 228 400; 

57\172_172276.jpg
266 400
72 164 172 310; 70 148 174 285; 66 149 183 294; 

57\172_172284.jpg
266 400
32 78 227 390; 30 70 223 389; 6 68 234 389; 

57\172_172320.jpg
332 400
149 23 246 306; 154 36 241 303; 111 36 241 306; 

57\172_172321.jpg
312 400
34 87 186 344; 29 84 232 362; 29 84 236 362; 

57\172_172328.jpg
400 324
104 20 216 311; 106 19 215 310; 102 18 217 314; 

57\172_172376.jpg
400 300
98 34 320 284; 98 106 306 263; 34 9 362 300; 

57\172_172379.jpg
285 400
101 98 228 352; 102 98 233 373; 102 97 234 372; 

57\172_172462.jpg
300 400
78 22 210 350; 78 16 200 356; 69 17 219 366; 

57\172_172469.jpg
400 320
58 28 282 298; 61 26 282 296; 59 29 282 297; 

57\172_172479.jpg
320 400
14 74 298 342; 14 76 299 341; 12 74 297 341; 

57\172_172490.jpg
400 266
46 26 318 259; 62 24 319 173; 1 22 316 266; 

57\172_172511.jpg
266 400
141 31 244 363; 140 32 246 359; 139 32 246 361; 

57\172_172513.jpg
266 400
133 90 236 348; 126 89 246 348; 131 91 244 349; 

57\172_172514.jpg
300 399
59 154 256 393; 61 149 256 400; 62 151 255 400; 

57\172_172558.jpg
400 265
28 24 264 261; 21 24 266 265; 13 25 263 265; 

57\172_172565.jpg
260 400
42 57 188 348; 37 54 147 332; 40 53 258 351; 

57\172_172573.jpg
400 300
18 88 372 246; 16 91 378 242; 16 88 374 241; 

57\172_172577.jpg
319 400
171 136 297 316; 185 134 302 295; 187 132 301 296; 

57\172_172579.jpg
400 236
130 30 272 212; 129 27 275 228; 129 27 275 228; 

57\172_172580.jpg
385 400
133 93 256 378; 134 93 258 325; 128 92 258 394; 

57\172_172581.jpg
400 358
191 67 299 256; 169 58 334 264; 170 59 334 266; 

57\172_172582.jpg
400 201
86 36 237 159; 79 36 250 169; 100 35 244 170; 

57\172_172585.jpg
266 400
32 36 152 348; 18 37 161 361; 15 35 162 365; 

57\172_172588.jpg
400 300
57 8 239 230; 56 9 241 232; 58 9 238 232; 

57\172_172589.jpg
320 400
70 58 281 252; 61 138 164 243; 64 56 281 249; 

57\172_172591.jpg
266 400
134 91 233 348; 126 90 246 350; 131 91 242 348; 

57\172_172668.jpg
308 400
42 50 266 348; 46 45 267 333; 45 48 269 334; 

57\172_172678.jpg
400 266
58 8 298 263; 58 8 306 266; 55 6 302 266; 

57\172_172684.jpg
400 265
64 91 172 260; 59 17 226 265; 59 94 172 265; 

57\172_172688.jpg
400 319
32 6 246 313; 29 3 246 319; 32 1 245 319; 

57\172_172690.jpg
399 311
106 8 290 281; 160 6 277 219; 114 6 288 281; 

57\172_172693.jpg
400 300
108 10 282 230; 109 14 284 229; 111 6 284 229; 

57\172_172696.jpg
400 300
122 86 244 240; 123 86 248 300; 125 84 247 300; 

57\172_172700.jpg
400 323
4 51 274 297; 6 49 276 306; 5 52 278 301; 

57\172_172711.jpg
400 286
16 28 222 233; 6 22 232 224; 2 24 235 232; 

57\172_172722.jpg
400 266
64 78 280 151; 63 77 282 151; 67 78 281 147; 

57\172_172745.jpg
400 266
54 26 292 188; 54 28 294 190; 55 28 294 190; 

57\172_172768.jpg
316 400
96 128 218 324; 98 79 224 323; 96 122 223 322; 

57\172_172789.jpg
400 365
12 36 274 339; 44 106 236 342; 1 1 279 340; 

57\172_172796.jpg
400 300
97 16 332 220; 99 19 338 223; 97 19 336 222; 

57\172_172798.jpg
400 300
24 6 211 280; 24 4 206 284; 25 5 206 282; 

57\172_172802.jpg
300 400
114 185 234 378; 112 182 240 376; 116 184 240 378; 

57\172_172813.jpg
400 288
124 132 274 231; 121 132 276 236; 122 132 278 235; 

57\172_172814.jpg
300 400
38 44 222 300; 62 43 209 319; 2 44 288 400; 

57\172_172820.jpg
400 301
184 52 362 271; 188 58 366 275; 187 9 364 272; 

57\172_172842.jpg
400 300
198 100 364 268; 201 102 367 270; 200 101 365 273; 

57\172_172851.jpg
320 400
124 36 276 202; 114 66 279 200; 114 23 278 200; 

57\172_172857.jpg
400 330
104 50 340 326; 102 125 345 328; 102 1 343 330; 

57\172_172869.jpg
400 298
56 69 384 209; 32 68 385 210; 31 66 383 211; 

57\172_172880.jpg
400 275
62 42 312 261; 71 43 322 275; 70 42 320 275; 

57\172_172892.jpg
300 400
48 12 252 290; 50 9 279 288; 49 11 279 289; 

57\172_172893.jpg
400 266
102 131 225 251; 62 2 334 246; 59 1 389 266; 

57\172_172896.jpg
400 266
54 26 185 256; 53 0 214 252; 2 0 367 266; 

57\172_172902.jpg
400 266
174 36 378 267; 176 24 291 172; 82 22 383 266; 

57\172_172905.jpg
320 400
51 49 284 372; 154 49 272 206; 49 49 284 380; 

57\172_172906.jpg
400 286
144 33 372 284; 144 33 371 192; 141 34 371 285; 

57\172_172907.jpg
314 400
32 40 241 282; 37 36 241 200; 36 32 244 283; 

57\172_172911.jpg
286 400
72 48 259 376; 63 45 247 267; 52 49 277 384; 

57\172_172922.jpg
400 320
43 78 203 317; 40 78 207 320; 42 80 205 320; 

57\172_172926.jpg
400 266
124 22 364 257; 126 21 363 258; 122 11 362 256; 

57\172_172929.jpg
300 400
100 110 298 382; 103 111 300 385; 88 1 300 384; 

57\172_172935.jpg
400 280
164 20 354 278; 165 42 262 264; 166 12 347 224; 

57\172_172942.jpg
397 400
121 69 261 329; 120 64 261 350; 122 66 259 355; 

57\172_172963.jpg
266 400
42 41 206 376; 43 44 209 378; 42 43 207 388; 

57\172_172966.jpg
400 261
80 68 150 235; 82 69 150 238; 84 68 148 239; 

57\172_172977.jpg
266 400
24 40 201 192; 6 19 195 189; 3 16 195 188; 

57\172_172987.jpg
266 400
26 18 187 190; 28 26 176 190; 14 5 174 190; 

57\172_172992.jpg
400 266
64 32 314 246; 23 47 263 249; 30 32 399 245; 

57\172_172993.jpg
399 266
54 36 340 232; 19 35 241 231; 21 37 397 230; 

57\172_172994.jpg
400 266
32 56 330 202; 33 69 183 200; 23 54 304 202; 

57\172_172995.jpg
400 266
13 45 362 196; 3 61 141 167; 2 42 399 236; 

57\172_172996.jpg
399 266
15 44 338 206; 13 70 112 173; 12 28 386 223; 

57\173_173001.jpg
400 266
146 72 356 263; 146 76 379 266; 148 75 379 266; 

57\173_173010.jpg
266 400
44 132 234 284; 46 135 232 284; 48 136 231 286; 

57\173_173018.jpg
266 400
26 97 194 346; 15 69 194 400; 14 71 194 400; 

57\173_173020.jpg
400 288
126 12 362 286; 187 53 276 184; 126 13 372 288; 

57\173_173033.jpg
400 266
166 48 354 214; 168 46 350 212; 167 48 351 218; 

57\173_173044.jpg
400 316
104 104 212 228; 104 119 211 232; 105 102 212 230; 

57\173_173060.jpg
400 255
282 46 366 189; 279 46 382 188; 278 45 381 188; 

57\173_173067.jpg
290 400
76 104 202 352; 79 102 252 357; 78 103 252 358; 

57\173_173068.jpg
400 297
62 36 292 258; 82 60 251 188; 56 16 305 269; 

57\173_173077.jpg
400 325
60 34 308 294; 64 32 303 222; 46 37 400 325; 

57\173_173080.jpg
400 270
170 15 311 258; 178 11 313 213; 179 12 313 210; 

57\173_173083.jpg
400 267
152 50 350 209; 156 52 351 238; 154 50 349 239; 

57\173_173084.jpg
400 267
22 78 379 191; 40 15 381 191; 47 16 379 191; 

57\173_173085.jpg
267 400
2 140 246 272; 30 128 252 268; 26 127 251 269; 

57\173_173086.jpg
400 263
22 64 345 181; 76 57 346 184; 74 57 346 184; 

57\173_173092.jpg
320 400
116 54 271 202; 109 56 274 203; 108 54 273 201; 

57\173_173099.jpg
267 400
28 32 254 300; 26 28 181 271; 28 29 254 352; 

57\173_173102.jpg
400 266
50 18 248 200; 45 17 247 203; 43 18 249 202; 

57\173_173106.jpg
400 310
96 62 354 166; 104 17 359 166; 106 17 358 164; 

57\173_173107.jpg
302 400
156 35 266 398; 155 32 267 398; 156 35 267 400; 

57\173_173112.jpg
266 400
36 78 263 326; 132 76 264 229; 38 78 266 305; 

57\173_173114.jpg
400 266
86 51 239 189; 89 42 236 186; 88 42 236 186; 

57\173_173116.jpg
400 266
80 21 274 216; 81 12 286 212; 83 12 287 213; 

57\173_173119.jpg
400 266
6 26 251 265; 1 26 257 266; 2 27 257 266; 

57\173_173125.jpg
320 400
42 10 248 324; 42 129 248 329; 43 11 248 332; 

57\173_173149.jpg
400 285
70 42 392 239; 67 42 395 243; 5 3 396 263; 

57\173_173151.jpg
400 285
6 0 246 250; 10 0 242 240; 8 2 305 276; 

57\173_173152.jpg
400 285
20 50 289 242; 17 48 272 239; 20 36 348 238; 

57\173_173153.jpg
400 285
18 68 276 171; 16 69 276 159; 18 21 275 165; 

57\173_173165.jpg
259 400
30 30 233 262; 30 13 151 279; 5 16 245 400; 

57\173_173167.jpg
400 266
110 50 342 265; 109 22 400 266; 107 21 400 267; 

57\173_173170.jpg
400 266
108 31 366 263; 105 33 241 231; 106 34 340 267; 

57\173_173173.jpg
266 400
10 160 260 376; 6 147 265 334; 8 147 267 338; 

57\173_173175.jpg
400 311
82 72 324 282; 74 71 326 279; 74 72 326 280; 

57\173_173190.jpg
400 300
16 30 218 182; 13 29 218 182; 14 30 217 181; 

57\173_173207.jpg
300 400
23 21 181 333; 27 84 180 335; 29 87 181 333; 

57\173_173210.jpg
400 266
28 6 251 265; 23 6 253 242; 24 8 251 244; 

57\173_173218.jpg
400 300
52 28 290 298; 115 79 278 240; 89 9 292 241; 

57\173_173230.jpg
400 300
84 16 290 244; 81 16 223 246; 82 12 288 255; 

57\173_173247.jpg
400 256
44 104 202 232; 46 107 206 234; 49 106 203 235; 

57\173_173255.jpg
400 300
96 10 316 296; 95 4 317 288; 104 2 314 195; 

57\173_173267.jpg
331 400
22 50 296 238; 17 54 298 229; 16 52 298 298; 

57\173_173281.jpg
400 298
43 18 284 254; 106 58 289 277; 106 49 294 282; 

57\173_173289.jpg
400 266
110 104 329 198; 109 120 329 197; 112 116 329 208; 

57\173_173315.jpg
400 300
40 54 270 268; 41 54 271 266; 43 56 272 288; 

57\173_173321.jpg
400 328
49 24 261 291; 43 22 257 282; 46 22 257 329; 

57\173_173323.jpg
400 292
104 51 346 288; 103 52 351 292; 107 52 351 292; 

57\173_173325.jpg
400 300
58 38 338 218; 61 39 335 212; 61 41 337 276; 

57\173_173349.jpg
399 227
58 77 209 223; 59 74 201 227; 58 76 212 227; 

57\173_173352.jpg
400 320
112 38 388 314; 187 48 345 319; 97 13 400 320; 

57\173_173354.jpg
400 266
132 71 334 265; 128 18 344 266; 130 21 341 266; 

57\173_173365.jpg
400 313
180 108 364 311; 179 107 397 312; 182 108 391 312; 

57\173_173373.jpg
400 300
48 56 366 228; 41 48 362 231; 44 48 370 233; 

57\173_173385.jpg
285 400
59 56 209 320; 58 58 227 298; 58 58 227 343; 

57\173_173388.jpg
400 285
64 22 282 241; 41 22 288 248; 41 23 287 276; 

57\173_173389.jpg
400 285
66 67 332 223; 44 50 391 175; 42 50 391 230; 

57\173_173391.jpg
300 400
74 70 236 374; 72 71 243 337; 75 71 240 383; 

57\173_173395.jpg
266 400
12 38 249 266; 14 40 255 265; 14 38 254 265; 

57\173_173403.jpg
377 400
34 168 305 394; 149 239 302 400; 32 34 309 400; 

57\173_173425.jpg
400 350
70 0 332 264; 76 99 331 174; 73 0 328 271; 

57\173_173444.jpg
400 320
78 26 221 301; 73 26 226 307; 79 26 218 307; 

57\173_173461.jpg
303 400
91 66 261 308; 89 67 266 304; 89 68 266 310; 

57\173_173487.jpg
400 318
40 86 304 277; 107 57 308 266; 103 56 308 268; 

57\173_173566.jpg
400 300
34 111 299 280; 34 110 298 269; 37 111 298 300; 

57\173_173567.jpg
400 300
91 106 246 257; 76 106 246 256; 78 107 246 257; 

57\173_173570.jpg
400 282
66 0 292 188; 67 14 294 186; 51 1 291 186; 

57\173_173592.jpg
400 285
172 65 365 247; 167 66 362 227; 163 65 362 227; 

57\173_173608.jpg
295 400
32 50 223 296; 26 53 229 308; 26 37 230 309; 

57\173_173609.jpg
400 300
88 52 344 250; 87 51 341 248; 89 51 340 252; 

57\173_173610.jpg
303 400
44 76 177 294; 46 114 195 248; 47 74 194 292; 

57\173_173645.jpg
400 266
38 36 338 216; 22 74 341 215; 2 32 399 216; 

57\173_173646.jpg
400 300
2 68 283 222; 100 65 281 224; 1 66 283 222; 

57\173_173657.jpg
400 324
174 112 356 311; 176 111 356 316; 175 114 356 315; 

57\173_173661.jpg
360 400
144 58 282 312; 152 116 277 303; 120 47 276 305; 

57\173_173663.jpg
400 266
8 46 232 261; 59 33 254 114; 1 32 252 266; 

57\173_173664.jpg
400 339
80 44 309 321; 81 24 309 231; 82 22 308 237; 

57\173_173673.jpg
353 400
219 99 327 388; 224 101 332 391; 226 101 331 392; 

57\173_173675.jpg
400 283
174 29 393 281; 169 36 400 282; 171 33 400 282; 

57\173_173678.jpg
400 399
209 147 365 394; 236 150 359 356; 238 149 356 371; 

57\173_173705.jpg
400 271
144 18 394 212; 139 22 395 211; 142 21 396 211; 

57\173_173708.jpg
400 266
70 16 280 235; 68 16 281 233; 66 16 281 235; 

57\173_173709.jpg
400 266
90 24 326 221; 90 24 329 221; 92 26 328 221; 

57\173_173715.jpg
400 266
38 84 212 245; 32 87 153 259; 34 87 256 256; 

57\173_173717.jpg
400 266
215 36 380 264; 194 38 399 266; 201 38 400 266; 

57\173_173718.jpg
400 266
218 28 368 264; 198 28 400 266; 204 28 400 266; 

57\173_173719.jpg
400 266
98 54 290 263; 94 53 298 266; 94 54 400 266; 

57\173_173731.jpg
272 400
16 42 256 314; 16 42 258 232; 13 41 261 232; 

57\173_173739.jpg
300 400
76 8 270 306; 78 10 266 264; 78 10 264 264; 

57\173_173740.jpg
300 400
64 4 254 294; 62 6 252 274; 64 6 252 274; 

57\173_173778.jpg
400 305
40 105 164 291; 41 105 162 284; 36 105 176 288; 

57\173_173793.jpg
400 300
124 22 335 298; 117 28 341 234; 125 4 341 300; 

57\173_173794.jpg
400 292
10 124 213 291; 10 121 215 284; 8 121 215 292; 

57\173_173796.jpg
400 315
140 95 316 243; 141 93 294 236; 141 95 329 235; 

57\173_173835.jpg
400 266
204 54 289 213; 211 55 285 201; 212 55 288 212; 

57\173_173847.jpg
266 400
64 59 177 366; 66 60 177 362; 64 58 171 362; 

57\173_173848.jpg
285 400
61 28 205 178; 56 28 206 181; 61 28 206 179; 

57\173_173867.jpg
293 400
111 21 291 253; 104 19 218 226; 109 20 294 362; 

57\173_173895.jpg
399 368
150 36 248 357; 151 13 250 365; 151 12 249 368; 

57\173_173913.jpg
400 300
50 148 300 276; 109 150 302 270; 113 152 302 278; 

57\173_173936.jpg
400 300
34 56 284 292; 36 63 284 181; 29 58 310 296; 

57\173_173937.jpg
400 300
90 56 362 296; 110 56 232 188; 84 58 366 300; 

57\173_173954.jpg
400 299
58 32 349 236; 122 49 337 185; 55 34 400 299; 

57\173_173970.jpg
400 290
216 64 305 272; 226 68 307 272; 226 70 305 272; 

57\173_173972.jpg
400 290
141 86 302 176; 144 89 299 182; 145 88 301 186; 

57\173_173992.jpg
400 368
124 8 300 268; 126 6 379 316; 124 7 378 368; 

