343

58\174_174030.jpg
400 320
56 88 366 272; 58 88 384 279; 59 89 385 279; 

58\174_174033.jpg
400 266
172 119 316 230; 92 42 398 233; 91 42 399 236; 

58\174_174044.jpg
175 400
66 171 158 379; 65 184 159 339; 68 186 159 339; 

58\174_174049.jpg
260 400
32 34 204 364; 34 32 204 362; 34 32 201 365; 

58\174_174050.jpg
260 400
32 34 204 364; 33 32 201 364; 33 34 202 366; 

58\174_174051.jpg
300 400
78 94 214 384; 77 94 214 334; 76 93 213 332; 

58\174_174086.jpg
400 326
74 48 271 197; 71 49 271 196; 72 50 273 196; 

58\174_174093.jpg
400 241
150 46 346 209; 164 45 350 213; 164 48 347 211; 

58\174_174129.jpg
400 320
41 35 377 241; 42 35 381 225; 41 36 383 223; 

58\174_174143.jpg
400 266
77 91 364 189; 86 94 368 201; 85 95 366 197; 

58\174_174158.jpg
400 320
142 16 336 293; 136 5 318 247; 139 6 325 254; 

58\174_174160.jpg
400 351
96 16 259 348; 132 6 249 221; 93 5 373 351; 

58\174_174161.jpg
266 400
86 22 247 254; 92 19 249 255; 90 21 250 254; 

58\174_174167.jpg
400 266
172 34 318 140; 172 34 316 140; 173 33 316 140; 

58\174_174173.jpg
266 400
38 68 222 322; 64 64 231 302; 14 63 230 326; 

58\174_174175.jpg
303 400
103 45 223 349; 102 47 219 351; 103 47 218 351; 

58\174_174178.jpg
400 266
22 8 235 265; 62 4 234 263; 5 5 241 267; 

58\174_174180.jpg
400 266
44 72 231 190; 39 35 227 188; 41 74 226 186; 

58\174_174181.jpg
318 400
70 114 238 348; 62 116 237 351; 68 114 238 351; 

58\174_174184.jpg
400 300
122 70 272 244; 124 70 276 233; 125 72 274 231; 

58\174_174187.jpg
266 400
37 152 254 329; 28 158 263 333; 30 159 261 326; 

58\174_174191.jpg
400 266
58 42 272 263; 56 39 194 184; 56 39 196 184; 

58\174_174201.jpg
400 241
63 112 212 238; 56 112 215 238; 58 112 214 237; 

58\174_174204.jpg
400 266
96 41 283 241; 99 41 316 243; 98 40 314 244; 

58\174_174210.jpg
400 300
130 24 248 194; 128 24 249 200; 129 26 250 194; 

58\174_174215.jpg
295 400
38 78 203 363; 49 83 212 368; 47 78 228 367; 

58\174_174224.jpg
400 281
90 18 290 261; 88 37 292 264; 89 37 292 264; 

58\174_174225.jpg
400 265
57 49 267 188; 41 51 268 233; 46 52 267 235; 

58\174_174228.jpg
286 400
54 66 229 358; 52 62 241 359; 56 59 241 358; 

58\174_174237.jpg
266 400
56 9 228 379; 54 36 229 396; 56 8 228 394; 

58\174_174252.jpg
400 300
184 21 356 278; 176 22 360 281; 178 22 358 281; 

58\174_174253.jpg
399 305
184 34 372 177; 183 29 373 178; 184 30 372 177; 

58\174_174256.jpg
400 300
34 36 312 282; 36 39 276 288; 36 36 321 294; 

58\174_174257.jpg
300 400
46 110 228 354; 55 105 234 264; 81 106 224 285; 

58\174_174261.jpg
399 304
34 84 328 264; 34 83 330 267; 34 87 328 266; 

58\174_174288.jpg
400 300
12 64 202 206; 9 63 202 204; 11 64 201 203; 

58\174_174289.jpg
400 395
162 100 348 229; 57 102 334 395; 123 20 392 236; 

58\174_174321.jpg
400 300
131 80 329 240; 128 82 330 241; 131 82 329 241; 

58\174_174330.jpg
400 287
114 111 392 286; 112 105 399 287; 115 107 400 288; 

58\174_174334.jpg
400 299
96 72 238 298; 95 76 238 282; 76 22 258 264; 

58\174_174336.jpg
400 300
102 68 290 266; 99 66 291 269; 103 67 290 269; 

58\174_174341.jpg
400 300
160 50 357 173; 161 53 366 176; 162 53 326 172; 

58\174_174349.jpg
400 299
126 135 230 293; 127 137 230 299; 128 138 229 299; 

58\174_174350.jpg
400 299
174 109 358 296; 174 96 362 299; 172 98 362 299; 

58\174_174353.jpg
320 400
88 102 249 308; 89 104 277 287; 92 104 274 316; 

58\174_174356.jpg
320 400
92 106 240 260; 70 105 241 262; 68 106 242 261; 

58\174_174357.jpg
400 293
58 30 374 248; 52 102 248 238; 49 29 371 246; 

58\174_174362.jpg
266 400
48 86 220 294; 39 87 233 297; 39 87 236 296; 

58\174_174364.jpg
316 400
78 106 255 320; 71 115 255 335; 73 100 253 337; 

58\174_174367.jpg
400 267
156 16 328 266; 153 5 328 262; 161 15 309 212; 

58\174_174373.jpg
235 400
81 14 203 390; 67 14 196 391; 71 16 203 391; 

58\174_174380.jpg
400 290
150 6 334 178; 148 4 335 179; 149 2 335 177; 

58\174_174394.jpg
266 400
29 155 253 322; 29 155 261 331; 30 156 262 327; 

58\174_174395.jpg
400 266
176 22 371 251; 180 26 380 251; 181 26 380 251; 

58\174_174415.jpg
400 280
88 112 214 222; 88 111 213 225; 88 110 212 222; 

58\174_174439.jpg
399 326
78 34 376 288; 73 32 335 235; 77 33 378 298; 

58\174_174442.jpg
400 300
116 48 346 279; 118 49 365 288; 119 49 366 288; 

58\174_174474.jpg
320 400
22 18 274 320; 36 53 208 291; 23 16 277 321; 

58\174_174475.jpg
400 266
104 22 310 242; 104 24 311 242; 104 24 310 243; 

58\174_174476.jpg
400 400
15 41 261 288; 18 45 262 289; 18 43 264 286; 

58\174_174480.jpg
266 400
26 30 247 264; 24 31 249 266; 25 32 247 264; 

58\174_174485.jpg
400 400
36 164 356 324; 37 163 366 329; 36 163 364 328; 

58\174_174507.jpg
271 400
66 76 199 288; 67 62 198 294; 32 61 230 295; 

58\174_174534.jpg
399 299
176 137 353 266; 181 139 351 265; 181 140 351 263; 

58\174_174563.jpg
400 400
74 98 278 320; 75 94 279 322; 74 96 278 320; 

58\174_174594.jpg
400 300
22 54 394 242; 19 54 294 244; 23 54 319 243; 

58\174_174615.jpg
400 299
104 30 366 298; 82 23 399 299; 81 24 400 299; 

58\174_174654.jpg
400 266
95 60 282 265; 118 62 286 175; 118 63 284 173; 

58\174_174659.jpg
400 338
164 52 374 284; 166 54 379 289; 168 54 378 288; 

58\174_174669.jpg
400 344
34 62 212 201; 28 64 222 207; 31 65 222 338; 

58\174_174684.jpg
400 300
118 34 369 273; 120 31 374 275; 120 34 357 274; 

58\174_174685.jpg
400 300
68 10 384 190; 69 42 331 191; 99 42 332 184; 

58\174_174696.jpg
400 400
37 218 316 356; 36 211 319 349; 36 212 318 348; 

58\174_174699.jpg
393 400
78 74 327 334; 70 75 331 337; 74 76 339 337; 

58\174_174733.jpg
400 266
62 56 342 216; 62 59 344 222; 62 59 344 220; 

58\174_174735.jpg
400 266
38 112 304 192; 39 94 368 184; 39 95 366 188; 

58\174_174747.jpg
300 400
0 136 183 396; 2 129 182 400; 1 128 184 400; 

58\174_174751.jpg
300 400
70 4 239 376; 77 0 228 352; 70 0 237 376; 

58\174_174769.jpg
400 300
64 61 376 222; 63 64 380 226; 64 64 378 225; 

58\174_174770.jpg
400 347
112 103 250 241; 113 138 262 247; 113 138 266 247; 

58\174_174793.jpg
400 366
18 60 340 278; 18 60 343 281; 19 59 343 281; 

58\174_174805.jpg
400 266
96 29 373 222; 98 28 374 221; 100 27 373 219; 

58\174_174819.jpg
400 265
92 89 320 185; 94 91 311 186; 96 92 311 186; 

58\174_174820.jpg
300 400
22 86 291 343; 22 86 244 345; 22 87 300 343; 

58\174_174825.jpg
400 300
62 38 332 279; 39 5 354 300; 36 1 353 300; 

58\174_174860.jpg
400 346
71 26 340 319; 179 26 386 308; 156 27 387 346; 

58\174_174861.jpg
310 400
96 26 282 287; 106 26 283 289; 108 26 282 291; 

58\174_174872.jpg
263 400
31 116 225 346; 28 109 222 346; 29 110 222 400; 

58\174_174873.jpg
400 389
154 24 353 266; 157 23 372 366; 156 24 372 364; 

58\174_174925.jpg
400 314
222 110 342 276; 215 79 344 279; 215 80 342 279; 

58\174_174932.jpg
400 266
56 40 304 265; 56 37 303 235; 57 38 303 266; 

58\174_174938.jpg
297 400
81 16 248 386; 81 17 239 382; 79 16 250 384; 

58\174_174940.jpg
400 251
136 119 377 224; 137 119 359 226; 136 12 398 223; 

58\174_174955.jpg
266 400
40 110 234 304; 43 114 237 321; 42 114 231 303; 

58\174_174959.jpg
400 266
28 26 234 161; 29 20 236 158; 26 20 232 266; 

58\174_174960.jpg
400 300
60 104 366 168; 64 106 359 168; 62 104 362 166; 

58\174_174964.jpg
266 400
74 52 187 346; 74 51 190 378; 74 51 189 385; 

58\174_174967.jpg
400 306
92 116 264 286; 91 114 266 294; 93 116 266 290; 

58\174_174969.jpg
400 246
6 40 296 204; 58 42 300 211; 4 44 299 218; 

58\174_174973.jpg
350 400
118 4 286 181; 117 6 286 188; 116 8 285 187; 

58\174_174976.jpg
400 266
66 115 175 238; 60 118 182 222; 75 118 176 225; 

58\174_174980.jpg
400 285
48 8 274 284; 63 76 241 268; 49 11 242 267; 

58\174_174981.jpg
400 293
188 34 362 292; 189 26 371 294; 190 28 371 294; 

58\174_174983.jpg
400 320
114 32 366 306; 112 30 345 286; 111 32 366 301; 

58\174_174986.jpg
400 288
21 28 221 287; 22 21 211 288; 21 25 216 288; 

58\174_174989.jpg
400 300
116 81 264 210; 118 81 266 215; 116 76 266 217; 

58\174_174992.jpg
400 266
52 16 254 248; 50 80 234 256; 50 9 263 253; 

58\174_174995.jpg
262 400
78 30 231 392; 79 18 238 400; 76 16 238 400; 

58\174_174998.jpg
260 400
32 32 202 364; 34 34 202 366; 36 34 201 364; 

58\175_175009.jpg
400 266
75 44 358 222; 75 39 364 227; 74 41 363 231; 

58\175_175010.jpg
266 400
60 47 243 286; 53 43 242 353; 51 39 242 350; 

58\175_175011.jpg
400 266
86 20 313 165; 30 19 314 178; 27 19 313 201; 

58\175_175012.jpg
266 400
34 56 165 294; 30 47 166 361; 33 45 183 383; 

58\175_175013.jpg
400 330
192 40 300 229; 194 44 299 269; 196 41 301 259; 

58\175_175015.jpg
400 300
48 28 275 192; 48 32 274 203; 48 32 273 216; 

58\175_175016.jpg
400 355
62 40 352 305; 63 39 288 304; 62 39 353 306; 

58\175_175017.jpg
400 291
32 35 365 243; 29 68 376 242; 31 67 374 241; 

58\175_175022.jpg
400 286
158 40 389 282; 238 44 326 246; 156 9 394 286; 

58\175_175026.jpg
285 400
92 106 197 272; 92 104 199 282; 92 106 199 281; 

58\175_175027.jpg
349 399
92 44 261 352; 94 45 259 351; 92 44 258 351; 

58\175_175034.jpg
400 301
80 66 324 258; 111 72 289 211; 76 67 398 283; 

58\175_175043.jpg
400 266
156 58 378 251; 155 59 382 251; 156 61 381 266; 

58\175_175048.jpg
400 351
166 114 368 315; 167 116 371 319; 168 118 369 319; 

58\175_175054.jpg
266 400
98 102 208 364; 101 104 210 373; 102 36 209 372; 

58\175_175085.jpg
399 266
72 12 306 248; 70 8 306 248; 72 9 307 249; 

58\175_175092.jpg
400 266
150 12 301 238; 159 1 299 186; 163 2 298 189; 

58\175_175097.jpg
400 266
70 50 214 265; 74 50 217 216; 22 12 226 226; 

58\175_175102.jpg
400 286
11 106 393 254; 11 107 240 214; 4 81 399 260; 

58\175_175103.jpg
298 400
30 48 212 336; 32 49 155 262; 31 0 196 322; 

58\175_175104.jpg
400 266
48 32 322 264; 46 16 328 266; 47 16 326 266; 

58\175_175106.jpg
266 400
18 24 164 387; 21 25 164 387; 21 23 164 387; 

58\175_175107.jpg
400 266
64 76 278 207; 65 76 278 208; 63 62 279 207; 

58\175_175108.jpg
400 266
114 82 352 169; 114 82 367 172; 113 81 367 171; 

58\175_175128.jpg
400 300
127 51 284 288; 129 50 283 239; 129 49 284 237; 

58\175_175140.jpg
320 400
118 32 218 330; 106 8 218 334; 145 2 223 322; 

58\175_175145.jpg
349 399
92 44 257 352; 94 44 259 351; 94 45 257 349; 

58\175_175150.jpg
400 300
102 54 312 297; 102 53 388 299; 103 54 387 298; 

58\175_175174.jpg
266 400
51 92 205 278; 52 96 204 278; 53 95 204 278; 

58\175_175189.jpg
323 400
38 56 228 358; 39 58 231 208; 39 58 229 210; 

58\175_175195.jpg
400 278
204 50 376 271; 206 51 318 221; 206 51 396 279; 

58\175_175198.jpg
285 400
56 26 249 376; 55 24 253 317; 58 26 251 381; 

58\175_175199.jpg
285 400
56 26 205 378; 59 25 251 315; 58 25 251 379; 

58\175_175201.jpg
316 400
94 16 229 363; 84 15 249 371; 83 13 249 369; 

58\175_175203.jpg
320 400
36 20 254 349; 36 17 258 353; 36 20 259 349; 

58\175_175210.jpg
400 300
50 30 317 278; 51 78 311 266; 48 43 318 274; 

58\175_175213.jpg
349 399
93 44 259 352; 91 44 260 351; 94 44 258 350; 

58\175_175214.jpg
349 399
92 42 255 348; 92 42 257 351; 94 44 258 351; 

58\175_175221.jpg
400 227
193 101 364 179; 198 51 366 181; 198 52 365 181; 

58\175_175269.jpg
340 400
99 91 228 330; 93 89 228 338; 93 89 228 338; 

58\175_175275.jpg
300 400
24 258 261 394; 25 259 261 400; 28 259 261 400; 

58\175_175281.jpg
400 321
117 33 372 318; 109 34 400 319; 109 35 399 321; 

58\175_175298.jpg
400 280
172 142 340 214; 172 115 341 214; 174 118 340 216; 

58\175_175302.jpg
400 257
53 15 201 246; 49 22 208 215; 49 23 277 213; 

58\175_175305.jpg
400 283
140 12 358 281; 142 5 354 264; 143 5 353 261; 

58\175_175335.jpg
400 266
64 18 214 230; 64 11 215 235; 66 14 213 234; 

58\175_175363.jpg
388 400
58 11 323 274; 44 8 274 271; 44 9 276 278; 

58\175_175368.jpg
400 268
138 54 381 266; 138 53 384 265; 140 54 381 244; 

58\175_175385.jpg
400 400
90 84 308 298; 92 83 311 302; 78 66 322 306; 

58\175_175409.jpg
386 400
92 48 321 366; 107 47 325 340; 109 48 323 341; 

58\175_175411.jpg
400 302
76 23 334 301; 76 81 337 285; 76 1 337 278; 

58\175_175466.jpg
285 400
139 162 251 336; 134 166 249 338; 134 165 249 337; 

58\175_175477.jpg
400 266
72 56 289 251; 71 56 292 207; 72 58 292 206; 

58\175_175478.jpg
342 400
56 66 316 324; 50 68 277 334; 43 68 277 316; 

58\175_175479.jpg
400 390
82 42 320 342; 81 41 322 344; 81 42 321 342; 

58\175_175480.jpg
400 266
76 28 282 249; 78 27 285 252; 78 27 284 250; 

58\175_175481.jpg
400 372
78 58 308 262; 79 59 309 264; 79 61 309 264; 

58\175_175505.jpg
400 300
34 69 273 254; 35 72 249 258; 1 70 345 268; 

58\175_175506.jpg
320 400
45 96 284 266; 49 96 286 267; 51 97 284 265; 

58\175_175521.jpg
400 300
64 52 296 252; 62 51 296 251; 115 48 297 250; 

58\175_175525.jpg
270 400
124 82 245 364; 129 81 244 390; 129 82 242 391; 

58\175_175528.jpg
400 300
174 38 364 196; 178 38 365 200; 176 37 366 198; 

58\175_175552.jpg
400 398
40 48 316 312; 46 50 308 284; 48 49 306 292; 

58\175_175570.jpg
300 400
24 234 268 354; 23 229 272 353; 24 229 269 351; 

58\175_175574.jpg
400 268
186 24 371 210; 185 62 326 201; 188 23 369 209; 

58\175_175578.jpg
400 300
40 8 376 220; 41 9 378 222; 41 9 378 221; 

58\175_175594.jpg
400 320
26 84 238 308; 21 91 242 264; 21 91 241 268; 

58\175_175599.jpg
346 400
138 9 333 196; 142 2 328 188; 140 1 329 372; 

58\175_175606.jpg
400 352
104 94 302 281; 98 97 309 280; 107 95 301 237; 

58\175_175611.jpg
400 295
58 48 364 253; 48 49 367 261; 38 49 367 262; 

58\175_175619.jpg
400 324
60 62 328 274; 57 65 327 271; 61 66 326 272; 

58\175_175626.jpg
400 324
22 66 372 275; 21 68 376 269; 24 68 375 266; 

58\175_175632.jpg
400 320
35 68 332 314; 107 73 334 307; 28 72 335 310; 

58\175_175644.jpg
266 400
27 27 186 335; 26 23 199 329; 24 23 198 329; 

58\175_175647.jpg
400 320
128 35 348 280; 131 34 348 284; 131 35 348 284; 

58\175_175657.jpg
266 399
68 42 241 376; 67 41 190 355; 66 41 235 378; 

58\175_175659.jpg
399 303
124 113 334 256; 123 96 332 278; 123 98 389 304; 

58\175_175670.jpg
400 266
99 82 174 238; 99 83 172 235; 100 82 172 236; 

58\175_175671.jpg
400 266
55 78 176 206; 51 76 176 204; 56 77 174 204; 

58\175_175672.jpg
400 320
50 114 360 202; 51 116 361 206; 51 118 362 204; 

58\175_175676.jpg
266 400
10 98 250 360; 6 96 259 355; 8 98 259 356; 

58\175_175677.jpg
400 266
146 76 290 239; 141 78 296 241; 141 78 297 239; 

58\175_175682.jpg
400 266
218 44 358 160; 221 42 356 159; 219 43 362 159; 

58\175_175686.jpg
400 320
112 24 356 280; 110 19 363 279; 140 51 340 245; 

58\175_175687.jpg
400 266
26 38 246 197; 71 27 251 201; 29 28 251 201; 

58\175_175691.jpg
400 320
42 119 362 206; 45 121 362 205; 44 118 364 209; 

58\175_175693.jpg
400 323
114 112 305 201; 50 68 351 222; 52 68 348 221; 

58\175_175706.jpg
320 400
30 88 202 398; 12 91 205 252; 13 91 204 400; 

58\175_175720.jpg
400 320
48 98 226 208; 43 101 229 221; 48 101 228 223; 

58\175_175726.jpg
400 266
66 58 302 248; 80 58 304 250; 81 56 302 248; 

58\175_175754.jpg
399 316
60 30 326 288; 59 30 330 286; 59 30 330 285; 

58\175_175777.jpg
294 400
26 14 278 258; 16 11 282 269; 15 11 282 269; 

58\175_175805.jpg
320 400
74 30 254 323; 71 47 240 321; 1 22 243 400; 

58\175_175807.jpg
266 400
58 197 210 357; 53 197 212 354; 54 198 211 354; 

58\175_175809.jpg
400 320
84 16 334 282; 119 38 318 226; 94 16 348 289; 

58\175_175815.jpg
320 400
48 100 214 354; 108 112 226 360; 46 99 233 358; 

58\175_175817.jpg
320 400
46 60 278 310; 38 60 278 305; 44 60 279 308; 

58\175_175826.jpg
266 400
28 26 201 330; 36 84 180 280; 32 39 179 276; 

58\175_175841.jpg
400 266
98 41 292 261; 82 44 286 248; 84 47 314 266; 

58\175_175868.jpg
400 266
147 90 226 236; 146 94 224 194; 148 93 224 192; 

58\175_175869.jpg
400 300
20 19 263 139; 21 18 257 122; 23 19 258 121; 

58\175_175893.jpg
266 400
14 39 169 336; 12 35 202 361; 11 35 203 361; 

58\175_175894.jpg
400 266
65 48 292 244; 71 48 336 266; 125 47 332 183; 

58\175_175925.jpg
400 348
31 27 251 346; 64 129 251 341; 1 26 251 342; 

58\175_175934.jpg
400 266
80 72 284 162; 82 71 283 162; 80 9 281 164; 

58\175_175947.jpg
277 400
61 13 246 354; 62 13 239 326; 61 14 236 324; 

58\175_175948.jpg
400 301
64 52 366 258; 44 52 224 258; 46 51 368 258; 

58\175_175951.jpg
400 314
48 14 244 309; 28 13 247 314; 28 12 248 314; 

58\175_175967.jpg
266 400
54 36 159 378; 55 31 154 379; 54 32 155 376; 

58\175_175973.jpg
400 399
38 14 286 297; 39 15 294 300; 39 16 295 301; 

58\175_175986.jpg
400 386
12 100 303 366; 3 83 306 299; 3 82 307 371; 

58\175_175987.jpg
328 400
110 61 290 282; 8 51 289 283; 5 53 290 398; 

58\175_175992.jpg
400 295
19 62 386 239; 15 74 385 242; 15 73 386 241; 

58\176_176009.jpg
288 400
29 81 252 370; 27 213 252 371; 26 41 253 370; 

58\176_176019.jpg
400 320
36 40 211 216; 33 39 214 242; 34 39 212 241; 

58\176_176020.jpg
275 400
42 138 192 362; 40 137 194 364; 42 138 194 364; 

58\176_176028.jpg
362 400
19 24 339 276; 58 105 290 242; 29 28 336 244; 

58\176_176037.jpg
400 332
102 28 366 262; 146 84 365 266; 147 32 367 266; 

58\176_176040.jpg
400 286
48 24 316 246; 54 19 300 245; 72 19 299 247; 

58\176_176066.jpg
400 300
66 40 316 291; 90 37 319 233; 65 41 318 282; 

58\176_176068.jpg
400 300
68 22 326 262; 71 12 330 263; 72 19 323 264; 

58\176_176075.jpg
400 320
32 34 212 232; 36 38 213 238; 34 38 213 241; 

58\176_176078.jpg
320 400
46 10 256 358; 47 39 258 351; 45 11 256 400; 

58\176_176079.jpg
266 400
98 100 219 238; 92 104 229 249; 91 104 228 400; 

58\176_176085.jpg
266 400
46 72 171 291; 49 72 166 285; 47 72 266 291; 

58\176_176088.jpg
400 375
86 36 254 298; 86 18 219 205; 87 19 218 202; 

58\176_176121.jpg
400 304
74 24 340 281; 77 24 341 281; 78 24 341 281; 

58\176_176126.jpg
400 265
86 2 356 211; 75 2 326 207; 76 1 338 207; 

58\176_176134.jpg
400 278
90 10 294 242; 89 2 298 277; 89 1 296 278; 

58\176_176141.jpg
400 308
106 21 372 257; 111 9 268 252; 46 11 391 309; 

58\176_176143.jpg
400 300
62 60 325 254; 60 70 313 250; 60 21 368 250; 

58\176_176144.jpg
400 300
50 52 342 280; 52 54 341 280; 53 54 341 281; 

58\176_176150.jpg
400 279
58 12 314 248; 86 24 315 249; 88 26 315 249; 

58\176_176159.jpg
400 265
86 16 316 264; 74 9 321 265; 79 7 316 265; 

58\176_176160.jpg
400 305
54 72 342 283; 52 75 344 285; 54 72 344 286; 

58\176_176167.jpg
320 400
59 138 256 342; 1 141 171 327; 99 142 229 308; 

58\176_176169.jpg
320 400
94 84 292 334; 94 86 295 332; 94 85 295 371; 

58\176_176170.jpg
400 298
196 29 336 272; 204 36 341 283; 206 35 340 282; 

58\176_176171.jpg
400 266
158 78 328 222; 161 76 339 207; 162 77 335 211; 

58\176_176181.jpg
400 400
115 118 391 371; 141 126 290 261; 116 115 391 374; 

58\176_176188.jpg
400 265
80 52 310 245; 83 54 306 242; 85 58 319 249; 

58\176_176202.jpg
400 300
76 80 322 296; 56 58 329 300; 62 59 329 300; 

58\176_176204.jpg
400 266
42 128 194 251; 42 127 197 252; 41 0 198 252; 

58\176_176254.jpg
400 300
29 98 239 258; 29 96 247 258; 0 97 243 291; 

58\176_176256.jpg
400 266
66 28 316 265; 62 29 334 266; 64 29 334 266; 

58\176_176270.jpg
400 287
64 37 320 274; 98 40 291 270; 59 9 322 269; 

58\176_176282.jpg
399 362
132 58 388 336; 131 54 386 307; 132 57 382 362; 

58\176_176285.jpg
300 400
6 126 223 306; 36 133 216 311; 6 132 217 310; 

58\176_176286.jpg
400 300
84 12 322 278; 131 71 319 284; 49 15 324 281; 

58\176_176287.jpg
266 400
121 14 225 369; 109 16 228 372; 114 16 228 372; 

58\176_176305.jpg
400 290
80 26 278 200; 80 30 276 197; 81 32 278 198; 

58\176_176310.jpg
399 300
130 16 360 267; 128 13 370 262; 127 15 370 261; 

58\176_176314.jpg
300 400
74 36 253 366; 76 41 250 366; 76 35 249 366; 

58\176_176356.jpg
400 262
34 58 176 201; 9 29 232 198; 8 29 232 200; 

58\176_176357.jpg
400 266
8 36 258 261; 5 35 262 266; 2 36 261 266; 

58\176_176364.jpg
400 320
94 110 358 264; 6 86 350 262; 6 89 351 259; 

58\176_176373.jpg
400 320
88 88 344 262; 51 86 354 284; 51 86 354 284; 

58\176_176379.jpg
400 266
46 52 252 229; 34 54 256 239; 29 53 337 238; 

58\176_176381.jpg
400 320
76 58 182 290; 77 62 180 294; 76 62 179 292; 

58\176_176386.jpg
400 268
82 24 306 224; 92 24 305 221; 92 24 304 225; 

58\176_176390.jpg
399 299
88 18 386 224; 88 2 391 224; 89 0 392 226; 

58\176_176392.jpg
400 370
118 100 374 366; 116 100 376 352; 118 102 374 350; 

58\176_176395.jpg
400 280
160 78 360 192; 159 79 400 212; 159 79 398 214; 

58\176_176396.jpg
400 300
112 108 294 254; 111 108 288 291; 112 109 301 290; 

58\176_176400.jpg
400 320
68 94 190 310; 69 96 191 279; 69 96 189 278; 

58\176_176401.jpg
400 320
54 62 186 274; 52 51 214 264; 52 52 187 264; 

58\176_176402.jpg
320 400
44 119 195 354; 44 120 196 346; 44 122 194 347; 

58\176_176409.jpg
400 300
194 126 352 212; 195 126 356 210; 196 128 357 214; 

58\176_176411.jpg
400 335
122 18 274 251; 124 14 274 253; 124 15 273 252; 

58\176_176438.jpg
400 266
213 28 389 260; 209 112 371 259; 208 116 373 256; 

58\176_176439.jpg
400 266
20 81 206 197; 22 18 232 209; 18 87 214 219; 

58\176_176452.jpg
400 400
96 74 260 370; 24 87 382 372; 139 88 274 370; 

58\176_176455.jpg
400 291
28 52 336 223; 23 53 341 235; 25 52 338 246; 

58\176_176461.jpg
232 400
46 68 142 378; 51 68 145 375; 52 68 145 374; 

58\176_176465.jpg
399 303
103 65 362 247; 99 77 358 247; 95 74 399 296; 

58\176_176470.jpg
320 400
34 32 209 241; 35 32 211 223; 36 32 212 222; 

58\176_176474.jpg
400 301
19 91 384 280; 19 90 391 264; 19 92 390 261; 

58\176_176478.jpg
400 261
17 71 273 258; 16 87 116 257; 16 72 309 258; 

58\176_176494.jpg
400 266
58 16 342 192; 62 14 352 194; 57 17 352 191; 

58\176_176498.jpg
400 363
66 56 298 299; 64 58 299 281; 91 57 300 282; 

58\176_176513.jpg
400 282
46 56 316 281; 47 22 326 282; 46 24 379 282; 

58\176_176526.jpg
400 400
44 30 374 318; 42 29 366 302; 40 28 368 302; 

58\176_176537.jpg
290 400
9 76 198 382; 79 76 198 398; 1 78 198 400; 

58\176_176561.jpg
400 266
34 28 346 197; 31 44 349 236; 31 44 399 235; 

58\176_176566.jpg
400 266
60 32 358 229; 44 21 361 248; 36 2 362 266; 

58\176_176574.jpg
400 266
10 21 276 257; 11 24 246 262; 3 18 291 263; 

58\176_176577.jpg
400 305
106 106 252 297; 109 105 251 236; 106 107 251 299; 

58\176_176587.jpg
400 300
56 24 386 226; 69 21 294 251; 69 22 393 251; 

58\176_176594.jpg
300 400
76 74 229 304; 80 145 224 275; 37 67 271 295; 

58\176_176604.jpg
400 311
12 34 366 225; 8 29 366 229; 11 29 367 233; 

58\176_176617.jpg
266 400
94 84 249 396; 87 81 246 399; 90 81 245 400; 

58\176_176624.jpg
266 400
58 10 220 290; 57 6 228 208; 56 4 227 209; 

58\176_176633.jpg
266 400
30 84 218 382; 12 11 262 229; 12 12 262 231; 

58\176_176634.jpg
266 400
34 112 200 334; 2 38 244 259; 0 41 244 256; 

58\176_176635.jpg
266 400
50 92 212 382; 19 32 242 222; 20 32 242 221; 

58\176_176636.jpg
266 400
44 40 202 260; 41 41 205 208; 44 41 204 209; 

58\176_176637.jpg
266 400
54 88 204 298; 19 28 227 203; 19 28 226 204; 

58\176_176638.jpg
400 266
116 12 310 204; 67 14 312 266; 67 16 311 266; 

58\176_176649.jpg
266 400
14 102 216 312; 13 105 216 308; 14 103 218 311; 

58\176_176658.jpg
266 400
54 76 239 389; 15 77 229 329; 16 76 252 400; 

58\176_176664.jpg
266 400
62 122 204 362; 64 124 205 362; 65 125 203 311; 

58\176_176666.jpg
266 400
38 118 266 397; 56 87 165 235; 56 88 164 204; 

58\176_176713.jpg
266 400
72 38 198 376; 68 38 199 377; 71 40 199 376; 

58\176_176715.jpg
266 400
10 76 225 366; 10 68 262 400; 12 67 261 400; 

58\176_176716.jpg
400 266
44 0 248 262; 46 102 231 266; 12 0 263 236; 

58\176_176717.jpg
266 400
46 42 248 358; 48 38 252 398; 48 41 252 400; 

58\176_176728.jpg
342 400
58 24 285 306; 70 23 292 271; 74 25 286 270; 

58\176_176737.jpg
400 266
108 36 296 229; 104 46 294 243; 106 49 387 266; 

58\176_176745.jpg
400 266
86 34 366 222; 84 23 391 265; 85 21 391 266; 

58\176_176761.jpg
400 303
267 47 388 252; 270 44 386 252; 269 45 386 252; 

58\176_176762.jpg
400 266
227 28 376 264; 227 23 390 265; 228 24 381 266; 

58\176_176765.jpg
300 400
78 18 220 314; 84 19 216 244; 81 19 215 324; 

58\176_176768.jpg
400 296
151 79 358 293; 163 78 372 296; 42 79 314 296; 

58\176_176798.jpg
400 266
28 24 227 264; 26 10 225 266; 29 9 224 266; 

58\176_176799.jpg
384 317
157 54 377 233; 160 37 384 222; 58 107 336 228; 

58\176_176800.jpg
400 266
36 28 302 264; 122 6 239 185; 122 8 239 184; 

58\176_176801.jpg
266 400
2 36 156 363; 1 47 137 317; 0 48 259 400; 

58\176_176809.jpg
400 213
54 48 198 155; 39 44 236 164; 46 42 209 169; 

58\176_176811.jpg
400 201
30 58 256 137; 39 60 261 137; 42 62 258 138; 

58\176_176817.jpg
305 400
26 34 209 234; 28 34 206 237; 29 38 210 235; 

58\176_176822.jpg
400 248
162 26 348 142; 161 26 392 142; 161 26 391 149; 

58\176_176826.jpg
400 266
24 68 246 263; 34 54 253 266; 36 31 249 266; 

58\176_176827.jpg
400 266
51 38 224 251; 47 46 221 258; 53 46 222 258; 

58\176_176844.jpg
400 300
42 71 281 238; 38 76 282 246; 38 78 284 246; 

58\176_176917.jpg
400 296
216 24 354 294; 217 22 354 296; 218 22 354 296; 

58\176_176923.jpg
400 266
6 22 142 240; 4 19 146 241; 4 21 144 245; 

58\176_176925.jpg
400 200
138 14 348 176; 139 14 351 157; 140 15 350 172; 

58\176_176938.jpg
400 266
46 25 281 204; 41 28 286 207; 40 28 287 207; 

58\176_176941.jpg
400 400
68 30 326 326; 66 26 393 326; 69 30 315 307; 

58\176_176943.jpg
400 200
60 20 220 166; 52 20 221 171; 57 20 218 169; 

58\176_176947.jpg
400 200
30 64 218 182; 32 61 223 191; 32 62 221 191; 

58\176_176970.jpg
400 263
78 30 338 207; 63 40 341 203; 1 3 340 262; 

58\176_176971.jpg
400 388
16 38 252 382; 125 26 262 386; 0 26 262 388; 

58\176_176982.jpg
400 296
80 32 349 227; 80 31 350 226; 81 32 348 229; 

