308

63\189_189002.jpg
400 341
18 153 371 320; 14 144 372 319; 20 147 371 316; 

63\189_189008.jpg
400 253
32 62 346 221; 28 60 361 217; 0 61 400 252; 

63\189_189012.jpg
280 400
38 42 257 308; 1 43 259 288; 1 44 256 400; 

63\189_189016.jpg
266 400
164 21 260 162; 162 25 261 154; 167 21 261 154; 

63\189_189021.jpg
400 246
66 26 382 176; 41 22 386 188; 42 24 399 192; 

63\189_189022.jpg
271 400
91 44 234 396; 93 43 261 202; 89 48 266 202; 

63\189_189025.jpg
400 400
126 46 314 354; 120 45 327 196; 125 46 330 204; 

63\189_189026.jpg
400 345
148 89 349 248; 151 91 368 338; 151 89 364 340; 

63\189_189032.jpg
400 300
119 87 360 248; 120 83 398 256; 120 86 399 256; 

63\189_189033.jpg
267 399
72 37 203 328; 66 37 208 359; 60 37 205 360; 

63\189_189034.jpg
336 400
47 52 292 324; 46 24 299 374; 48 26 297 374; 

63\189_189036.jpg
400 255
56 68 348 205; 57 65 369 232; 55 68 366 238; 

63\189_189041.jpg
400 400
51 93 248 377; 51 96 169 345; 52 94 275 375; 

63\189_189045.jpg
400 266
131 90 339 208; 131 91 381 209; 131 93 380 208; 

63\189_189047.jpg
292 400
140 56 256 376; 142 59 256 255; 142 58 255 400; 

63\189_189049.jpg
400 375
150 58 280 323; 151 58 285 328; 145 60 285 332; 

63\189_189052.jpg
345 400
102 96 269 312; 100 98 265 313; 104 99 266 314; 

63\189_189055.jpg
400 354
64 88 300 338; 58 83 299 339; 59 81 294 336; 

63\189_189056.jpg
266 400
108 58 182 208; 109 57 184 208; 111 58 183 208; 

63\189_189058.jpg
400 267
108 43 272 185; 121 41 271 184; 122 44 271 184; 

63\189_189060.jpg
400 282
148 52 290 208; 149 52 374 206; 150 52 372 186; 

63\189_189062.jpg
338 400
92 42 269 252; 52 39 268 368; 51 41 268 369; 

63\189_189065.jpg
400 163
26 36 380 113; 3 38 381 119; 0 37 381 116; 

63\189_189068.jpg
285 400
20 56 256 326; 49 49 256 304; 51 52 254 249; 

63\189_189083.jpg
266 400
14 80 245 333; 14 75 249 239; 13 75 253 248; 

63\189_189084.jpg
400 266
98 28 352 264; 93 29 399 266; 95 29 391 266; 

63\189_189089.jpg
400 274
114 18 348 263; 59 18 322 261; 60 19 345 262; 

63\189_189090.jpg
400 300
86 44 332 268; 81 35 333 277; 96 32 336 275; 

63\189_189091.jpg
400 288
120 20 366 252; 137 21 369 252; 138 22 369 251; 

63\189_189095.jpg
400 251
112 99 319 219; 118 101 321 220; 118 100 317 221; 

63\189_189097.jpg
400 300
21 48 274 207; 0 50 272 224; 0 51 275 220; 

63\189_189100.jpg
400 300
94 74 339 257; 171 71 343 269; 168 74 359 286; 

63\189_189107.jpg
400 300
44 36 346 252; 47 72 282 242; 45 32 316 239; 

63\189_189111.jpg
400 300
20 30 290 266; 15 29 283 268; 19 31 286 270; 

63\189_189112.jpg
400 367
28 28 350 287; 19 34 354 284; 22 35 396 304; 

63\189_189120.jpg
400 300
4 3 257 287; 2 16 232 299; 2 0 252 300; 

63\189_189133.jpg
400 275
52 30 246 171; 51 29 253 131; 52 32 248 159; 

63\189_189139.jpg
400 300
86 74 194 276; 93 81 158 282; 6 70 291 281; 

63\189_189142.jpg
376 400
66 22 349 258; 63 14 368 218; 66 14 361 215; 

63\189_189146.jpg
400 297
92 9 284 147; 91 4 321 219; 39 2 321 224; 

63\189_189148.jpg
400 301
168 14 354 236; 96 18 345 228; 96 17 389 251; 

63\189_189150.jpg
399 269
146 23 325 212; 144 22 325 211; 143 21 325 211; 

63\189_189151.jpg
400 394
18 47 330 265; 15 48 330 267; 14 47 329 361; 

63\189_189157.jpg
400 263
28 10 203 201; 29 5 206 174; 30 8 202 209; 

63\189_189158.jpg
400 270
20 9 186 238; 21 7 192 196; 18 8 191 238; 

63\189_189163.jpg
400 303
111 32 286 295; 101 30 291 289; 99 28 288 292; 

63\189_189169.jpg
400 320
40 52 334 294; 47 111 249 291; 9 3 317 288; 

63\189_189188.jpg
400 310
44 60 185 271; 41 61 184 279; 38 62 186 290; 

63\189_189189.jpg
399 306
227 121 358 232; 230 126 362 269; 230 124 362 269; 

63\189_189190.jpg
400 385
174 139 320 346; 171 137 321 347; 173 138 320 350; 

63\189_189216.jpg
400 266
123 31 271 246; 126 31 270 249; 124 32 266 242; 

63\189_189223.jpg
400 320
142 158 349 263; 136 156 354 259; 138 156 358 264; 

63\189_189227.jpg
300 400
66 25 226 390; 63 27 229 302; 66 23 229 305; 

63\189_189228.jpg
266 400
96 50 161 238; 97 33 159 233; 97 63 157 233; 

63\189_189231.jpg
274 400
41 158 149 368; 39 152 148 369; 36 154 148 374; 

63\189_189236.jpg
164 399
42 68 132 326; 39 65 122 325; 43 48 133 360; 

63\189_189242.jpg
399 256
62 66 272 199; 62 70 234 195; 63 69 232 197; 

63\189_189247.jpg
259 399
42 62 210 393; 48 62 194 301; 47 63 211 384; 

63\189_189249.jpg
400 300
76 58 226 274; 79 56 221 272; 80 58 220 169; 

63\189_189250.jpg
263 399
57 98 175 289; 55 102 177 399; 51 100 175 400; 

63\189_189253.jpg
399 399
108 116 240 254; 107 116 240 254; 108 117 240 253; 

63\189_189255.jpg
400 338
72 61 292 286; 75 66 295 336; 74 13 390 338; 

63\189_189257.jpg
400 400
26 18 308 302; 26 15 312 303; 28 15 311 305; 

63\189_189269.jpg
400 266
82 42 216 219; 81 41 215 248; 81 41 215 252; 

63\189_189280.jpg
400 266
64 12 310 262; 63 12 306 176; 64 13 326 266; 

63\189_189291.jpg
400 300
79 79 188 297; 75 80 189 296; 78 81 188 296; 

63\189_189304.jpg
400 266
86 20 302 241; 84 26 308 245; 85 21 308 243; 

63\189_189331.jpg
400 300
78 22 296 181; 78 35 298 178; 102 22 298 185; 

63\189_189336.jpg
400 320
188 74 312 312; 192 69 316 319; 192 70 314 320; 

63\189_189340.jpg
320 400
30 220 158 392; 26 211 179 400; 22 211 179 400; 

63\189_189358.jpg
400 266
92 20 322 222; 91 19 324 224; 91 19 321 224; 

63\189_189369.jpg
400 317
98 30 373 268; 126 80 377 264; 70 28 378 265; 

63\189_189371.jpg
400 300
60 50 250 282; 79 48 249 271; 10 49 249 270; 

63\189_189373.jpg
400 339
14 28 349 247; 9 47 279 182; 11 21 281 182; 

63\189_189380.jpg
399 399
70 172 394 393; 67 174 397 397; 70 173 400 400; 

63\189_189395.jpg
400 300
108 71 386 295; 103 65 391 299; 106 72 390 300; 

63\189_189396.jpg
400 295
15 74 202 289; 0 75 206 295; 0 76 205 295; 

63\189_189398.jpg
400 300
68 74 378 296; 69 72 382 300; 68 75 384 300; 

63\189_189410.jpg
266 400
58 40 214 282; 58 31 218 292; 60 31 213 289; 

63\189_189419.jpg
266 399
66 92 237 304; 9 88 255 311; 10 89 257 311; 

63\189_189422.jpg
399 346
48 48 340 316; 88 105 265 310; 90 107 298 329; 

63\189_189427.jpg
400 265
78 26 300 254; 135 27 312 184; 130 26 299 182; 

63\189_189436.jpg
253 400
0 111 189 326; 3 136 169 306; 2 115 168 305; 

63\189_189445.jpg
400 262
78 85 366 211; 77 84 352 209; 78 82 356 210; 

63\189_189446.jpg
400 254
44 94 261 222; 33 91 261 211; 34 92 260 213; 

63\189_189447.jpg
227 400
42 118 199 388; 43 120 201 400; 42 119 200 400; 

63\189_189449.jpg
400 151
183 6 344 147; 137 6 348 151; 138 4 348 151; 

63\189_189450.jpg
300 400
9 98 236 395; 4 96 252 396; 1 96 249 399; 

63\189_189451.jpg
300 400
57 22 242 364; 54 25 242 366; 55 21 242 365; 

63\189_189453.jpg
400 320
186 71 344 230; 182 63 351 232; 185 65 351 230; 

63\189_189454.jpg
400 400
28 42 331 354; 32 41 339 356; 30 39 336 355; 

63\189_189457.jpg
400 300
52 18 256 296; 47 18 262 300; 44 16 261 300; 

63\189_189458.jpg
400 266
48 124 186 242; 45 121 188 248; 42 121 188 249; 

63\189_189459.jpg
400 266
202 36 326 187; 205 41 394 191; 202 38 394 189; 

63\189_189492.jpg
320 400
90 92 282 356; 91 99 281 359; 81 100 284 356; 

63\189_189493.jpg
320 400
56 56 222 290; 53 59 221 291; 59 59 222 289; 

63\189_189494.jpg
320 400
56 72 256 334; 59 64 261 334; 56 65 260 335; 

63\189_189496.jpg
320 400
54 92 270 308; 48 92 269 309; 54 92 271 309; 

63\189_189513.jpg
400 266
110 24 300 251; 111 17 309 254; 111 14 305 253; 

63\189_189515.jpg
400 311
72 101 328 273; 71 96 333 279; 75 91 342 278; 

63\189_189528.jpg
400 320
54 39 298 297; 48 38 373 301; 54 36 389 320; 

63\189_189555.jpg
400 286
80 74 330 264; 109 97 305 255; 0 0 331 253; 

63\189_189556.jpg
400 266
97 84 285 189; 93 88 282 187; 90 84 280 201; 

63\189_189560.jpg
260 400
72 110 248 359; 67 108 222 301; 70 108 260 400; 

63\189_189628.jpg
400 266
130 60 334 263; 93 37 343 266; 95 38 341 266; 

63\189_189629.jpg
400 266
76 52 326 263; 69 54 331 266; 69 52 330 266; 

63\189_189630.jpg
266 400
60 60 209 350; 37 55 212 299; 37 58 211 400; 

63\189_189631.jpg
400 266
68 74 270 263; 56 14 274 266; 55 14 275 266; 

63\189_189632.jpg
400 266
68 72 268 263; 54 17 272 266; 55 18 276 266; 

63\189_189633.jpg
400 266
82 68 302 263; 75 7 309 266; 74 9 308 266; 

63\189_189634.jpg
400 266
52 44 220 263; 47 11 223 266; 44 13 230 266; 

63\189_189635.jpg
400 266
152 20 310 265; 152 18 314 246; 118 2 362 242; 

63\189_189637.jpg
400 266
94 20 354 263; 169 4 359 224; 171 6 356 266; 

63\189_189638.jpg
400 266
76 9 305 263; 77 1 306 236; 75 2 304 266; 

63\189_189648.jpg
400 266
2 11 242 265; 2 67 144 254; 0 1 250 266; 

63\189_189651.jpg
400 266
184 44 340 263; 182 26 342 266; 188 27 349 266; 

63\189_189652.jpg
400 266
196 16 341 263; 193 16 346 266; 191 16 345 266; 

63\189_189653.jpg
400 266
152 10 384 264; 148 8 387 266; 149 9 385 266; 

63\189_189654.jpg
400 266
186 14 348 263; 189 14 356 266; 190 13 356 266; 

63\189_189656.jpg
400 266
196 18 372 259; 189 18 369 258; 191 17 368 257; 

63\189_189658.jpg
266 400
8 70 231 318; 7 10 245 373; 7 10 243 371; 

63\189_189668.jpg
400 266
54 20 274 265; 51 21 278 266; 54 21 275 266; 

63\189_189669.jpg
266 400
10 52 189 394; 10 43 239 400; 11 46 237 400; 

63\189_189670.jpg
266 400
26 40 192 396; 2 41 238 400; 4 44 234 400; 

63\189_189690.jpg
400 300
156 78 286 196; 158 76 281 198; 159 79 275 195; 

63\189_189701.jpg
400 300
124 106 246 250; 139 106 246 196; 139 108 245 198; 

63\189_189731.jpg
400 265
111 43 350 229; 106 42 393 228; 106 42 394 225; 

63\189_189749.jpg
400 305
111 121 275 259; 117 121 271 259; 112 122 272 260; 

63\189_189759.jpg
399 299
94 22 264 181; 91 24 273 182; 91 22 252 185; 

63\189_189765.jpg
400 266
63 21 374 209; 59 26 378 194; 59 27 375 199; 

63\189_189777.jpg
400 320
126 82 292 236; 129 81 297 236; 130 78 295 238; 

63\189_189791.jpg
399 378
76 98 322 330; 72 100 322 325; 73 100 321 326; 

63\189_189839.jpg
400 300
84 10 338 262; 87 9 339 259; 86 10 338 259; 

63\189_189840.jpg
400 300
25 68 386 222; 24 70 389 234; 24 70 389 241; 

63\189_189899.jpg
400 300
48 2 265 298; 72 61 248 296; 40 41 249 298; 

63\189_189906.jpg
400 300
123 31 362 298; 167 89 360 245; 169 32 341 244; 

63\189_189909.jpg
400 300
6 22 182 295; 24 52 151 196; 28 39 149 196; 

63\189_189910.jpg
400 300
0 16 238 282; 17 78 186 258; 15 31 191 256; 

63\189_189911.jpg
400 300
104 70 396 298; 216 88 377 249; 216 72 380 241; 

63\189_189913.jpg
400 300
130 9 365 298; 148 61 381 300; 125 0 326 194; 

63\189_189914.jpg
400 300
48 40 302 298; 106 89 282 290; 49 26 285 289; 

63\189_189915.jpg
400 300
168 4 374 298; 211 121 381 291; 211 68 376 288; 

63\189_189916.jpg
400 300
163 28 370 298; 209 112 368 286; 209 60 371 280; 

63\189_189941.jpg
266 400
24 133 211 320; 62 132 212 324; 57 134 217 322; 

63\189_189947.jpg
400 285
152 74 270 278; 152 74 271 279; 134 74 271 279; 

63\189_189978.jpg
400 300
126 49 308 290; 132 48 276 281; 131 49 309 300; 

63\189_189982.jpg
400 300
115 141 232 278; 120 144 241 299; 119 146 241 300; 

63\189_189989.jpg
400 300
19 64 391 232; 14 66 399 189; 14 68 399 198; 

63\190_190011.jpg
400 400
84 31 271 378; 86 39 267 400; 82 26 268 400; 

63\190_190013.jpg
400 300
117 32 369 292; 116 35 366 299; 116 34 366 300; 

63\190_190019.jpg
266 400
32 21 226 336; 32 21 234 316; 31 21 232 400; 

63\190_190041.jpg
400 275
166 34 386 251; 180 34 375 275; 180 35 371 274; 

63\190_190075.jpg
322 400
54 68 302 358; 151 68 305 378; 148 69 304 379; 

63\190_190097.jpg
266 400
6 53 190 382; 8 52 191 333; 8 53 191 400; 

63\190_190099.jpg
320 400
16 56 254 357; 14 57 254 366; 14 56 256 379; 

63\190_190100.jpg
400 320
66 94 223 278; 63 94 224 219; 50 95 225 308; 

63\190_190101.jpg
400 320
62 31 278 275; 66 33 286 276; 68 32 281 275; 

63\190_190106.jpg
400 266
136 28 224 188; 137 29 225 188; 138 27 225 188; 

63\190_190111.jpg
400 365
70 44 318 257; 96 50 316 259; 71 44 316 256; 

63\190_190151.jpg
372 400
41 44 287 286; 43 41 262 286; 44 44 265 284; 

63\190_190154.jpg
400 259
124 74 280 223; 126 78 279 226; 128 71 279 223; 

63\190_190156.jpg
400 293
166 38 355 272; 154 38 356 268; 154 39 356 263; 

63\190_190188.jpg
400 300
100 60 298 238; 101 56 296 239; 100 62 298 240; 

63\190_190198.jpg
400 300
30 104 220 278; 27 103 221 279; 30 102 220 279; 

63\190_190199.jpg
400 304
10 5 262 281; 109 10 264 250; 107 7 262 252; 

63\190_190244.jpg
266 400
31 124 249 308; 31 128 259 306; 32 125 256 306; 

63\190_190257.jpg
400 300
72 34 330 270; 73 36 336 271; 74 36 339 271; 

63\190_190264.jpg
285 400
52 22 135 388; 43 30 129 400; 48 31 126 400; 

63\190_190266.jpg
285 400
90 32 223 380; 91 31 226 394; 91 30 225 395; 

63\190_190268.jpg
285 400
82 80 219 384; 84 75 221 381; 82 71 220 382; 

63\190_190286.jpg
400 300
48 22 340 224; 45 23 326 262; 45 22 338 265; 

63\190_190298.jpg
400 266
98 8 294 264; 111 8 300 209; 111 8 296 209; 

63\190_190302.jpg
399 215
229 59 309 198; 231 63 306 198; 234 61 305 197; 

63\190_190311.jpg
400 400
44 34 320 314; 39 27 331 312; 38 29 326 315; 

63\190_190319.jpg
400 266
154 64 318 262; 154 63 347 226; 154 64 341 224; 

63\190_190320.jpg
266 400
14 164 238 395; 5 163 238 396; 3 6 236 400; 

63\190_190324.jpg
400 266
134 106 310 225; 133 104 315 224; 140 107 318 217; 

63\190_190327.jpg
400 320
166 45 390 248; 99 46 376 275; 100 46 375 278; 

63\190_190337.jpg
400 266
80 90 312 240; 81 89 328 243; 78 91 329 243; 

63\190_190361.jpg
400 266
108 96 276 235; 111 97 273 236; 109 99 274 233; 

63\190_190362.jpg
400 266
150 58 386 241; 147 58 390 236; 150 61 400 266; 

63\190_190363.jpg
400 266
68 42 248 174; 64 44 255 176; 64 42 258 176; 

63\190_190364.jpg
400 266
0 56 328 197; 58 58 174 109; 0 54 330 198; 

63\190_190484.jpg
400 264
60 40 316 232; 54 39 309 234; 58 39 314 234; 

63\190_190512.jpg
400 369
62 48 318 331; 57 40 348 336; 60 37 348 336; 

63\190_190514.jpg
400 294
70 66 303 187; 68 51 304 185; 69 53 305 183; 

63\190_190518.jpg
281 400
70 21 255 349; 47 20 256 356; 58 21 256 363; 

63\190_190550.jpg
400 300
52 30 228 212; 19 14 257 242; 50 32 228 214; 

63\190_190595.jpg
265 400
102 119 192 350; 103 118 198 352; 102 118 198 352; 

63\190_190605.jpg
400 366
130 60 283 349; 134 61 284 366; 131 61 282 366; 

63\190_190612.jpg
241 400
45 58 229 372; 42 93 234 391; 42 1 232 394; 

63\190_190619.jpg
400 310
106 98 250 262; 66 90 253 273; 66 91 251 271; 

63\190_190623.jpg
400 266
52 29 309 266; 51 28 316 266; 51 29 315 266; 

63\190_190628.jpg
400 251
46 42 250 248; 45 19 351 239; 38 21 350 241; 

63\190_190631.jpg
400 323
81 79 292 254; 78 79 256 259; 79 78 305 259; 

63\190_190632.jpg
400 322
116 66 271 290; 61 66 271 289; 62 66 270 288; 

63\190_190633.jpg
400 285
110 60 298 177; 81 58 301 178; 81 59 301 179; 

63\190_190634.jpg
400 314
50 66 306 307; 33 65 302 270; 35 67 400 314; 

63\190_190635.jpg
301 400
67 40 235 294; 68 39 237 338; 68 39 236 356; 

63\190_190636.jpg
325 400
81 64 239 274; 81 56 237 271; 84 58 238 312; 

63\190_190650.jpg
400 398
120 72 256 327; 124 64 259 318; 126 64 260 319; 

63\190_190657.jpg
400 201
54 70 336 199; 51 70 369 201; 34 68 355 200; 

63\190_190678.jpg
400 266
144 34 274 212; 147 35 274 211; 149 37 272 211; 

63\190_190679.jpg
400 361
114 40 272 289; 117 39 269 291; 116 42 271 291; 

63\190_190712.jpg
400 265
54 57 336 210; 54 60 338 214; 58 61 336 212; 

63\190_190771.jpg
400 266
38 78 254 263; 15 78 219 206; 14 79 220 208; 

63\190_190772.jpg
400 266
36 92 261 222; 36 101 269 222; 38 99 226 222; 

63\190_190774.jpg
400 266
140 126 316 263; 114 79 322 266; 141 127 316 266; 

63\190_190775.jpg
400 266
56 55 324 263; 0 54 322 266; 0 52 324 266; 

63\190_190778.jpg
400 266
133 21 230 263; 133 17 234 266; 132 16 231 266; 

63\190_190781.jpg
400 266
195 67 319 253; 197 65 317 252; 196 66 315 252; 

63\190_190782.jpg
400 266
36 70 374 216; 38 26 399 212; 39 32 399 213; 

63\190_190783.jpg
400 266
159 25 259 249; 159 28 262 256; 160 28 261 257; 

63\190_190788.jpg
400 266
90 28 302 221; 84 7 307 228; 86 8 305 232; 

63\190_190789.jpg
400 266
5 19 262 264; 63 47 197 266; 0 22 301 266; 

63\190_190797.jpg
400 320
69 24 349 224; 74 24 351 222; 74 25 350 221; 

63\190_190832.jpg
324 400
80 41 219 354; 69 40 226 370; 69 40 313 368; 

63\190_190843.jpg
310 400
34 107 246 332; 27 168 218 345; 31 105 245 344; 

63\190_190856.jpg
400 301
46 85 386 228; 48 89 399 229; 50 89 398 232; 

63\190_190866.jpg
400 326
88 112 272 260; 91 113 276 266; 91 114 275 279; 

63\190_190869.jpg
400 309
38 38 366 229; 39 38 371 235; 38 38 371 233; 

63\190_190881.jpg
400 320
158 14 275 308; 159 2 279 320; 159 1 275 320; 

63\190_190893.jpg
400 266
78 124 238 197; 74 126 239 197; 78 126 238 182; 

63\190_190901.jpg
400 320
112 23 348 296; 111 26 348 218; 111 25 348 215; 

63\190_190902.jpg
293 400
53 47 231 396; 53 49 219 400; 55 48 221 400; 

63\190_190903.jpg
343 400
88 64 298 384; 88 66 238 384; 89 65 239 382; 

63\190_190969.jpg
400 266
30 46 222 236; 30 47 218 236; 30 47 221 238; 

63\190_190977.jpg
400 300
52 48 210 269; 48 21 216 279; 49 20 212 282; 

63\190_190978.jpg
400 266
26 52 344 220; 31 51 343 226; 31 47 345 226; 

63\190_190994.jpg
400 320
3 6 218 309; 4 79 197 258; 0 8 236 320; 

63\190_190999.jpg
400 355
134 124 276 249; 132 124 279 249; 135 128 278 246; 

63\191_191004.jpg
400 300
14 112 365 216; 15 116 379 216; 16 114 362 216; 

63\191_191005.jpg
400 300
14 152 351 252; 12 151 352 258; 15 152 354 255; 

63\191_191006.jpg
400 300
20 75 329 222; 18 73 332 224; 19 71 332 214; 

63\191_191007.jpg
400 300
34 88 241 231; 39 88 240 228; 40 86 241 224; 

63\191_191008.jpg
400 300
32 126 348 272; 36 131 351 272; 32 131 346 271; 

63\191_191009.jpg
400 300
38 112 392 205; 41 112 396 206; 40 114 398 210; 

63\191_191025.jpg
400 300
90 144 386 236; 87 142 398 236; 90 144 400 238; 

63\191_191083.jpg
300 400
4 7 291 236; 2 28 239 231; 0 0 298 362; 

63\191_191086.jpg
266 400
68 18 237 284; 74 6 239 242; 73 5 254 400; 

63\191_191094.jpg
266 400
23 99 234 379; 25 105 238 382; 24 98 237 382; 

63\191_191110.jpg
400 320
44 58 349 256; 119 56 348 256; 120 58 352 256; 

63\191_191113.jpg
266 400
32 48 179 359; 54 48 182 400; 54 49 179 398; 

63\191_191116.jpg
400 320
132 119 299 212; 51 121 341 218; 59 121 339 218; 

63\191_191135.jpg
400 341
66 14 334 249; 72 6 336 239; 76 9 335 243; 

63\191_191137.jpg
400 300
24 76 205 295; 24 73 207 300; 24 74 205 300; 

63\191_191139.jpg
400 266
108 52 332 263; 109 52 314 215; 108 53 344 266; 

63\191_191142.jpg
400 208
28 42 322 205; 76 12 283 186; 70 27 275 186; 

63\191_191154.jpg
400 266
28 68 368 171; 30 67 374 175; 29 69 376 173; 

63\191_191174.jpg
400 300
107 28 380 268; 112 28 376 266; 112 26 375 270; 

63\191_191181.jpg
400 266
110 40 302 265; 126 41 302 266; 128 42 301 266; 

63\191_191197.jpg
400 331
128 159 280 328; 124 161 281 329; 128 158 279 328; 

63\191_191200.jpg
400 266
8 22 276 192; 0 24 274 206; 0 22 276 202; 

63\191_191204.jpg
400 305
98 16 368 237; 119 15 369 230; 121 15 370 230; 

63\191_191208.jpg
400 266
8 22 276 192; 2 23 278 206; 0 22 275 202; 

63\191_191217.jpg
400 266
12 22 276 192; 1 21 278 204; 1 22 276 201; 

63\191_191230.jpg
400 304
58 128 268 224; 52 129 269 226; 54 131 269 232; 

63\191_191242.jpg
400 348
151 96 382 332; 148 95 396 334; 150 94 395 335; 

63\191_191243.jpg
400 300
206 88 332 262; 221 89 332 298; 200 89 331 295; 

63\191_191244.jpg
400 304
22 36 270 228; 11 34 300 232; 11 32 299 229; 

63\191_191245.jpg
400 325
64 132 304 223; 32 134 352 314; 35 134 356 311; 

63\191_191246.jpg
400 266
20 60 216 256; 3 41 234 266; 1 39 234 266; 

63\191_191247.jpg
400 341
90 61 297 251; 105 39 321 288; 104 41 320 287; 

63\191_191248.jpg
400 351
128 91 383 308; 124 89 384 313; 126 92 382 351; 

63\191_191269.jpg
400 297
148 60 332 294; 64 16 334 202; 64 21 334 202; 

63\191_191270.jpg
311 400
64 36 233 298; 71 32 239 301; 74 31 248 385; 

63\191_191271.jpg
400 266
40 28 264 265; 33 29 287 266; 29 27 284 266; 

63\191_191272.jpg
400 266
82 36 350 263; 81 37 334 266; 81 36 339 265; 

63\191_191273.jpg
400 266
84 50 310 263; 54 52 315 252; 55 53 314 256; 

63\191_191277.jpg
320 400
36 44 262 358; 95 48 268 269; 80 30 265 268; 

63\191_191278.jpg
400 266
62 38 232 228; 61 38 232 234; 61 41 231 232; 

63\191_191284.jpg
356 400
94 84 267 385; 84 90 283 390; 83 88 281 390; 

63\191_191286.jpg
399 266
103 26 302 231; 105 31 304 254; 1 29 396 256; 

63\191_191287.jpg
280 400
30 32 226 374; 31 30 216 282; 0 31 270 374; 

63\191_191291.jpg
396 400
66 74 342 350; 94 116 285 270; 94 116 287 270; 

63\191_191304.jpg
400 320
58 27 386 260; 66 26 177 259; 61 24 391 264; 

63\191_191307.jpg
281 400
42 65 233 326; 38 72 236 329; 39 74 233 328; 

63\191_191310.jpg
296 400
24 54 257 318; 25 54 258 313; 23 52 257 361; 

63\191_191311.jpg
323 400
26 76 289 338; 29 75 290 336; 29 78 290 336; 

63\191_191317.jpg
300 400
30 62 254 332; 27 62 258 352; 30 62 256 355; 

63\191_191318.jpg
285 400
16 108 279 328; 16 101 272 310; 18 101 270 308; 

63\191_191341.jpg
400 276
81 31 320 267; 81 31 318 265; 81 33 318 266; 

63\191_191363.jpg
339 400
47 76 285 356; 38 46 339 372; 46 60 338 375; 

63\191_191373.jpg
400 246
66 4 239 239; 59 4 237 246; 61 6 239 246; 

63\191_191382.jpg
400 271
114 46 294 241; 32 13 369 253; 31 14 365 244; 

63\191_191392.jpg
400 276
68 32 262 258; 76 39 269 258; 75 36 269 258; 

63\191_191418.jpg
256 400
76 16 239 178; 77 14 243 181; 73 15 242 180; 

63\191_191427.jpg
400 266
108 16 358 228; 111 18 381 233; 111 19 375 233; 

63\191_191431.jpg
320 399
38 78 295 290; 50 80 292 285; 51 84 293 289; 

63\191_191438.jpg
390 400
90 48 252 240; 99 46 259 366; 100 45 258 364; 

63\191_191447.jpg
400 329
50 22 346 285; 76 45 345 284; 70 22 346 284; 

63\191_191455.jpg
399 299
26 86 358 280; 136 85 265 282; 135 85 263 280; 

63\191_191475.jpg
400 266
26 6 304 211; 24 5 271 219; 25 9 301 261; 

63\191_191489.jpg
400 363
86 70 294 321; 79 71 299 325; 77 68 296 324; 

63\191_191491.jpg
400 263
62 26 206 201; 64 29 209 204; 62 29 208 201; 

63\191_191513.jpg
400 290
74 30 366 238; 69 29 373 244; 70 28 370 242; 

63\191_191516.jpg
400 259
44 84 362 219; 44 85 363 199; 46 82 364 227; 

63\191_191521.jpg
400 247
10 28 378 187; 8 24 398 159; 0 26 400 170; 

63\191_191527.jpg
301 400
38 100 263 364; 36 100 268 370; 38 100 264 371; 

63\191_191528.jpg
400 338
100 64 259 312; 101 64 258 312; 100 65 261 312; 

63\191_191541.jpg
340 400
42 50 296 310; 45 51 298 310; 44 49 299 346; 

63\191_191546.jpg
400 266
128 106 316 262; 105 105 324 266; 104 104 323 266; 

63\191_191547.jpg
266 400
118 96 250 296; 137 101 251 292; 118 96 251 296; 

63\191_191562.jpg
400 289
120 29 375 248; 107 27 377 242; 115 30 381 273; 

63\191_191563.jpg
400 267
108 30 362 245; 103 19 364 251; 105 21 364 249; 

63\191_191567.jpg
400 275
70 18 330 271; 69 19 336 275; 70 20 334 275; 

63\191_191576.jpg
265 400
81 94 233 398; 77 93 234 394; 80 94 231 395; 

63\191_191998.jpg
400 300
68 30 338 250; 64 74 363 253; 1 26 350 249; 

