436

66\198_198001.jpg
399 266
42 8 261 246; 96 9 262 242; 90 5 264 241; 

66\198_198009.jpg
266 399
38 0 264 282; 80 52 244 233; 75 2 252 228; 

66\198_198011.jpg
399 266
74 20 288 256; 69 31 287 265; 70 1 289 263; 

66\198_198012.jpg
399 266
244 15 391 248; 246 4 359 250; 154 6 399 266; 

66\198_198040.jpg
400 393
128 108 312 259; 131 107 313 279; 132 108 312 276; 

66\198_198044.jpg
400 321
226 92 366 308; 226 91 363 305; 228 94 364 305; 

66\198_198050.jpg
400 260
38 63 200 222; 42 66 174 221; 25 67 277 221; 

66\198_198051.jpg
400 266
29 152 262 217; 34 154 261 215; 36 154 261 214; 

66\198_198064.jpg
283 400
44 108 159 258; 46 105 153 247; 45 103 172 247; 

66\198_198070.jpg
400 266
54 42 322 265; 48 69 200 202; 50 31 373 202; 

66\198_198072.jpg
400 283
18 149 374 243; 19 149 385 237; 13 151 384 283; 

66\198_198073.jpg
400 315
38 30 214 289; 39 30 220 281; 39 31 217 297; 

66\198_198074.jpg
260 400
58 94 239 396; 93 96 239 400; 93 58 240 400; 

66\198_198078.jpg
285 399
34 48 219 376; 7 23 244 288; 7 5 239 399; 

66\198_198095.jpg
400 266
130 60 281 205; 130 58 282 207; 131 59 281 207; 

66\198_198121.jpg
265 400
34 38 231 356; 32 27 234 282; 32 29 233 400; 

66\198_198123.jpg
400 266
12 48 380 209; 16 49 183 192; 16 49 382 194; 

66\198_198145.jpg
400 300
126 31 331 236; 154 68 316 235; 126 26 371 243; 

66\198_198152.jpg
270 400
84 33 220 300; 84 30 221 318; 12 29 219 320; 

66\198_198155.jpg
293 400
177 88 279 382; 169 90 280 388; 167 86 281 386; 

66\198_198179.jpg
345 400
78 48 268 396; 71 48 268 400; 72 49 268 400; 

66\198_198182.jpg
400 400
124 46 369 348; 151 46 271 229; 152 46 272 232; 

66\198_198183.jpg
400 236
244 74 358 233; 246 69 359 236; 247 69 359 236; 

66\198_198201.jpg
400 300
154 48 360 272; 158 26 361 262; 156 27 362 261; 

66\198_198206.jpg
266 400
68 26 254 202; 71 25 250 200; 72 25 250 202; 

66\198_198209.jpg
400 259
148 10 392 244; 141 11 396 251; 142 7 395 249; 

66\198_198216.jpg
400 266
146 40 306 199; 126 39 323 216; 130 39 324 244; 

66\198_198235.jpg
270 400
72 48 200 336; 71 51 202 339; 69 51 201 394; 

66\198_198246.jpg
400 300
256 86 356 236; 243 90 373 253; 242 91 374 255; 

66\198_198251.jpg
266 400
54 26 217 354; 67 11 212 232; 55 9 218 382; 

66\198_198258.jpg
300 400
50 86 238 340; 34 86 244 345; 33 84 244 344; 

66\198_198260.jpg
400 273
64 78 346 217; 18 74 308 232; 66 78 399 229; 

66\198_198265.jpg
400 300
106 74 282 260; 84 97 302 279; 85 65 334 261; 

66\198_198266.jpg
400 299
186 82 340 225; 201 84 370 232; 197 85 366 228; 

66\198_198267.jpg
266 399
36 76 224 300; 40 78 195 262; 40 78 228 304; 

66\198_198286.jpg
400 305
114 81 286 295; 131 83 272 235; 144 82 256 206; 

66\198_198295.jpg
400 304
56 16 262 220; 51 8 269 211; 50 9 272 226; 

66\198_198322.jpg
400 295
47 61 300 257; 102 61 302 258; 39 59 299 259; 

66\198_198327.jpg
400 300
100 56 381 298; 99 58 322 216; 100 58 320 210; 

66\198_198346.jpg
266 400
66 8 203 374; 67 194 206 375; 66 4 179 371; 

66\198_198354.jpg
400 266
8 16 266 261; 86 53 222 219; 2 0 268 264; 

66\198_198357.jpg
400 261
86 20 308 242; 85 14 313 248; 88 15 311 244; 

66\198_198362.jpg
400 320
84 62 225 198; 87 61 222 191; 88 62 221 191; 

66\198_198363.jpg
400 320
36 20 296 312; 39 20 298 245; 1 19 296 320; 

66\198_198366.jpg
400 266
88 22 324 181; 88 24 326 182; 89 22 325 180; 

66\198_198378.jpg
400 296
199 27 350 285; 197 26 341 250; 195 27 341 279; 

66\198_198386.jpg
400 266
120 45 308 224; 132 55 292 216; 132 55 293 212; 

66\198_198389.jpg
218 400
24 78 187 240; 26 82 188 269; 26 79 188 241; 

66\198_198394.jpg
400 300
96 74 296 206; 103 71 294 204; 102 74 294 209; 

66\198_198396.jpg
400 300
128 108 398 244; 128 105 327 238; 127 109 400 254; 

66\198_198398.jpg
400 290
42 17 234 249; 41 16 232 230; 37 16 231 255; 

66\198_198400.jpg
400 300
56 34 184 258; 58 33 186 258; 58 35 185 257; 

66\198_198406.jpg
400 266
68 26 292 227; 68 21 298 227; 66 22 295 228; 

66\198_198435.jpg
400 315
56 26 312 299; 56 39 279 209; 58 24 313 305; 

66\198_198436.jpg
400 275
43 65 207 261; 114 79 203 216; 53 66 212 217; 

66\198_198437.jpg
400 286
40 64 306 229; 168 108 304 206; 146 12 314 205; 

66\198_198438.jpg
400 266
68 10 310 264; 138 88 261 238; 96 2 311 237; 

66\198_198441.jpg
400 313
104 34 298 222; 103 36 296 206; 107 37 296 204; 

66\198_198450.jpg
400 300
26 84 366 254; 25 86 367 256; 24 87 367 255; 

66\198_198461.jpg
399 296
7 9 190 250; 31 43 192 272; 4 5 191 288; 

66\198_198462.jpg
400 266
52 74 282 264; 54 75 285 199; 56 76 284 195; 

66\198_198471.jpg
400 256
206 39 386 198; 211 48 369 196; 208 42 388 198; 

66\198_198472.jpg
400 343
142 22 362 309; 145 23 364 185; 145 24 367 187; 

66\198_198474.jpg
290 400
52 82 236 380; 55 105 228 279; 52 21 236 380; 

66\198_198478.jpg
384 399
38 116 222 356; 30 191 204 366; 8 117 224 368; 

66\198_198481.jpg
300 400
84 80 250 390; 83 80 252 399; 82 81 254 400; 

66\198_198484.jpg
400 300
160 62 334 274; 161 108 335 251; 160 48 334 246; 

66\198_198493.jpg
369 400
15 175 215 385; 16 175 205 378; 15 176 215 378; 

66\198_198494.jpg
400 300
102 90 342 278; 106 92 342 269; 108 92 341 268; 

66\198_198500.jpg
400 293
45 38 205 291; 61 36 201 200; 32 35 201 294; 

66\198_198503.jpg
400 400
35 105 286 262; 129 117 229 230; 5 77 357 271; 

66\198_198514.jpg
400 266
102 44 266 230; 104 9 267 234; 103 8 266 234; 

66\198_198515.jpg
400 331
158 84 302 179; 155 76 304 181; 154 88 289 186; 

66\198_198517.jpg
266 400
50 88 229 262; 55 114 226 260; 52 72 232 259; 

66\198_198520.jpg
400 266
96 8 324 253; 98 11 325 258; 99 11 325 256; 

66\198_198525.jpg
266 400
111 76 192 378; 113 68 197 396; 102 8 199 398; 

66\198_198527.jpg
399 395
14 113 351 385; 139 143 359 331; 120 28 383 381; 

66\198_198541.jpg
309 399
54 53 137 378; 55 53 138 384; 57 52 135 386; 

66\198_198542.jpg
266 400
6 32 209 296; 44 33 214 301; 0 32 253 304; 

66\198_198545.jpg
400 266
49 55 221 265; 44 52 225 265; 47 55 224 266; 

66\198_198568.jpg
400 310
142 20 382 285; 142 19 384 289; 145 19 383 290; 

66\198_198569.jpg
317 400
72 24 286 288; 134 103 248 220; 72 21 297 288; 

66\198_198586.jpg
400 266
124 61 248 263; 135 62 261 263; 53 51 326 172; 

66\198_198603.jpg
400 338
154 112 356 308; 155 111 354 309; 157 109 354 309; 

66\198_198604.jpg
400 387
96 94 292 303; 89 94 301 304; 92 94 299 303; 

66\198_198626.jpg
285 400
72 84 212 313; 71 142 218 276; 31 32 239 274; 

66\198_198632.jpg
400 303
84 6 307 285; 84 6 311 249; 84 8 312 289; 

66\198_198634.jpg
400 202
138 22 280 149; 139 21 334 146; 138 21 269 117; 

66\198_198636.jpg
400 266
80 16 326 249; 64 6 351 209; 65 3 351 266; 

66\198_198638.jpg
266 400
64 54 199 376; 68 51 199 381; 68 52 198 379; 

66\198_198640.jpg
400 266
142 84 398 265; 129 87 398 266; 130 87 400 266; 

66\198_198641.jpg
400 266
114 49 347 263; 156 81 330 266; 132 73 335 266; 

66\198_198642.jpg
400 331
19 19 244 258; 20 22 239 257; 19 22 238 258; 

66\198_198650.jpg
400 374
44 87 294 294; 47 91 272 288; 47 91 298 343; 

66\198_198651.jpg
400 377
90 38 300 346; 92 29 282 292; 91 30 370 346; 

66\198_198657.jpg
400 261
19 19 244 244; 21 19 242 243; 20 20 241 243; 

66\198_198659.jpg
400 300
126 60 314 246; 126 59 314 246; 129 61 314 245; 

66\198_198660.jpg
399 388
62 68 326 318; 31 43 367 334; 41 69 346 324; 

66\198_198673.jpg
400 300
218 106 346 296; 197 103 398 300; 199 111 397 299; 

66\198_198680.jpg
266 400
24 96 192 348; 26 95 212 358; 26 101 208 367; 

66\198_198682.jpg
400 326
58 82 280 261; 55 81 317 265; 55 82 313 264; 

66\198_198696.jpg
400 300
40 0 314 228; 8 129 238 298; 11 99 238 298; 

66\198_198714.jpg
285 400
72 84 211 274; 74 142 218 277; 30 29 255 276; 

66\198_198720.jpg
400 300
90 38 320 264; 91 38 323 266; 92 39 322 266; 

66\198_198728.jpg
400 339
154 132 342 289; 155 133 342 292; 156 132 342 289; 

66\198_198736.jpg
400 350
62 42 340 316; 58 108 283 319; 58 34 341 316; 

66\198_198737.jpg
285 400
72 84 211 274; 72 142 216 274; 28 29 245 275; 

66\198_198748.jpg
399 319
110 10 354 198; 111 8 360 197; 112 10 360 198; 

66\198_198757.jpg
271 400
40 126 226 399; 21 129 231 400; 22 129 231 400; 

66\198_198760.jpg
400 266
141 19 346 236; 139 19 345 184; 155 22 343 168; 

66\198_198762.jpg
400 266
18 30 266 249; 21 16 264 161; 22 16 265 159; 

66\198_198768.jpg
400 320
134 48 336 250; 134 61 323 246; 138 49 323 246; 

66\198_198769.jpg
400 266
42 28 299 234; 49 24 292 232; 48 25 293 238; 

66\198_198779.jpg
400 266
78 68 293 237; 76 69 286 238; 74 34 318 241; 

66\198_198781.jpg
400 300
172 112 382 276; 173 112 386 278; 175 112 384 278; 

66\198_198783.jpg
399 352
58 56 348 305; 116 78 353 281; 57 31 350 307; 

66\198_198788.jpg
400 297
16 72 194 215; 16 76 198 224; 17 76 197 230; 

66\198_198803.jpg
400 299
72 114 252 244; 74 107 241 241; 76 172 162 241; 

66\198_198810.jpg
289 400
71 122 250 385; 14 118 251 228; 17 118 249 391; 

66\198_198813.jpg
400 266
20 62 384 207; 19 62 299 205; 21 64 386 206; 

66\198_198816.jpg
400 316
180 156 357 262; 182 106 357 265; 184 109 354 261; 

66\198_198818.jpg
400 300
8 82 378 270; 17 112 189 247; 6 83 380 273; 

66\198_198837.jpg
252 399
21 80 174 394; 6 80 176 400; 10 81 174 400; 

66\198_198838.jpg
400 151
40 42 342 121; 40 40 399 123; 40 42 400 125; 

66\198_198839.jpg
276 399
40 96 218 398; 58 97 218 252; 24 97 277 400; 

66\198_198843.jpg
400 300
28 52 356 268; 123 54 348 267; 31 53 400 264; 

66\198_198849.jpg
336 400
112 33 320 204; 112 36 319 205; 113 36 319 203; 

66\198_198850.jpg
399 263
102 34 298 229; 102 36 300 231; 103 35 298 230; 

66\198_198851.jpg
400 267
194 31 396 171; 196 34 392 172; 197 34 392 171; 

66\198_198852.jpg
400 264
46 28 364 226; 91 110 301 181; 46 29 364 226; 

66\198_198864.jpg
400 285
136 86 346 282; 134 88 344 258; 136 88 344 285; 

66\198_198866.jpg
302 400
53 84 226 364; 14 38 232 226; 15 38 231 226; 

66\198_198868.jpg
388 400
58 58 282 334; 133 121 237 249; 109 29 277 249; 

66\198_198898.jpg
400 270
72 22 214 224; 69 23 216 195; 56 23 214 266; 

66\198_198900.jpg
400 270
164 72 336 224; 194 73 336 245; 171 72 335 241; 

66\198_198907.jpg
400 211
72 20 332 201; 200 20 332 202; 73 20 331 201; 

66\198_198915.jpg
372 400
96 98 276 392; 94 111 276 310; 76 76 276 313; 

66\198_198918.jpg
266 399
60 66 259 334; 64 67 265 343; 62 65 265 342; 

66\198_198937.jpg
266 400
44 36 208 320; 44 38 165 319; 43 37 206 321; 

66\198_198939.jpg
399 299
124 34 392 242; 127 42 397 272; 128 44 398 271; 

66\198_198943.jpg
130 400
14 71 111 370; 11 60 109 383; 9 42 110 386; 

66\198_198953.jpg
334 400
72 31 212 376; 71 33 214 400; 72 34 212 400; 

66\198_198958.jpg
400 258
252 66 372 252; 252 68 376 258; 251 68 376 258; 

66\198_198961.jpg
391 400
18 88 299 382; 154 88 310 242; 149 25 376 256; 

66\198_198970.jpg
400 339
86 16 314 258; 83 15 310 268; 85 15 309 268; 

66\198_198998.jpg
400 300
60 46 260 250; 59 48 259 252; 62 48 259 249; 

66\198_198999.jpg
400 313
116 74 306 222; 119 77 304 204; 121 76 306 206; 

66\199_199003.jpg
306 400
134 49 289 266; 151 134 288 272; 132 19 302 290; 

66\199_199031.jpg
285 400
72 84 211 270; 72 141 215 272; 30 29 249 274; 

66\199_199041.jpg
400 314
66 42 324 262; 66 45 324 254; 65 39 340 268; 

66\199_199045.jpg
399 319
172 32 314 310; 172 34 317 316; 173 34 316 314; 

66\199_199046.jpg
400 286
170 66 318 219; 169 109 304 206; 146 12 312 205; 

66\199_199048.jpg
400 286
72 28 316 243; 72 22 321 243; 72 22 321 242; 

66\199_199051.jpg
400 329
58 26 338 301; 60 25 339 305; 59 26 340 304; 

66\199_199052.jpg
400 280
56 107 370 279; 56 103 359 239; 18 106 356 251; 

66\199_199057.jpg
400 368
203 17 391 241; 220 39 388 235; 175 1 397 267; 

66\199_199058.jpg
400 334
100 34 332 296; 126 2 329 296; 157 62 329 294; 

66\199_199059.jpg
400 300
128 84 358 264; 129 86 360 269; 129 87 359 272; 

66\199_199061.jpg
400 300
41 8 182 281; 41 8 182 292; 28 8 184 296; 

66\199_199069.jpg
400 283
152 48 396 229; 154 49 301 284; 152 45 400 284; 

66\199_199073.jpg
400 400
74 42 292 252; 72 42 296 258; 74 44 291 254; 

66\199_199085.jpg
300 400
42 74 252 310; 42 105 252 313; 44 107 252 312; 

66\199_199106.jpg
332 400
114 172 320 386; 115 176 323 390; 118 175 323 389; 

66\199_199126.jpg
400 321
72 62 214 197; 32 21 228 211; 51 32 214 194; 

66\199_199131.jpg
266 400
6 48 247 302; 12 35 259 299; 12 34 262 299; 

66\199_199142.jpg
400 266
58 4 276 241; 110 84 201 172; 59 2 278 244; 

66\199_199143.jpg
400 335
58 60 326 306; 58 57 326 306; 61 58 328 306; 

66\199_199144.jpg
283 400
42 6 235 342; 43 7 218 269; 42 7 235 343; 

66\199_199145.jpg
400 400
140 92 254 254; 149 92 254 236; 152 94 253 235; 

66\199_199151.jpg
400 266
116 52 272 194; 99 28 295 198; 102 31 290 192; 

66\199_199155.jpg
400 266
108 32 364 207; 110 32 356 184; 115 30 358 182; 

66\199_199156.jpg
400 266
123 58 322 249; 123 60 294 251; 197 61 304 239; 

66\199_199166.jpg
340 400
44 38 132 372; 47 37 133 370; 45 37 132 370; 

66\199_199195.jpg
400 320
48 40 309 170; 44 43 309 169; 46 40 309 169; 

66\199_199197.jpg
400 300
66 88 370 236; 74 91 257 279; 29 27 372 278; 

66\199_199200.jpg
400 320
92 70 311 184; 92 69 309 185; 94 70 309 184; 

66\199_199203.jpg
400 266
50 58 274 263; 51 58 276 251; 53 58 276 253; 

66\199_199204.jpg
400 320
74 52 328 148; 74 54 332 149; 76 52 331 148; 

66\199_199206.jpg
400 320
24 10 334 248; 10 7 368 249; 11 6 367 249; 

66\199_199209.jpg
320 400
66 42 198 168; 69 42 198 168; 68 42 198 168; 

66\199_199211.jpg
336 400
38 58 290 364; 23 60 228 366; 22 61 323 367; 

66\199_199214.jpg
320 400
64 12 286 174; 61 13 286 172; 62 11 286 173; 

66\199_199215.jpg
400 320
100 30 388 192; 102 30 338 191; 101 31 399 191; 

66\199_199218.jpg
400 237
44 58 376 219; 14 14 198 205; 14 12 214 204; 

66\199_199220.jpg
383 400
149 18 349 390; 206 98 342 232; 148 2 369 400; 

66\199_199223.jpg
300 400
44 16 210 368; 58 7 191 131; 41 7 215 383; 

66\199_199231.jpg
266 400
66 38 172 354; 74 42 174 218; 72 40 174 347; 

66\199_199241.jpg
400 266
162 70 380 227; 164 71 394 228; 163 72 392 231; 

66\199_199245.jpg
400 400
99 19 293 388; 144 17 296 386; 119 14 296 388; 

66\199_199256.jpg
400 400
72 28 306 384; 70 4 308 233; 69 2 312 392; 

66\199_199257.jpg
266 400
76 22 221 372; 81 19 198 235; 66 21 208 391; 

66\199_199266.jpg
400 309
26 164 379 304; 24 165 377 309; 26 166 378 309; 

66\199_199272.jpg
400 298
80 36 202 204; 83 37 221 211; 79 36 222 202; 

66\199_199273.jpg
329 400
64 142 272 260; 66 147 274 258; 66 143 271 258; 

66\199_199280.jpg
400 276
32 14 324 164; 32 12 206 162; 32 12 325 164; 

66\199_199281.jpg
400 400
160 142 321 298; 164 141 319 299; 164 145 316 296; 

66\199_199283.jpg
265 400
50 18 191 396; 47 19 188 400; 52 19 188 400; 

66\199_199309.jpg
400 320
78 52 264 244; 79 52 264 246; 79 52 264 246; 

66\199_199321.jpg
400 341
50 66 346 330; 92 77 318 276; 99 73 328 282; 

66\199_199323.jpg
400 266
154 178 332 241; 48 153 338 238; 158 123 336 238; 

66\199_199327.jpg
400 266
66 9 259 252; 64 10 226 209; 65 10 304 222; 

66\199_199331.jpg
400 400
134 48 304 356; 166 76 342 304; 138 23 340 373; 

66\199_199347.jpg
400 317
144 60 262 187; 147 63 291 191; 145 62 290 189; 

66\199_199349.jpg
400 266
46 36 236 237; 68 106 189 238; 67 34 257 236; 

66\199_199351.jpg
320 399
34 158 294 364; 94 181 223 267; 92 130 256 299; 

66\199_199352.jpg
400 292
150 20 362 254; 203 64 362 209; 149 65 363 247; 

66\199_199357.jpg
400 266
16 82 298 236; 14 82 298 239; 13 82 298 238; 

66\199_199361.jpg
400 266
82 12 289 198; 80 14 288 199; 79 14 288 244; 

66\199_199364.jpg
400 266
151 9 367 230; 182 24 347 191; 148 9 365 223; 

66\199_199366.jpg
400 266
54 112 212 211; 55 112 211 216; 55 112 212 214; 

66\199_199367.jpg
266 400
50 114 204 362; 49 113 204 364; 50 113 204 361; 

66\199_199371.jpg
400 266
62 56 393 168; 30 59 388 162; 64 61 386 161; 

66\199_199377.jpg
400 115
60 27 344 85; 61 27 362 87; 59 28 346 86; 

66\199_199378.jpg
400 350
46 14 306 250; 48 50 308 253; 39 7 318 255; 

66\199_199393.jpg
336 399
2 128 229 396; 0 128 228 400; 2 128 229 400; 

66\199_199395.jpg
400 320
118 64 334 272; 116 66 330 271; 118 66 328 266; 

66\199_199396.jpg
400 266
58 38 346 239; 58 39 162 191; 57 17 400 248; 

66\199_199400.jpg
400 246
40 26 213 245; 35 17 203 186; 32 17 278 209; 

66\199_199401.jpg
400 267
138 24 369 263; 142 43 354 191; 140 34 354 258; 

66\199_199412.jpg
399 344
74 42 360 289; 81 40 364 296; 81 41 365 288; 

66\199_199417.jpg
400 286
58 102 212 228; 48 91 258 232; 52 92 258 233; 

66\199_199418.jpg
217 400
51 152 171 387; 54 183 168 319; 46 149 176 353; 

66\199_199420.jpg
400 300
128 78 268 244; 98 54 294 274; 79 3 378 300; 

66\199_199422.jpg
400 320
8 132 292 274; 2 129 291 271; 0 130 292 276; 

66\199_199423.jpg
400 266
12 95 341 185; 13 101 358 194; 11 101 357 195; 

66\199_199424.jpg
270 400
10 78 222 325; 11 79 223 294; 8 80 227 362; 

66\199_199425.jpg
400 289
84 54 308 193; 86 59 317 172; 81 29 343 249; 

66\199_199426.jpg
400 343
37 81 300 315; 46 100 259 299; 43 101 261 301; 

66\199_199432.jpg
400 266
164 10 332 229; 92 10 307 197; 92 11 334 255; 

66\199_199442.jpg
350 400
50 110 338 386; 48 99 345 386; 49 99 344 388; 

66\199_199443.jpg
400 250
111 57 242 242; 109 38 260 250; 95 40 263 250; 

66\199_199445.jpg
400 275
140 108 376 199; 36 107 375 254; 41 108 378 258; 

66\199_199451.jpg
400 271
76 26 332 264; 72 64 269 259; 53 23 332 265; 

66\199_199464.jpg
400 365
44 50 236 232; 42 50 238 236; 42 52 236 234; 

66\199_199466.jpg
400 265
58 91 244 261; 58 92 242 228; 62 92 239 227; 

66\199_199479.jpg
399 376
102 44 334 284; 118 72 325 275; 100 41 349 288; 

66\199_199481.jpg
400 266
98 36 342 265; 129 40 241 219; 94 38 349 266; 

66\199_199489.jpg
399 266
86 6 322 222; 76 30 308 230; 71 4 327 224; 

66\199_199492.jpg
384 400
108 12 294 386; 181 164 221 338; 109 7 296 400; 

66\199_199499.jpg
400 266
162 19 374 264; 147 18 268 119; 146 21 385 266; 

66\199_199515.jpg
400 296
86 32 253 264; 184 36 229 168; 186 33 246 237; 

66\199_199543.jpg
400 304
126 42 252 255; 132 37 291 238; 133 40 252 238; 

66\199_199544.jpg
400 265
78 22 258 215; 65 18 256 217; 66 23 256 217; 

66\199_199546.jpg
400 251
26 51 200 231; 26 52 201 235; 26 54 199 232; 

66\199_199550.jpg
400 300
30 46 290 298; 28 94 310 245; 49 92 292 286; 

66\199_199562.jpg
400 300
124 28 269 283; 119 27 267 300; 121 27 268 291; 

66\199_199564.jpg
400 300
34 82 282 293; 35 88 182 270; 32 89 295 300; 

66\199_199569.jpg
400 300
70 91 248 291; 68 89 251 299; 68 90 250 299; 

66\199_199573.jpg
400 300
66 70 301 271; 70 47 304 271; 70 71 302 270; 

66\199_199582.jpg
400 266
58 88 276 265; 105 86 253 260; 1 87 242 246; 

66\199_199590.jpg
400 290
170 76 332 284; 169 89 341 290; 171 88 400 290; 

66\199_199599.jpg
400 266
246 58 364 174; 248 58 379 183; 246 58 379 184; 

66\199_199600.jpg
400 320
46 59 332 314; 63 92 328 320; 67 44 325 320; 

66\199_199601.jpg
400 265
46 30 138 262; 44 29 142 265; 46 29 146 265; 

66\199_199623.jpg
400 300
108 27 334 289; 114 29 303 189; 84 27 332 300; 

66\199_199625.jpg
400 351
118 54 313 268; 112 41 317 267; 115 41 314 263; 

66\199_199642.jpg
300 400
62 82 196 312; 64 84 198 314; 64 83 196 314; 

66\199_199643.jpg
300 400
110 38 211 371; 108 36 211 369; 110 38 211 368; 

66\199_199646.jpg
300 400
16 60 264 259; 85 74 201 254; 48 36 222 218; 

66\199_199654.jpg
318 400
144 170 247 358; 122 153 246 391; 119 152 244 388; 

66\199_199662.jpg
400 300
78 128 200 275; 75 129 201 275; 76 132 185 237; 

66\199_199669.jpg
324 400
66 64 296 276; 68 63 299 279; 69 62 298 277; 

66\199_199691.jpg
400 266
124 50 374 202; 124 52 379 205; 122 51 378 204; 

66\199_199692.jpg
400 266
28 58 262 206; 27 56 260 206; 26 57 259 206; 

66\199_199695.jpg
400 266
98 88 310 263; 98 86 326 266; 97 81 322 266; 

66\199_199697.jpg
400 266
39 30 280 258; 38 28 281 262; 37 30 280 261; 

66\199_199717.jpg
400 300
144 94 252 214; 148 98 252 201; 149 99 251 201; 

66\199_199739.jpg
400 266
158 86 323 214; 159 77 328 215; 160 76 326 213; 

66\199_199741.jpg
400 289
34 42 250 261; 108 94 254 264; 32 29 252 263; 

66\199_199762.jpg
299 399
46 36 231 373; 44 210 221 376; 45 20 232 372; 

66\199_199768.jpg
400 336
54 76 308 320; 34 71 319 328; 39 75 318 326; 

66\199_199772.jpg
400 378
48 24 278 274; 35 6 363 304; 59 29 302 252; 

66\199_199791.jpg
400 400
134 26 278 342; 135 28 280 347; 136 29 306 395; 

66\199_199793.jpg
266 400
74 58 219 316; 72 58 221 321; 31 61 254 386; 

66\199_199796.jpg
266 400
54 84 182 332; 55 85 184 338; 27 86 210 376; 

66\199_199798.jpg
266 400
67 96 227 347; 66 98 257 344; 68 99 237 388; 

66\199_199849.jpg
400 320
114 48 362 312; 68 48 204 149; 74 49 365 318; 

66\199_199880.jpg
400 313
108 74 262 249; 91 66 303 268; 76 68 359 274; 

66\199_199886.jpg
400 268
82 16 382 198; 81 61 195 241; 83 58 356 161; 

66\199_199900.jpg
400 301
72 38 316 298; 108 32 320 205; 122 34 314 169; 

66\199_199907.jpg
300 400
156 222 261 366; 149 211 275 382; 158 227 260 365; 

66\199_199910.jpg
400 299
174 52 378 255; 182 51 385 267; 178 52 389 264; 

66\199_199926.jpg
400 305
74 114 356 241; 71 116 342 275; 76 118 396 272; 

66\199_199927.jpg
400 400
46 188 282 356; 11 191 301 395; 8 190 302 391; 

66\199_199929.jpg
400 305
158 58 342 278; 146 51 348 284; 145 52 344 280; 

66\199_199936.jpg
296 400
52 62 174 338; 55 63 178 341; 54 64 175 337; 

66\199_199938.jpg
400 285
96 68 322 239; 103 64 325 171; 105 63 327 197; 

66\199_199947.jpg
400 266
138 64 263 260; 138 64 262 266; 138 66 263 266; 

66\199_199949.jpg
400 266
224 94 354 261; 226 96 360 266; 227 96 359 266; 

66\199_199952.jpg
400 290
76 54 338 254; 75 54 336 255; 76 54 336 255; 

66\199_199978.jpg
400 336
116 38 354 332; 189 36 345 226; 190 38 328 188; 

66\199_199981.jpg
310 399
23 66 212 233; 20 100 209 226; 22 67 209 225; 

66\199_199982.jpg
400 266
44 44 295 239; 52 55 291 232; 52 54 295 228; 

66\199_199984.jpg
400 260
42 68 222 218; 41 72 225 220; 41 72 226 223; 

66\199_199985.jpg
400 265
132 2 318 259; 124 2 286 228; 124 1 288 228; 

66\199_199992.jpg
400 266
86 12 324 265; 114 76 291 252; 82 8 326 267; 

66\199_199994.jpg
400 365
126 145 380 351; 46 147 297 281; 49 146 305 281; 

66\200_200012.jpg
400 347
14 74 273 329; 14 74 277 331; 13 76 278 328; 

66\200_200019.jpg
400 320
8 4 350 222; 9 35 198 226; 8 4 346 219; 

66\200_200038.jpg
400 299
70 91 394 284; 71 71 382 262; 72 70 400 299; 

66\200_200040.jpg
276 400
52 23 226 386; 84 94 188 391; 42 16 236 391; 

66\200_200055.jpg
400 266
70 72 332 244; 66 72 339 242; 67 73 338 242; 

66\200_200058.jpg
400 266
56 78 272 225; 56 83 272 231; 58 81 269 231; 

66\200_200062.jpg
400 324
68 40 286 240; 70 39 279 236; 69 38 305 237; 

66\200_200090.jpg
400 292
176 94 348 276; 176 106 351 278; 176 108 350 279; 

66\200_200124.jpg
400 265
90 71 336 264; 77 56 341 236; 78 58 341 234; 

66\200_200136.jpg
400 266
144 24 334 217; 148 44 289 214; 110 21 356 252; 

66\200_200137.jpg
400 266
40 60 198 216; 38 65 204 225; 39 64 199 221; 

66\200_200138.jpg
266 400
86 240 240 358; 83 242 255 375; 84 244 253 373; 

66\200_200153.jpg
320 400
34 90 216 346; 13 82 226 327; 39 74 231 362; 

66\200_200154.jpg
400 266
12 15 229 172; 11 14 238 183; 19 15 229 175; 

66\200_200161.jpg
400 266
114 26 311 237; 111 21 316 238; 119 27 294 229; 

66\200_200164.jpg
399 303
212 159 338 257; 48 35 370 265; 54 38 372 265; 

66\200_200178.jpg
400 300
29 96 376 260; 30 100 377 261; 28 56 377 257; 

66\200_200188.jpg
400 325
118 122 298 207; 95 122 310 208; 121 129 290 208; 

66\200_200206.jpg
400 385
42 68 330 349; 95 121 269 299; 72 100 313 320; 

66\200_200208.jpg
400 253
30 38 370 213; 122 61 275 147; 29 35 373 210; 

66\200_200214.jpg
400 300
40 92 362 236; 38 89 374 241; 39 44 374 241; 

66\200_200224.jpg
400 266
86 2 270 265; 85 2 268 232; 87 4 325 267; 

66\200_200230.jpg
400 266
42 22 346 225; 169 27 249 141; 55 26 359 247; 

66\200_200238.jpg
400 336
112 8 368 305; 224 3 376 156; 110 1 376 312; 

66\200_200282.jpg
400 260
10 14 261 252; 8 16 212 218; 9 16 262 250; 

66\200_200284.jpg
399 266
62 84 200 212; 65 85 193 211; 64 20 283 210; 

66\200_200286.jpg
400 286
153 52 352 242; 178 72 336 229; 179 72 335 229; 

66\200_200305.jpg
400 266
172 44 360 222; 173 34 369 234; 174 33 371 234; 

66\200_200309.jpg
400 266
176 98 377 219; 204 108 378 221; 203 109 379 216; 

66\200_200314.jpg
400 320
76 13 330 264; 92 84 329 265; 35 12 373 297; 

66\200_200315.jpg
400 261
144 96 328 193; 103 28 344 204; 106 24 342 204; 

66\200_200320.jpg
400 260
18 68 321 198; 148 68 320 198; 2 69 320 219; 

66\200_200321.jpg
400 260
54 40 280 222; 174 43 282 205; 174 41 282 202; 

66\200_200333.jpg
272 400
55 42 219 214; 52 39 228 217; 56 39 218 220; 

66\200_200338.jpg
400 266
13 77 184 196; 68 78 182 196; 68 78 184 195; 

66\200_200340.jpg
400 266
60 87 180 252; 63 85 182 250; 40 87 182 248; 

66\200_200341.jpg
400 266
72 70 232 204; 72 66 232 199; 56 66 232 222; 

66\200_200342.jpg
400 266
204 58 342 229; 206 59 348 222; 208 60 347 223; 

66\200_200346.jpg
399 364
18 54 286 322; 19 57 290 325; 18 57 284 324; 

66\200_200349.jpg
400 318
112 52 282 251; 114 52 281 226; 116 54 280 250; 

66\200_200376.jpg
400 266
146 103 222 252; 129 103 223 265; 135 102 222 265; 

66\200_200377.jpg
400 266
208 67 324 212; 207 65 321 200; 213 68 322 205; 

66\200_200378.jpg
400 266
120 34 236 221; 119 34 236 222; 121 36 237 222; 

66\200_200379.jpg
400 266
80 52 302 265; 83 54 321 265; 84 51 320 265; 

66\200_200381.jpg
400 266
134 76 272 261; 135 69 275 262; 135 68 276 265; 

66\200_200382.jpg
146 400
37 38 107 299; 38 36 114 297; 39 36 106 298; 

66\200_200384.jpg
400 266
238 60 366 262; 240 61 368 265; 242 62 367 265; 

66\200_200385.jpg
400 266
113 16 302 244; 113 14 307 258; 113 13 303 262; 

66\200_200387.jpg
400 266
118 75 258 257; 127 74 258 254; 127 72 258 256; 

66\200_200388.jpg
400 266
95 58 239 265; 82 50 236 265; 88 51 236 265; 

66\200_200389.jpg
400 329
26 26 264 288; 24 27 268 281; 23 27 268 282; 

66\200_200390.jpg
400 266
138 48 301 254; 138 45 309 262; 137 47 311 260; 

66\200_200406.jpg
324 400
51 113 150 341; 56 117 151 339; 57 115 151 351; 

66\200_200407.jpg
400 266
94 72 188 265; 95 74 185 267; 95 75 186 261; 

66\200_200441.jpg
400 300
92 80 284 234; 102 78 297 258; 110 79 296 242; 

66\200_200443.jpg
288 400
32 74 264 344; 32 73 262 344; 32 70 262 343; 

66\200_200446.jpg
400 325
94 53 306 273; 113 68 289 241; 98 58 302 253; 

66\200_200449.jpg
400 334
2 10 278 294; 51 65 267 281; 2 5 278 299; 

66\200_200450.jpg
300 400
36 74 254 324; 36 73 254 321; 12 51 292 353; 

66\200_200454.jpg
400 269
24 12 252 215; 25 9 239 195; 23 10 265 216; 

66\200_200456.jpg
400 266
34 16 268 249; 34 16 270 253; 35 16 268 252; 

66\200_200457.jpg
400 300
58 138 198 258; 59 139 198 258; 61 139 198 256; 

66\200_200465.jpg
266 400
88 28 200 373; 94 29 191 362; 79 31 193 378; 

66\200_200483.jpg
400 266
58 42 272 215; 61 41 275 217; 64 41 271 205; 

66\200_200529.jpg
400 303
186 24 356 246; 214 37 319 196; 163 10 358 296; 

66\200_200555.jpg
400 291
118 23 378 287; 117 27 377 290; 116 26 378 288; 

66\200_200556.jpg
400 274
2 61 387 212; 148 98 254 198; 2 65 385 211; 

66\200_200585.jpg
400 292
64 34 312 252; 73 34 308 250; 73 32 309 249; 

66\200_200593.jpg
266 400
78 136 212 286; 74 133 219 295; 79 136 213 290; 

66\200_200616.jpg
320 400
62 86 250 296; 39 67 271 316; 72 94 243 272; 

66\200_200618.jpg
320 400
22 54 298 320; 113 126 224 235; 21 55 301 321; 

66\200_200629.jpg
399 269
136 28 360 227; 143 17 383 251; 176 27 359 215; 

66\200_200631.jpg
400 346
110 40 396 295; 112 68 400 284; 141 39 398 232; 

66\200_200635.jpg
399 369
138 55 284 237; 136 53 290 239; 146 57 285 236; 

66\200_200637.jpg
400 300
110 80 330 264; 98 45 292 238; 91 48 305 289; 

66\200_200640.jpg
400 300
202 44 356 206; 202 44 358 207; 203 45 358 207; 

66\200_200645.jpg
400 300
118 10 302 198; 119 8 300 200; 132 23 292 185; 

66\200_200654.jpg
400 266
136 60 376 202; 136 64 378 206; 136 62 382 208; 

66\200_200655.jpg
400 266
52 61 220 156; 44 61 216 208; 32 61 217 207; 

66\200_200663.jpg
266 400
68 34 221 374; 72 27 224 375; 70 29 222 378; 

66\200_200665.jpg
400 266
11 55 360 204; 134 59 364 203; 1 54 362 204; 

66\200_200666.jpg
400 266
128 16 364 263; 157 12 326 224; 154 12 362 221; 

66\200_200686.jpg
320 400
26 68 290 330; 65 122 251 289; 24 62 300 331; 

66\200_200691.jpg
400 300
98 54 300 256; 104 58 298 257; 103 57 298 257; 

66\200_200694.jpg
400 320
68 72 334 266; 67 88 338 267; 68 76 332 264; 

66\200_200703.jpg
336 400
112 48 319 204; 114 36 319 204; 113 36 319 204; 

66\200_200704.jpg
400 400
154 156 384 382; 161 155 385 381; 157 155 387 381; 

66\200_200707.jpg
400 266
146 8 308 154; 149 8 314 156; 148 6 316 156; 

66\200_200710.jpg
399 300
88 40 270 241; 87 42 263 220; 87 44 263 216; 

66\200_200712.jpg
400 266
16 12 132 126; 7 11 136 133; 6 10 132 130; 

66\200_200717.jpg
400 300
42 34 258 248; 42 45 261 251; 44 44 258 252; 

66\200_200720.jpg
400 300
30 42 330 274; 39 42 272 268; 31 44 323 284; 

66\200_200731.jpg
400 307
66 18 356 251; 74 18 354 261; 66 19 351 259; 

66\200_200733.jpg
400 275
90 76 206 191; 76 66 219 207; 79 67 219 205; 

66\200_200744.jpg
400 325
149 102 322 284; 147 113 318 283; 148 115 319 279; 

66\200_200745.jpg
400 280
192 66 360 226; 191 66 358 226; 191 64 358 227; 

66\200_200747.jpg
400 342
54 44 350 320; 48 47 359 322; 49 48 358 320; 

66\200_200757.jpg
400 266
68 18 230 265; 72 13 235 255; 72 18 229 193; 

66\200_200758.jpg
400 266
46 10 230 265; 48 9 185 177; 49 11 182 174; 

66\200_200761.jpg
400 300
38 54 362 256; 35 94 352 248; 35 96 351 247; 

66\200_200765.jpg
400 285
82 30 318 267; 82 32 329 276; 85 26 329 273; 

66\200_200794.jpg
399 311
146 76 318 249; 142 79 320 253; 155 83 317 249; 

66\200_200795.jpg
400 300
72 20 290 290; 72 49 194 246; 72 17 290 236; 

66\200_200824.jpg
400 300
104 32 348 296; 100 13 238 272; 100 16 302 271; 

66\200_200828.jpg
400 320
90 14 268 312; 90 15 242 189; 89 17 240 186; 

66\200_200830.jpg
305 400
68 36 231 398; 73 15 230 213; 73 13 261 239; 

66\200_200831.jpg
400 288
164 36 308 287; 162 29 267 289; 159 29 400 289; 

66\200_200837.jpg
400 380
32 34 316 309; 92 95 210 288; 29 32 314 313; 

66\200_200841.jpg
400 260
127 86 252 212; 133 91 245 213; 133 91 244 211; 

66\200_200844.jpg
400 266
190 12 374 263; 161 12 377 266; 157 13 377 266; 

66\200_200846.jpg
400 261
62 40 195 194; 61 41 194 196; 64 42 191 194; 

66\200_200848.jpg
400 271
182 32 364 252; 184 32 364 258; 185 34 364 256; 

66\200_200850.jpg
400 266
114 62 254 174; 121 71 258 175; 136 69 266 175; 

66\200_200862.jpg
400 251
11 120 288 248; 12 117 314 251; 10 118 346 251; 

66\200_200863.jpg
300 400
88 90 293 384; 151 88 291 361; 74 88 290 400; 

66\200_200870.jpg
300 400
118 86 234 338; 116 50 235 218; 119 54 232 221; 

66\200_200871.jpg
300 400
60 88 254 398; 105 59 198 191; 107 61 195 190; 

66\200_200874.jpg
400 260
12 68 352 214; 172 64 391 191; 171 63 394 191; 

66\200_200880.jpg
400 266
11 7 296 217; 178 57 297 191; 1 1 295 219; 

66\200_200881.jpg
400 300
54 30 184 222; 51 8 194 142; 62 19 180 131; 

66\200_200882.jpg
400 300
52 20 204 218; 42 22 206 182; 50 23 200 180; 

66\200_200883.jpg
400 300
74 12 254 188; 66 11 258 178; 71 18 259 174; 

66\200_200885.jpg
400 300
186 66 314 242; 164 69 319 216; 176 68 315 211; 

66\200_200906.jpg
223 400
30 11 187 312; 26 8 202 311; 24 8 200 394; 

66\200_200910.jpg
320 400
42 158 176 284; 42 161 174 284; 43 161 177 284; 

66\200_200916.jpg
400 265
172 50 364 259; 161 46 269 168; 162 46 398 265; 

66\200_200919.jpg
400 341
94 78 307 284; 105 81 301 280; 118 82 281 268; 

66\200_200930.jpg
400 266
44 73 367 228; 44 69 366 213; 44 72 365 214; 

66\200_200932.jpg
320 400
42 161 208 319; 43 161 211 314; 44 161 211 316; 

66\200_200933.jpg
400 300
127 115 360 293; 122 118 353 300; 122 117 354 299; 

66\200_200940.jpg
400 345
62 64 270 243; 64 64 271 244; 62 68 269 243; 

66\200_200941.jpg
400 400
110 66 266 248; 111 66 270 252; 109 64 268 249; 

66\200_200953.jpg
265 400
90 136 195 397; 87 135 195 385; 87 135 197 381; 

66\200_200963.jpg
400 307
135 26 393 298; 134 23 291 280; 134 26 400 308; 

66\200_200972.jpg
400 320
161 75 368 276; 158 76 339 269; 161 76 395 288; 

66\200_200973.jpg
266 400
35 149 182 352; 38 151 181 354; 38 154 178 356; 

66\200_200974.jpg
400 266
205 101 324 208; 207 101 333 209; 208 101 334 206; 

66\200_200975.jpg
400 266
142 52 382 259; 142 48 268 206; 144 49 400 266; 

66\200_200978.jpg
400 266
107 29 223 245; 112 30 216 246; 112 29 216 249; 

