333

69\207_207001.jpg
400 327
94 16 282 243; 96 18 278 242; 98 14 281 241; 

69\207_207002.jpg
400 303
104 57 321 251; 102 52 314 254; 102 54 314 252; 

69\207_207015.jpg
400 266
64 74 346 263; 66 76 349 262; 67 77 348 266; 

69\207_207016.jpg
400 266
128 24 381 262; 127 24 317 197; 129 23 309 175; 

69\207_207034.jpg
328 400
72 48 291 372; 74 48 259 218; 74 51 259 217; 

69\207_207039.jpg
297 400
119 91 252 370; 119 126 251 372; 118 71 263 372; 

69\207_207042.jpg
400 299
44 42 338 241; 32 38 338 247; 30 0 339 291; 

69\207_207043.jpg
400 260
74 36 374 230; 58 42 382 206; 52 1 386 229; 

69\207_207048.jpg
400 389
84 149 300 278; 91 150 301 268; 91 153 302 271; 

69\207_207049.jpg
400 395
58 48 348 333; 59 48 348 336; 56 46 350 336; 

69\207_207060.jpg
307 400
9 67 214 375; 13 70 208 388; 10 64 206 398; 

69\207_207082.jpg
400 268
10 4 252 237; 9 43 224 250; 4 54 225 244; 

69\207_207086.jpg
400 293
47 34 296 251; 44 32 294 289; 49 33 292 290; 

69\207_207087.jpg
400 290
145 26 371 242; 148 27 374 284; 148 28 373 279; 

69\207_207091.jpg
400 266
104 140 392 258; 107 141 395 229; 107 140 391 227; 

69\207_207098.jpg
400 270
25 4 302 211; 47 5 230 139; 26 6 300 209; 

69\207_207116.jpg
400 264
53 32 369 233; 28 33 340 228; 24 31 376 231; 

69\207_207126.jpg
400 266
104 72 302 223; 106 71 303 221; 142 74 304 216; 

69\207_207147.jpg
400 266
59 42 170 267; 56 44 169 266; 59 18 169 266; 

69\207_207157.jpg
400 266
44 38 304 263; 42 41 306 267; 43 40 285 156; 

69\207_207158.jpg
400 286
128 84 393 281; 128 85 395 286; 127 83 392 286; 

69\207_207170.jpg
400 285
48 24 158 188; 51 26 156 191; 51 24 155 199; 

69\207_207172.jpg
400 266
28 50 300 262; 25 47 299 176; 26 47 299 174; 

69\207_207189.jpg
300 400
49 214 292 382; 47 211 296 374; 48 214 274 375; 

69\207_207195.jpg
400 266
84 45 362 229; 82 44 245 227; 82 41 368 225; 

69\207_207198.jpg
400 266
74 48 332 265; 69 52 336 267; 69 52 336 267; 

69\207_207204.jpg
400 251
164 69 354 196; 164 69 355 201; 165 68 356 197; 

69\207_207211.jpg
299 400
52 46 221 300; 53 46 219 299; 97 41 223 283; 

69\207_207216.jpg
400 266
46 39 233 186; 53 39 231 183; 53 41 229 188; 

69\207_207226.jpg
400 323
12 34 370 248; 14 34 379 232; 12 34 380 324; 

69\207_207232.jpg
266 400
56 60 218 261; 33 50 216 290; 34 48 218 292; 

69\207_207234.jpg
266 400
45 62 202 266; 22 64 202 268; 22 62 202 266; 

69\207_207244.jpg
400 300
118 10 318 244; 119 54 384 242; 121 6 334 226; 

69\207_207245.jpg
400 266
54 32 316 237; 61 34 306 227; 59 32 305 225; 

69\207_207246.jpg
400 355
148 66 362 349; 148 151 276 277; 137 44 318 277; 

69\207_207247.jpg
400 300
90 51 282 258; 122 64 247 219; 116 38 253 206; 

69\207_207267.jpg
400 266
50 99 215 199; 44 101 213 201; 43 104 211 196; 

69\207_207268.jpg
233 350
43 49 193 303; 44 51 195 298; 47 53 191 299; 

69\207_207283.jpg
266 400
28 46 219 247; 29 48 217 245; 29 46 216 243; 

69\207_207297.jpg
400 353
66 60 366 279; 80 62 368 278; 78 61 373 276; 

69\207_207303.jpg
289 400
101 59 239 324; 78 61 247 391; 78 59 250 394; 

69\207_207304.jpg
320 400
4 122 217 354; 71 158 212 356; 7 112 212 359; 

69\207_207312.jpg
400 300
14 46 308 287; 70 64 314 289; 9 43 313 291; 

69\207_207315.jpg
299 400
46 166 288 368; 38 166 289 372; 39 164 289 371; 

69\207_207340.jpg
400 320
106 12 168 268; 108 6 162 262; 109 9 161 268; 

69\207_207344.jpg
320 400
90 11 169 398; 85 5 169 397; 86 0 168 400; 

69\207_207349.jpg
400 300
30 56 390 256; 35 56 392 188; 34 56 392 300; 

69\207_207368.jpg
228 400
78 34 169 386; 81 35 169 384; 87 30 169 384; 

69\207_207416.jpg
400 384
172 96 350 210; 239 93 351 177; 238 97 349 175; 

69\207_207422.jpg
400 300
112 92 338 186; 114 69 339 180; 112 68 339 182; 

69\207_207427.jpg
393 400
60 58 331 336; 61 59 334 338; 64 61 332 336; 

69\207_207430.jpg
399 259
20 53 268 225; 8 57 263 251; 4 56 258 256; 

69\207_207434.jpg
400 266
1 57 309 263; 37 82 181 266; 0 79 178 266; 

69\207_207437.jpg
400 273
46 56 314 259; 71 57 316 267; 72 56 313 268; 

69\207_207471.jpg
400 243
34 99 352 216; 29 103 355 187; 32 99 354 188; 

69\207_207473.jpg
400 266
140 45 361 246; 139 45 361 246; 140 47 358 244; 

69\207_207476.jpg
400 300
60 60 308 296; 92 62 309 208; 91 60 307 233; 

69\207_207478.jpg
400 300
161 72 291 202; 167 72 289 201; 163 72 290 202; 

69\207_207483.jpg
400 266
106 58 398 259; 104 57 400 266; 102 56 400 266; 

69\207_207487.jpg
400 300
66 92 302 242; 72 93 314 238; 69 92 311 236; 

69\207_207502.jpg
400 266
112 60 284 262; 112 61 288 266; 114 62 286 266; 

69\207_207542.jpg
400 320
137 119 364 278; 200 118 366 272; 129 116 367 301; 

69\207_207543.jpg
400 320
32 34 263 236; 35 69 221 239; 33 48 221 242; 

69\207_207558.jpg
400 266
156 23 391 256; 155 2 398 264; 157 0 400 266; 

69\207_207561.jpg
400 266
133 6 322 263; 116 3 351 266; 119 4 348 266; 

69\207_207562.jpg
266 400
24 20 237 310; 23 21 266 314; 46 19 197 205; 

69\207_207572.jpg
400 300
132 68 378 224; 142 72 381 214; 128 72 380 212; 

69\207_207584.jpg
400 315
64 194 302 277; 56 195 304 278; 58 196 303 276; 

69\207_207599.jpg
400 253
156 101 368 179; 161 107 362 176; 157 106 367 176; 

69\207_207601.jpg
400 255
68 86 231 179; 152 98 230 158; 133 98 229 158; 

69\207_207603.jpg
400 265
46 26 294 218; 126 26 252 95; 127 26 252 99; 

69\207_207607.jpg
400 278
96 72 372 240; 98 78 370 240; 98 75 371 241; 

69\207_207619.jpg
285 400
6 29 143 341; 3 32 147 339; 1 21 149 345; 

69\207_207639.jpg
400 266
90 8 328 245; 89 9 331 246; 89 5 329 245; 

69\207_207651.jpg
400 266
74 6 302 217; 74 4 306 217; 74 5 304 215; 

69\207_207653.jpg
400 266
66 28 307 265; 64 22 301 267; 64 22 303 267; 

69\207_207672.jpg
363 399
105 26 286 314; 104 23 285 319; 104 23 284 318; 

69\207_207680.jpg
400 300
40 20 310 286; 44 132 244 299; 12 19 315 300; 

69\207_207682.jpg
400 300
182 106 350 268; 184 52 351 225; 184 107 350 226; 

69\207_207686.jpg
300 400
96 8 264 396; 96 4 252 400; 96 3 264 400; 

69\207_207687.jpg
400 300
51 128 212 238; 58 131 211 234; 58 130 210 234; 

69\207_207703.jpg
266 399
79 10 231 392; 78 9 194 320; 79 11 229 400; 

69\207_207704.jpg
399 203
250 48 348 155; 254 46 345 140; 253 47 345 141; 

69\207_207712.jpg
266 399
81 36 177 360; 81 17 180 358; 81 17 176 361; 

69\207_207715.jpg
399 266
153 47 313 232; 158 45 311 227; 156 47 329 267; 

69\207_207717.jpg
265 399
113 119 193 294; 115 123 181 282; 114 123 180 286; 

69\207_207718.jpg
265 399
36 164 192 296; 31 168 210 303; 33 167 202 300; 

69\207_207720.jpg
265 399
84 64 199 250; 81 63 204 250; 83 62 203 250; 

69\207_207734.jpg
400 283
90 26 338 245; 122 24 341 242; 81 26 341 239; 

69\207_207737.jpg
400 300
128 26 306 246; 130 69 305 243; 131 46 304 244; 

69\207_207739.jpg
400 300
102 24 338 284; 96 29 349 257; 80 28 347 300; 

69\207_207741.jpg
400 300
41 61 396 243; 46 68 258 241; 44 57 400 242; 

69\207_207746.jpg
266 400
54 80 204 322; 46 79 180 258; 46 80 177 256; 

69\207_207747.jpg
400 340
154 34 358 335; 146 28 356 308; 146 3 358 340; 

69\207_207756.jpg
400 300
236 39 390 168; 219 30 400 171; 218 31 399 171; 

69\207_207768.jpg
299 400
40 86 237 390; 43 157 231 370; 43 75 260 400; 

69\207_207769.jpg
299 400
28 4 257 290; 67 78 258 219; 60 7 255 218; 

69\207_207805.jpg
400 300
102 36 298 296; 121 38 293 300; 121 38 294 300; 

69\207_207811.jpg
400 266
134 40 342 258; 124 39 346 266; 132 40 347 266; 

69\207_207817.jpg
287 400
84 34 204 281; 74 35 196 284; 72 36 195 281; 

69\207_207839.jpg
400 266
124 46 314 248; 115 42 323 252; 118 43 322 250; 

69\207_207865.jpg
400 300
32 56 176 204; 28 61 166 206; 24 61 167 205; 

69\207_207872.jpg
400 283
110 56 238 181; 111 57 239 180; 111 58 239 139; 

69\207_207875.jpg
298 400
108 108 196 280; 106 110 199 280; 107 110 194 284; 

69\207_207891.jpg
248 400
28 34 190 354; 51 109 176 354; 30 28 175 356; 

69\207_207896.jpg
400 266
66 20 336 251; 68 21 334 251; 67 19 336 251; 

69\207_207897.jpg
320 400
72 98 200 272; 75 57 193 267; 66 60 195 239; 

69\207_207909.jpg
400 300
34 10 288 284; 26 26 261 281; 30 28 292 287; 

69\207_207912.jpg
400 300
60 10 314 290; 55 56 272 290; 58 56 316 293; 

69\207_207913.jpg
400 300
16 8 272 284; 14 26 246 276; 13 28 275 286; 

69\207_207931.jpg
400 259
124 104 300 201; 126 110 305 201; 128 108 305 203; 

69\207_207932.jpg
400 292
104 82 258 282; 101 84 252 290; 97 85 252 292; 

69\207_207934.jpg
400 313
67 78 259 311; 65 80 254 307; 65 79 256 309; 

69\207_207953.jpg
299 400
4 179 245 392; 46 151 289 329; 129 151 284 245; 

69\207_207954.jpg
300 400
14 16 227 302; 19 18 228 321; 16 17 225 322; 

69\207_207960.jpg
400 349
190 213 348 328; 189 217 354 336; 189 216 356 283; 

69\207_207963.jpg
400 266
114 46 240 229; 112 64 242 254; 17 23 378 159; 

69\207_207967.jpg
400 266
66 32 342 255; 108 66 234 264; 114 64 232 261; 

69\207_207968.jpg
400 266
22 28 316 225; 42 21 329 168; 19 0 333 238; 

69\207_207972.jpg
400 315
8 148 216 311; 8 149 212 311; 7 149 212 315; 

69\207_207981.jpg
400 300
134 26 314 286; 164 48 305 206; 164 2 306 206; 

69\207_207985.jpg
320 400
40 122 287 304; 42 115 288 308; 39 114 288 315; 

69\207_207997.jpg
305 400
52 82 266 376; 44 69 274 373; 31 58 292 371; 

69\208_208031.jpg
400 300
59 38 312 296; 89 38 312 285; 38 38 312 283; 

69\208_208032.jpg
400 266
140 32 320 264; 134 39 322 266; 135 41 321 266; 

69\208_208033.jpg
400 395
154 76 262 295; 155 76 262 297; 155 78 263 294; 

69\208_208047.jpg
400 266
106 86 326 227; 132 111 269 218; 112 0 360 227; 

69\208_208067.jpg
400 272
91 71 378 241; 67 57 381 238; 66 56 378 239; 

69\208_208068.jpg
320 400
58 78 166 276; 43 81 182 281; 46 79 196 284; 

69\208_208070.jpg
281 400
135 128 248 298; 112 166 248 286; 111 131 248 288; 

69\208_208071.jpg
400 320
116 28 296 304; 108 25 288 304; 106 25 287 306; 

69\208_208072.jpg
400 320
82 24 264 306; 74 22 264 311; 73 23 262 310; 

69\208_208074.jpg
400 320
65 120 164 257; 62 121 164 251; 60 121 164 252; 

69\208_208079.jpg
400 303
34 48 166 229; 29 39 168 230; 30 50 162 215; 

69\208_208088.jpg
400 400
58 140 294 366; 91 144 294 361; 48 148 294 371; 

69\208_208095.jpg
266 400
30 84 229 287; 24 84 228 254; 17 84 227 290; 

69\208_208096.jpg
266 400
48 116 200 342; 48 130 208 343; 46 131 206 343; 

69\208_208145.jpg
310 400
63 26 256 353; 61 24 257 349; 62 28 256 354; 

69\208_208149.jpg
400 291
67 28 336 287; 69 41 337 263; 68 9 336 291; 

69\208_208151.jpg
400 301
72 24 230 281; 79 24 231 293; 74 22 229 295; 

69\208_208157.jpg
400 300
40 26 342 258; 38 24 344 274; 39 25 342 272; 

69\208_208162.jpg
400 300
226 76 390 282; 228 78 397 279; 228 78 399 281; 

69\208_208178.jpg
399 325
82 82 312 286; 81 83 301 267; 50 29 317 264; 

69\208_208200.jpg
400 333
72 102 195 294; 68 103 191 289; 73 102 191 289; 

69\208_208231.jpg
266 400
26 96 177 398; 22 96 188 400; 24 98 188 400; 

69\208_208239.jpg
400 266
60 66 286 263; 59 73 287 266; 59 64 359 266; 

69\208_208261.jpg
400 353
94 74 280 281; 96 75 284 282; 97 74 288 282; 

69\208_208265.jpg
400 266
38 36 286 210; 98 54 290 210; 99 56 286 214; 

69\208_208268.jpg
373 400
43 48 366 177; 44 45 367 400; 45 47 366 172; 

69\208_208275.jpg
399 319
162 52 358 318; 162 54 354 209; 163 53 355 222; 

69\208_208276.jpg
400 266
98 32 242 230; 104 41 234 223; 101 42 234 230; 

69\208_208287.jpg
299 399
52 136 256 238; 57 137 257 240; 55 136 256 320; 

69\208_208297.jpg
300 400
34 62 266 366; 36 70 267 340; 34 59 270 366; 

69\208_208301.jpg
399 361
84 30 294 191; 90 36 296 193; 88 37 298 193; 

69\208_208304.jpg
302 400
46 78 264 252; 48 76 261 233; 49 77 255 232; 

69\208_208306.jpg
400 266
114 40 268 233; 114 35 272 235; 116 32 270 236; 

69\208_208307.jpg
400 266
114 38 268 231; 112 33 269 233; 116 32 269 231; 

69\208_208308.jpg
400 266
120 48 276 225; 122 41 277 235; 123 39 277 239; 

69\208_208330.jpg
400 300
74 24 311 260; 74 22 312 262; 75 22 311 261; 

69\208_208331.jpg
400 300
60 20 298 268; 62 20 295 260; 63 19 294 259; 

69\208_208334.jpg
400 266
42 32 331 191; 48 34 248 189; 41 32 333 188; 

69\208_208340.jpg
400 270
71 42 265 244; 71 36 307 255; 7 48 258 265; 

69\208_208357.jpg
333 400
15 76 285 282; 17 80 287 223; 15 78 283 223; 

69\208_208358.jpg
250 400
108 206 246 346; 109 208 250 372; 109 209 250 372; 

69\208_208363.jpg
318 400
42 132 287 382; 37 136 293 392; 40 131 289 390; 

69\208_208365.jpg
376 400
22 44 344 324; 8 42 344 331; 4 41 348 332; 

69\208_208370.jpg
400 300
86 4 374 239; 85 4 395 236; 78 1 390 242; 

69\208_208449.jpg
400 400
76 76 348 392; 40 76 351 252; 39 76 352 251; 

69\208_208468.jpg
400 309
175 20 392 299; 142 124 394 302; 176 24 394 302; 

69\208_208512.jpg
400 300
111 96 330 257; 119 79 278 262; 0 13 400 251; 

69\208_208515.jpg
400 337
72 16 397 228; 74 18 258 196; 75 15 259 194; 

69\208_208522.jpg
300 400
110 66 224 357; 119 76 224 354; 116 76 223 354; 

69\208_208525.jpg
320 400
32 204 248 396; 32 201 249 398; 31 22 249 400; 

69\208_208532.jpg
400 300
164 28 370 234; 168 31 371 236; 168 29 369 232; 

69\208_208538.jpg
400 300
92 56 298 174; 85 58 281 167; 93 57 281 169; 

69\208_208575.jpg
389 399
32 56 346 320; 32 57 343 328; 34 59 346 327; 

69\208_208586.jpg
400 231
12 72 168 208; 10 76 166 221; 20 74 164 219; 

69\208_208590.jpg
400 300
40 72 394 234; 38 72 347 231; 39 72 400 234; 

69\208_208644.jpg
400 290
68 26 321 216; 74 30 319 206; 71 31 328 204; 

69\208_208645.jpg
399 299
66 52 240 224; 74 51 242 197; 73 52 240 213; 

69\208_208656.jpg
293 400
78 140 221 386; 78 230 204 382; 79 228 204 380; 

69\208_208661.jpg
300 400
48 17 279 278; 64 14 282 238; 49 22 282 277; 

69\208_208694.jpg
266 400
88 58 175 398; 88 53 169 369; 88 50 172 382; 

69\208_208702.jpg
400 265
124 30 294 208; 125 32 291 209; 124 32 291 206; 

69\208_208704.jpg
400 264
222 52 387 227; 224 53 394 229; 225 51 395 226; 

69\208_208712.jpg
400 301
9 76 338 235; 36 78 335 231; 37 78 337 232; 

69\208_208729.jpg
269 400
121 24 255 384; 208 19 259 388; 97 15 256 390; 

69\208_208730.jpg
265 400
42 14 183 368; 6 12 185 370; 1 14 224 400; 

69\208_208731.jpg
266 400
45 33 126 211; 21 35 253 349; 21 34 252 349; 

69\208_208732.jpg
266 400
51 8 162 334; 52 9 160 215; 44 9 161 382; 

69\208_208737.jpg
400 266
46 52 320 240; 45 55 320 242; 45 54 321 242; 

69\208_208745.jpg
400 321
116 60 288 299; 128 76 278 296; 56 12 388 311; 

69\208_208749.jpg
400 214
50 32 354 134; 26 25 358 136; 28 26 356 136; 

69\208_208764.jpg
255 400
128 97 229 294; 129 103 226 298; 129 99 227 390; 

69\208_208797.jpg
400 350
118 67 242 260; 98 66 246 243; 11 65 262 350; 

69\208_208798.jpg
400 300
142 26 317 291; 141 26 301 208; 144 23 299 208; 

69\208_208815.jpg
400 300
94 132 329 278; 97 114 331 274; 204 101 329 173; 

69\208_208833.jpg
400 266
2 32 158 264; 2 37 163 266; 1 35 155 266; 

69\208_208843.jpg
400 300
56 92 324 214; 58 93 326 213; 62 91 296 209; 

69\208_208857.jpg
400 309
204 4 394 231; 204 3 400 230; 204 1 400 231; 

69\208_208863.jpg
299 399
2 142 282 345; 0 142 286 338; 0 142 285 348; 

69\208_208868.jpg
400 266
156 85 322 224; 158 88 322 212; 158 87 321 211; 

69\208_208894.jpg
270 400
71 52 216 258; 57 52 215 256; 74 51 214 269; 

69\208_208901.jpg
270 400
41 119 256 349; 44 126 231 306; 32 69 231 303; 

69\208_208905.jpg
270 400
48 84 204 389; 50 23 264 318; 47 24 263 318; 

69\208_208955.jpg
299 400
18 56 177 330; 19 58 163 329; 20 8 274 400; 

69\208_208991.jpg
400 266
48 60 332 262; 48 60 337 266; 48 61 335 266; 

69\209_209009.jpg
400 344
75 72 150 280; 80 69 146 273; 80 72 143 275; 

69\209_209010.jpg
261 400
89 26 179 312; 91 25 174 398; 91 24 177 400; 

69\209_209027.jpg
266 400
70 40 192 390; 68 38 193 388; 69 5 193 387; 

69\209_209028.jpg
266 399
58 28 192 376; 59 23 223 389; 60 8 225 393; 

69\209_209029.jpg
266 400
78 30 172 378; 76 34 174 393; 82 5 174 385; 

69\209_209030.jpg
266 399
90 11 186 364; 92 68 186 376; 91 3 185 375; 

69\209_209031.jpg
266 399
38 30 222 362; 49 34 186 324; 49 12 203 399; 

69\209_209032.jpg
266 400
74 50 192 356; 50 50 215 400; 51 9 213 400; 

69\209_209033.jpg
266 400
88 48 158 394; 83 52 178 400; 84 4 176 400; 

69\209_209034.jpg
266 399
98 30 173 372; 94 15 177 391; 95 13 175 385; 

69\209_209035.jpg
266 400
62 24 169 368; 65 13 168 386; 63 10 169 383; 

69\209_209036.jpg
266 400
68 38 172 384; 70 20 175 388; 70 14 174 386; 

69\209_209037.jpg
266 400
82 48 182 380; 76 14 185 380; 81 15 185 382; 

69\209_209038.jpg
266 399
74 26 175 390; 74 8 175 394; 73 7 176 392; 

69\209_209039.jpg
266 400
86 28 176 388; 84 6 178 390; 88 7 176 392; 

69\209_209040.jpg
266 400
42 62 186 376; 40 6 192 388; 41 2 188 388; 

69\209_209041.jpg
266 400
66 24 196 348; 50 17 222 392; 51 11 223 392; 

69\209_209057.jpg
266 400
46 26 217 398; 48 25 219 247; 49 26 212 400; 

69\209_209073.jpg
400 266
185 62 311 264; 186 59 311 265; 184 56 309 266; 

69\209_209076.jpg
400 300
38 108 255 241; 40 107 257 221; 39 108 254 225; 

69\209_209077.jpg
400 300
24 50 300 248; 16 50 296 243; 16 51 296 244; 

69\209_209085.jpg
400 300
126 30 262 214; 132 35 263 219; 126 31 266 216; 

69\209_209095.jpg
186 400
4 217 182 387; 56 23 158 384; 3 24 185 386; 

69\209_209111.jpg
400 365
90 11 364 301; 82 91 301 316; 80 7 362 314; 

69\209_209112.jpg
376 400
62 22 332 318; 51 101 274 331; 53 22 337 326; 

69\209_209113.jpg
400 345
64 8 334 305; 59 84 276 308; 61 6 335 302; 

69\209_209114.jpg
400 363
71 20 334 308; 64 95 277 305; 67 18 335 305; 

69\209_209123.jpg
266 400
57 72 208 363; 37 72 206 378; 38 71 203 379; 

69\209_209124.jpg
285 400
49 36 222 376; 24 28 221 383; 26 28 219 388; 

69\209_209127.jpg
400 300
86 34 242 246; 86 94 239 251; 84 28 252 252; 

69\209_209130.jpg
277 400
72 38 243 286; 70 104 253 292; 68 28 258 290; 

69\209_209131.jpg
399 300
170 26 358 263; 170 25 397 268; 170 24 397 264; 

69\209_209135.jpg
400 300
124 30 262 218; 127 81 264 218; 127 27 268 216; 

69\209_209138.jpg
400 300
84 36 242 246; 86 91 246 252; 82 34 248 253; 

69\209_209139.jpg
297 400
76 32 263 286; 76 100 266 289; 76 24 271 289; 

69\209_209140.jpg
400 300
126 34 258 218; 131 79 261 221; 126 27 268 216; 

69\209_209142.jpg
400 323
86 24 313 256; 104 18 314 255; 102 18 309 258; 

69\209_209144.jpg
285 400
57 27 219 384; 24 29 222 391; 25 26 219 388; 

69\209_209148.jpg
400 156
49 20 221 134; 61 20 222 138; 59 21 269 135; 

69\209_209149.jpg
400 156
54 19 219 136; 59 19 218 136; 59 19 269 135; 

69\209_209170.jpg
400 265
48 62 230 259; 48 64 231 242; 49 64 230 247; 

69\209_209172.jpg
400 300
126 30 262 214; 128 81 261 224; 129 31 266 216; 

69\209_209190.jpg
400 316
190 98 349 282; 189 99 351 282; 191 97 379 284; 

69\209_209192.jpg
283 400
71 13 240 388; 71 16 238 388; 68 16 239 389; 

69\209_209194.jpg
400 338
92 32 388 286; 96 26 388 281; 94 25 390 301; 

69\209_209223.jpg
400 276
128 48 262 220; 134 48 261 219; 132 48 262 217; 

69\209_209225.jpg
400 299
98 28 346 298; 72 96 349 299; 11 7 346 299; 

69\209_209254.jpg
340 400
36 68 254 370; 88 182 258 306; 84 54 268 305; 

69\209_209265.jpg
400 266
32 84 292 239; 32 43 291 241; 29 43 291 242; 

69\209_209273.jpg
400 257
22 121 329 245; 24 121 329 244; 24 123 328 246; 

69\209_209275.jpg
400 300
26 104 358 218; 21 105 358 213; 21 102 358 216; 

69\209_209278.jpg
400 266
69 2 270 260; 84 28 224 179; 69 0 231 178; 

69\209_209282.jpg
400 273
55 54 302 267; 69 91 214 224; 56 28 234 226; 

69\209_209287.jpg
400 273
86 86 300 233; 86 101 295 230; 73 99 243 244; 

69\209_209294.jpg
400 266
25 68 368 213; 29 69 370 205; 27 70 370 208; 

69\209_209295.jpg
400 266
28 72 370 213; 27 71 371 209; 28 70 370 208; 

69\209_209303.jpg
400 300
114 49 386 278; 161 50 388 278; 162 49 386 278; 

69\209_209304.jpg
400 300
114 50 388 278; 162 50 386 279; 161 48 384 278; 

69\209_209309.jpg
400 300
114 49 386 281; 164 48 385 278; 161 48 386 278; 

69\209_209322.jpg
400 300
84 22 330 298; 148 98 265 216; 148 25 296 214; 

69\209_209372.jpg
266 400
61 82 179 346; 60 86 181 258; 62 80 179 342; 

69\209_209383.jpg
400 266
46 72 154 182; 44 73 152 183; 45 73 152 182; 

69\209_209395.jpg
400 300
78 70 317 249; 76 71 239 248; 74 69 317 254; 

69\209_209397.jpg
300 399
66 90 218 340; 66 78 224 341; 65 76 222 340; 

69\209_209400.jpg
320 400
30 12 278 302; 30 9 279 194; 31 10 278 191; 

69\209_209418.jpg
266 400
17 170 226 390; 18 170 224 383; 19 121 224 384; 

69\209_209425.jpg
400 400
40 32 212 198; 41 31 212 201; 41 28 212 200; 

69\209_209429.jpg
266 400
13 172 222 386; 16 173 225 382; 16 124 219 382; 

69\209_209433.jpg
266 400
20 90 237 338; 15 116 183 279; 14 9 214 281; 

69\209_209434.jpg
285 400
24 96 256 362; 20 125 204 308; 13 9 231 301; 

69\209_209438.jpg
285 400
48 60 231 378; 50 131 234 281; 49 25 232 282; 

69\209_209442.jpg
400 364
26 79 348 308; 25 37 314 280; 28 34 345 303; 

69\209_209443.jpg
400 263
48 66 322 235; 18 48 322 232; 13 46 322 233; 

69\209_209459.jpg
400 321
100 96 300 310; 102 96 306 200; 103 98 306 202; 

69\209_209465.jpg
400 305
76 71 348 274; 69 71 321 266; 75 72 319 266; 

69\209_209468.jpg
400 300
70 64 284 278; 70 64 287 197; 71 64 285 300; 

69\209_209473.jpg
400 255
106 22 318 234; 132 4 317 221; 134 2 318 231; 

69\209_209488.jpg
295 400
55 54 241 333; 51 32 238 216; 93 32 217 182; 

69\209_209494.jpg
400 266
73 56 310 238; 77 57 311 238; 77 58 309 240; 

69\209_209530.jpg
400 266
8 64 362 229; 19 66 344 218; 11 75 342 199; 

69\209_209538.jpg
265 400
76 42 256 391; 36 2 258 234; 36 1 256 239; 

69\209_209547.jpg
400 278
160 36 374 276; 136 11 377 278; 137 12 374 278; 

69\209_209562.jpg
242 400
4 13 149 396; 28 9 153 252; 30 9 146 140; 

69\209_209567.jpg
400 300
73 34 257 288; 71 35 261 288; 74 38 266 289; 

69\209_209579.jpg
400 266
145 42 252 250; 130 43 259 249; 148 42 258 250; 

69\209_209586.jpg
266 400
11 144 199 392; 71 142 196 265; 32 22 252 262; 

69\209_209592.jpg
400 266
86 54 368 252; 94 52 368 266; 1 51 369 266; 

69\209_209595.jpg
400 312
124 87 246 217; 121 89 244 212; 124 53 272 208; 

69\209_209609.jpg
400 285
28 44 274 286; 50 113 229 282; 16 19 230 280; 

69\209_209615.jpg
300 400
77 158 272 386; 74 170 297 400; 77 174 300 400; 

69\209_209620.jpg
400 300
103 90 290 292; 143 81 239 288; 144 84 240 289; 

69\209_209642.jpg
400 300
148 48 278 214; 145 99 269 215; 144 38 294 214; 

69\209_209649.jpg
300 400
14 56 218 392; 30 55 216 304; 8 54 218 400; 

69\209_209682.jpg
266 400
62 24 229 370; 59 21 231 193; 61 21 227 192; 

69\209_209693.jpg
400 266
62 24 274 219; 63 23 273 219; 64 24 274 218; 

69\209_209695.jpg
400 133
20 14 380 93; 18 14 383 95; 21 14 384 93; 

69\209_209703.jpg
400 310
122 26 323 230; 162 24 323 186; 165 24 324 197; 

69\209_209738.jpg
300 400
20 28 208 374; 69 29 219 269; 2 30 218 400; 

69\209_209741.jpg
400 300
146 62 264 181; 179 68 254 184; 179 66 252 182; 

69\209_209763.jpg
400 330
92 136 232 252; 91 136 236 256; 50 136 234 269; 

69\209_209765.jpg
400 300
116 30 328 274; 121 26 335 221; 116 27 334 282; 

69\209_209771.jpg
400 390
91 12 286 296; 87 10 346 296; 99 11 275 226; 

69\209_209795.jpg
400 320
11 65 281 312; 104 81 199 229; 51 20 241 228; 

69\209_209796.jpg
400 339
16 95 249 332; 81 94 164 236; 39 39 193 231; 

69\209_209807.jpg
271 400
103 31 241 346; 96 26 245 349; 99 26 243 346; 

69\209_209812.jpg
400 300
114 50 386 278; 160 48 385 279; 161 48 384 278; 

69\209_209827.jpg
266 400
106 31 255 398; 109 34 266 400; 111 33 261 400; 

69\209_209828.jpg
400 266
87 16 302 202; 83 16 304 202; 84 16 306 202; 

69\209_209833.jpg
266 400
46 124 220 392; 43 126 265 395; 41 93 266 400; 

69\209_209846.jpg
400 266
22 32 254 154; 22 31 250 156; 22 30 253 149; 

69\209_209875.jpg
400 300
54 25 324 290; 139 14 306 234; 136 15 303 227; 

69\209_209877.jpg
400 266
132 122 224 259; 144 121 224 249; 144 122 211 222; 

69\209_209881.jpg
400 300
60 38 312 288; 61 38 309 266; 62 39 305 261; 

69\209_209886.jpg
400 290
35 66 198 262; 32 71 199 272; 37 99 195 279; 

69\209_209894.jpg
400 266
126 16 364 204; 124 12 371 198; 125 11 371 196; 

69\209_209903.jpg
266 400
46 60 197 316; 39 12 219 319; 38 14 168 159; 

69\209_209905.jpg
266 400
65 122 225 341; 64 124 226 400; 75 121 174 221; 

69\209_209909.jpg
400 266
8 108 388 235; 6 108 394 239; 7 108 395 239; 

69\209_209938.jpg
400 290
72 110 224 274; 74 111 227 276; 75 117 225 272; 

69\209_209954.jpg
285 400
59 59 195 353; 53 59 202 353; 53 60 201 352; 

69\209_209975.jpg
400 286
109 91 191 261; 104 91 187 261; 106 92 187 262; 

69\209_209977.jpg
400 266
86 48 316 263; 83 49 314 266; 84 51 313 266; 

69\209_209978.jpg
400 266
102 44 346 265; 102 44 362 266; 104 46 362 266; 

69\209_209979.jpg
400 266
126 24 366 265; 109 9 384 266; 112 17 384 266; 

69\209_209981.jpg
400 348
152 40 338 326; 12 38 337 348; 165 41 337 245; 

69\209_209984.jpg
273 400
46 48 195 312; 48 41 201 346; 49 38 200 346; 

