244

6\18_18008.jpg
400 280
90 115 291 211; 139 113 290 177; 89 113 355 229; 

6\18_18038.jpg
400 225
162 102 318 219; 164 101 289 225; 166 103 318 225; 

6\18_18054.jpg
400 331
136 85 254 306; 136 85 268 304; 132 87 267 305; 

6\18_18093.jpg
298 400
41 19 216 226; 41 114 216 228; 42 116 154 226; 

6\18_18098.jpg
400 322
40 74 314 273; 48 66 323 292; 70 108 284 281; 

6\18_18107.jpg
366 400
29 9 294 270; 29 33 291 165; 32 46 289 211; 

6\18_18120.jpg
400 344
54 154 187 291; 52 152 185 281; 65 154 185 274; 

6\18_18160.jpg
351 400
6 59 346 229; 6 62 342 227; 8 62 339 226; 

6\18_18161.jpg
300 400
22 21 188 390; 24 22 221 399; 25 46 168 180; 

6\18_18202.jpg
400 300
27 30 322 235; 23 32 327 228; 166 93 257 174; 

6\18_18208.jpg
400 310
99 39 338 275; 106 38 335 267; 106 42 335 262; 

6\18_18214.jpg
400 300
71 42 349 237; 75 44 244 234; 74 47 235 181; 

6\18_18217.jpg
276 400
55 73 196 212; 49 68 218 223; 63 78 191 205; 

6\18_18219.jpg
400 300
39 46 264 148; 38 47 268 148; 41 50 263 150; 

6\18_18254.jpg
300 400
38 121 278 342; 41 119 288 338; 42 121 289 336; 

6\18_18266.jpg
400 273
202 28 360 166; 206 31 359 179; 209 30 357 152; 

6\18_18273.jpg
400 338
191 109 343 258; 190 111 337 256; 194 112 334 252; 

6\18_18280.jpg
264 400
39 36 179 169; 24 38 159 195; 88 66 155 144; 

6\18_18310.jpg
400 350
145 83 372 235; 143 85 370 239; 146 86 368 234; 

6\18_18314.jpg
320 399
72 17 300 308; 72 16 300 311; 73 18 299 308; 

6\18_18320.jpg
335 400
69 8 273 390; 62 11 277 400; 79 46 265 302; 

6\18_18327.jpg
400 299
105 84 310 234; 102 85 307 228; 106 88 299 224; 

6\18_18332.jpg
400 300
88 11 344 291; 80 9 365 298; 83 11 365 298; 

6\18_18334.jpg
400 322
7 93 340 290; 4 95 342 279; 46 91 341 276; 

6\18_18344.jpg
300 400
14 96 278 286; 1 58 292 332; 17 112 263 292; 

6\18_18358.jpg
400 277
7 22 244 262; 8 21 246 262; 8 23 246 261; 

6\18_18362.jpg
400 265
151 48 282 256; 152 50 287 265; 156 53 285 264; 

6\18_18365.jpg
399 281
157 29 313 273; 155 33 306 281; 156 29 304 281; 

6\18_18366.jpg
400 300
79 36 239 220; 82 38 215 222; 89 39 244 180; 

6\18_18395.jpg
399 342
119 65 372 327; 126 75 362 323; 130 75 361 321; 

6\18_18402.jpg
400 386
89 38 373 363; 64 43 381 369; 134 42 380 284; 

6\18_18433.jpg
399 325
67 43 280 130; 16 43 326 156; 20 43 324 153; 

6\18_18452.jpg
391 400
113 166 353 395; 115 173 353 398; 119 174 350 396; 

6\18_18456.jpg
400 286
172 112 372 256; 160 111 370 261; 177 111 369 262; 

6\18_18472.jpg
400 300
89 61 321 213; 57 61 319 222; 108 63 318 218; 

6\18_18482.jpg
368 399
101 71 252 309; 92 74 257 314; 90 77 248 310; 

6\18_18509.jpg
400 398
87 69 338 377; 80 71 336 248; 174 71 335 242; 

6\18_18528.jpg
400 266
29 27 315 235; 30 32 345 266; 31 34 306 226; 

6\18_18530.jpg
400 326
12 52 203 313; 11 56 202 322; 12 56 202 319; 

6\18_18536.jpg
294 400
77 183 277 383; 74 180 276 380; 34 186 276 378; 

6\18_18545.jpg
400 300
139 54 308 278; 137 56 360 286; 139 56 271 299; 

6\18_18553.jpg
400 270
134 23 321 211; 132 19 319 208; 146 32 302 197; 

6\18_18556.jpg
400 303
104 27 376 277; 2 29 378 278; 128 29 377 276; 

6\18_18562.jpg
400 276
31 44 310 250; 32 41 312 253; 32 46 307 252; 

6\18_18565.jpg
400 300
115 67 358 235; 118 68 356 238; 119 69 354 241; 

6\18_18572.jpg
400 303
47 52 291 284; 48 52 289 286; 52 49 288 282; 

6\18_18573.jpg
320 400
71 18 260 371; 63 22 262 371; 82 45 252 354; 

6\18_18574.jpg
400 305
111 25 277 290; 109 24 279 292; 113 26 276 290; 

6\18_18575.jpg
295 400
70 49 262 373; 62 49 256 378; 78 50 254 267; 

6\18_18598.jpg
400 369
99 65 272 272; 141 127 270 252; 140 130 269 252; 

6\18_18602.jpg
400 300
97 34 314 282; 97 34 325 299; 99 34 286 162; 

6\18_18604.jpg
400 300
14 109 182 206; 4 106 183 207; 2 109 179 208; 

6\18_18609.jpg
400 300
71 7 300 282; 47 8 302 300; 134 11 299 180; 

6\18_18617.jpg
400 300
35 65 346 242; 37 71 400 240; 38 79 327 238; 

6\18_18634.jpg
400 388
108 41 318 305; 111 47 318 388; 114 47 315 299; 

6\18_18636.jpg
400 300
185 38 378 238; 184 37 381 235; 186 39 378 234; 

6\18_18649.jpg
300 400
36 208 250 386; 37 209 276 385; 39 212 275 354; 

6\18_18653.jpg
266 400
12 85 232 368; 10 83 235 366; 11 86 232 354; 

6\18_18661.jpg
400 400
21 88 232 356; 22 90 232 354; 22 91 229 353; 

6\18_18671.jpg
319 399
9 82 314 280; 11 97 318 280; 16 122 318 276; 

6\18_18672.jpg
400 320
43 98 341 239; 38 39 341 232; 43 28 353 222; 

6\18_18673.jpg
400 261
116 46 251 232; 118 45 279 234; 118 46 273 232; 

6\18_18690.jpg
300 400
33 157 253 325; 29 155 259 324; 33 158 249 323; 

6\18_18696.jpg
400 254
26 39 296 199; 18 36 298 205; 21 36 294 217; 

6\18_18697.jpg
400 300
10 14 255 285; 10 8 230 282; 11 9 261 280; 

6\18_18699.jpg
300 400
56 71 274 315; 52 70 284 318; 55 70 278 314; 

6\18_18702.jpg
400 285
162 69 310 263; 162 70 310 178; 162 71 308 174; 

6\18_18714.jpg
196 400
62 239 159 332; 71 240 159 333; 70 241 159 329; 

6\18_18719.jpg
400 300
60 93 213 287; 71 117 211 284; 73 121 215 292; 

6\18_18720.jpg
320 400
68 6 313 248; 65 7 316 249; 68 21 316 249; 

6\18_18723.jpg
400 278
28 11 269 204; 32 14 266 201; 31 14 265 199; 

6\18_18724.jpg
400 321
31 24 214 297; 31 119 215 298; 33 119 212 301; 

6\18_18725.jpg
400 300
80 84 233 215; 74 82 233 218; 78 83 232 219; 

6\18_18732.jpg
400 300
69 38 352 242; 71 37 352 238; 72 38 348 238; 

6\18_18734.jpg
342 399
62 145 311 314; 63 145 313 305; 65 147 310 305; 

6\18_18736.jpg
400 260
249 91 390 210; 16 43 393 203; 249 92 393 201; 

6\18_18743.jpg
300 400
51 56 180 383; 53 55 181 382; 59 58 178 354; 

6\18_18748.jpg
400 255
118 24 266 140; 114 22 262 140; 119 31 259 141; 

6\18_18756.jpg
400 322
35 114 161 308; 25 107 172 309; 36 116 168 316; 

6\18_18760.jpg
400 300
125 82 306 206; 56 80 393 214; 121 86 306 208; 

6\18_18761.jpg
400 150
131 22 347 113; 14 22 394 124; 17 25 391 122; 

6\18_18763.jpg
400 322
79 38 179 179; 78 36 181 179; 78 39 178 178; 

6\18_18765.jpg
400 300
58 99 241 286; 86 78 289 201; 88 80 284 199; 

6\18_18773.jpg
399 305
17 169 183 291; 18 167 184 301; 19 168 181 288; 

6\18_18782.jpg
400 300
212 5 342 284; 210 3 343 300; 212 6 339 284; 

6\18_18784.jpg
400 296
142 56 356 197; 172 54 362 172; 178 55 357 172; 

6\18_18789.jpg
400 320
69 13 283 317; 55 11 306 320; 119 17 248 193; 

6\18_18793.jpg
400 295
68 48 311 257; 45 42 344 288; 78 43 339 291; 

6\18_18794.jpg
372 400
45 85 326 386; 179 40 309 149; 185 46 306 145; 

6\18_18796.jpg
400 300
80 47 227 182; 77 43 326 217; 97 47 216 177; 

6\18_18798.jpg
400 287
142 16 377 226; 133 14 392 232; 141 25 389 231; 

6\18_18799.jpg
400 302
187 69 271 280; 189 71 265 301; 199 75 264 185; 

6\18_18800.jpg
300 400
120 46 226 280; 121 44 232 400; 120 46 230 296; 

6\18_18804.jpg
400 300
124 54 394 197; 126 54 396 194; 121 52 391 192; 

6\18_18805.jpg
293 400
41 60 250 309; 26 68 277 317; 91 99 202 296; 

6\18_18808.jpg
400 235
30 26 323 176; 125 21 322 179; 5 22 320 174; 

6\18_18813.jpg
400 320
14 82 305 312; 10 92 303 252; 14 94 301 255; 

6\18_18816.jpg
400 300
76 67 325 252; 78 67 322 255; 77 69 320 252; 

6\18_18836.jpg
400 322
114 123 319 249; 47 71 352 272; 49 72 348 269; 

6\18_18837.jpg
400 302
109 89 350 286; 104 88 352 176; 101 89 349 294; 

6\18_18851.jpg
399 286
44 36 282 205; 42 38 282 184; 42 38 278 177; 

6\18_18852.jpg
399 378
119 179 394 358; 119 179 396 352; 120 180 396 346; 

6\18_18856.jpg
400 300
89 54 354 232; 26 56 356 240; 29 56 353 238; 

6\18_18857.jpg
270 399
68 103 165 292; 68 103 161 292; 72 107 159 291; 

6\18_18875.jpg
387 399
103 161 295 360; 99 154 302 365; 102 161 290 366; 

6\18_18880.jpg
400 300
100 47 299 268; 98 49 298 265; 99 51 297 264; 

6\18_18886.jpg
266 400
21 38 168 209; 21 40 168 212; 24 45 166 208; 

6\18_18890.jpg
400 238
184 32 379 205; 183 26 377 218; 194 30 373 222; 

6\18_18908.jpg
400 327
40 56 271 264; 49 59 276 273; 49 59 276 269; 

6\18_18909.jpg
400 292
89 43 300 239; 80 42 307 249; 81 44 304 246; 

6\18_18922.jpg
299 399
33 37 181 204; 29 34 195 212; 33 40 193 206; 

6\18_18923.jpg
400 400
39 37 217 241; 37 41 216 247; 41 46 211 242; 

6\18_18927.jpg
399 309
79 70 261 248; 73 66 261 243; 77 68 258 244; 

6\18_18928.jpg
400 300
34 61 358 243; 37 56 358 247; 37 58 355 243; 

6\18_18930.jpg
400 266
56 26 191 211; 52 28 191 209; 55 30 189 214; 

6\18_18932.jpg
400 331
89 64 297 284; 77 48 302 282; 84 69 291 259; 

6\18_18937.jpg
331 400
86 40 216 265; 83 41 216 289; 86 45 212 265; 

6\18_18938.jpg
399 342
86 57 223 312; 84 63 217 312; 77 65 217 308; 

6\18_18943.jpg
300 400
158 113 256 345; 154 118 257 358; 158 119 256 354; 

6\18_18946.jpg
400 309
38 9 200 167; 42 5 194 168; 51 9 191 180; 

6\18_18957.jpg
400 250
214 97 346 194; 215 98 341 192; 216 99 342 192; 

6\18_18959.jpg
320 400
46 21 208 309; 49 19 202 298; 51 45 201 301; 

6\18_18960.jpg
336 400
67 86 246 372; 83 85 240 348; 61 91 259 240; 

6\18_18961.jpg
400 320
34 43 272 258; 34 50 268 254; 37 48 266 260; 

6\18_18964.jpg
400 349
112 134 344 298; 112 138 338 299; 182 140 334 284; 

6\18_18982.jpg
400 208
12 95 388 198; 8 21 391 196; 10 21 389 196; 

6\19_19008.jpg
400 300
92 22 324 299; 94 25 325 300; 114 27 312 300; 

6\19_19011.jpg
400 220
41 14 316 185; 32 20 318 184; 34 21 317 183; 

6\19_19018.jpg
400 300
183 83 388 233; 183 84 400 239; 185 85 284 231; 

6\19_19019.jpg
270 400
48 44 251 312; 18 45 251 338; 165 45 213 184; 

6\19_19021.jpg
322 400
102 45 301 366; 101 48 309 370; 127 48 209 197; 

6\19_19022.jpg
400 292
61 44 193 243; 63 41 229 252; 63 43 225 250; 

6\19_19025.jpg
400 381
145 150 335 309; 149 152 335 312; 148 152 333 312; 

6\19_19028.jpg
400 300
46 72 206 300; 31 76 207 300; 52 76 204 249; 

6\19_19029.jpg
400 300
62 35 352 274; 63 33 350 275; 62 36 347 273; 

6\19_19038.jpg
305 400
21 24 287 171; 12 24 278 171; 12 45 272 170; 

6\19_19040.jpg
400 300
229 28 348 230; 223 29 345 236; 212 33 341 230; 

6\19_19042.jpg
399 307
46 66 339 226; 45 59 350 221; 50 54 348 225; 

6\19_19049.jpg
400 300
131 81 364 286; 130 91 258 300; 150 99 251 242; 

6\19_19054.jpg
400 241
147 6 398 205; 1 6 396 201; 144 1 396 201; 

6\19_19068.jpg
400 216
124 69 388 211; 122 69 397 211; 124 70 396 211; 

6\19_19082.jpg
400 300
76 41 281 289; 68 41 228 298; 99 43 225 155; 

6\19_19088.jpg
400 300
166 179 347 262; 160 178 355 267; 166 184 349 262; 

6\19_19090.jpg
400 316
226 29 316 262; 225 31 316 266; 228 29 315 261; 

6\19_19099.jpg
266 400
11 155 167 341; 1 158 168 348; 1 159 164 344; 

6\19_19102.jpg
300 400
31 93 220 281; 27 92 221 280; 32 97 219 277; 

6\19_19103.jpg
400 300
34 18 305 228; 42 34 304 226; 48 43 226 175; 

6\19_19104.jpg
400 300
70 51 326 222; 119 55 327 232; 120 59 324 229; 

6\19_19113.jpg
367 400
58 57 294 334; 62 57 297 364; 61 60 291 354; 

6\19_19118.jpg
300 400
26 73 284 339; 28 70 284 370; 29 76 166 201; 

6\19_19123.jpg
321 399
61 60 227 196; 57 69 227 197; 66 74 220 240; 

6\19_19126.jpg
400 311
58 46 392 256; 55 46 400 280; 60 47 396 279; 

6\19_19133.jpg
338 400
29 86 279 368; 1 87 277 351; 5 88 276 324; 

6\19_19135.jpg
307 400
63 83 244 256; 62 86 244 344; 67 88 242 344; 

6\19_19136.jpg
400 280
36 17 343 227; 32 17 342 244; 31 17 341 242; 

6\19_19137.jpg
400 306
16 61 282 279; 17 61 284 275; 19 64 281 275; 

6\19_19139.jpg
400 317
32 106 279 281; 42 114 281 276; 44 128 271 279; 

6\19_19141.jpg
303 400
26 24 255 341; 52 48 243 360; 68 43 233 313; 

6\19_19164.jpg
289 230
52 28 139 180; 51 18 139 199; 52 31 129 187; 

6\19_19174.jpg
400 285
13 99 390 278; 10 78 390 275; 24 80 384 269; 

6\19_19186.jpg
400 301
89 10 338 283; 93 15 397 281; 93 14 241 279; 

6\19_19187.jpg
400 301
45 31 238 290; 9 30 238 296; 2 32 234 300; 

6\19_19189.jpg
399 396
31 30 235 199; 32 34 241 195; 35 35 229 197; 

6\19_19193.jpg
400 300
73 28 354 266; 73 31 351 269; 75 32 347 276; 

6\19_19200.jpg
392 400
129 39 343 362; 131 38 345 374; 133 40 341 368; 

6\19_19202.jpg
303 400
107 198 285 344; 109 198 291 345; 111 202 288 276; 

6\19_19205.jpg
300 400
25 11 209 314; 22 13 212 309; 28 45 207 262; 

6\19_19206.jpg
303 400
76 103 241 302; 62 103 242 298; 76 107 238 297; 

6\19_19210.jpg
399 255
74 70 366 202; 60 38 371 197; 61 69 366 205; 

6\19_19214.jpg
400 268
111 22 348 174; 110 24 350 176; 112 25 348 172; 

6\19_19217.jpg
400 282
110 11 286 244; 115 13 279 248; 116 15 277 236; 

6\19_19219.jpg
320 400
92 84 294 366; 91 87 295 365; 97 88 266 353; 

6\19_19227.jpg
400 320
125 42 338 312; 109 51 338 320; 129 57 333 312; 

6\19_19249.jpg
400 300
25 50 293 244; 23 51 292 242; 24 53 289 242; 

6\19_19279.jpg
266 400
48 46 244 287; 50 50 243 287; 49 51 239 284; 

6\19_19299.jpg
290 400
5 41 221 300; 6 44 219 299; 6 45 218 298; 

6\19_19429.jpg
400 300
164 88 326 293; 161 92 326 300; 161 92 324 296; 

6\19_19555.jpg
400 307
33 54 325 300; 30 57 319 301; 37 95 318 257; 

6\19_19593.jpg
400 298
18 41 336 255; 20 39 331 254; 21 42 329 254; 

6\19_19602.jpg
400 300
82 124 309 254; 82 125 308 250; 86 125 318 250; 

6\19_19603.jpg
400 156
101 19 261 143; 8 22 258 144; 108 24 258 142; 

6\19_19667.jpg
399 236
29 102 248 203; 29 107 246 204; 31 99 243 202; 

6\19_19670.jpg
400 300
132 93 338 244; 129 100 338 246; 118 86 345 256; 

6\19_19686.jpg
400 322
26 61 378 272; 22 62 373 271; 23 62 373 270; 

6\19_19720.jpg
400 186
13 92 312 179; 12 101 362 186; 16 99 356 185; 

6\19_19773.jpg
399 303
74 66 251 263; 73 61 248 258; 74 63 249 257; 

6\19_19808.jpg
400 300
100 133 306 241; 100 57 328 238; 102 141 304 232; 

6\19_19817.jpg
400 300
178 66 355 175; 173 72 376 169; 179 72 346 161; 

6\19_19820.jpg
400 300
98 85 313 211; 99 88 312 210; 105 88 309 208; 

6\19_19852.jpg
400 151
39 26 186 129; 36 28 185 133; 36 29 183 128; 

6\19_19863.jpg
399 275
66 18 383 220; 40 19 397 271; 42 18 371 172; 

6\19_19868.jpg
220 400
25 58 193 351; 22 47 206 346; 32 73 171 329; 

6\19_19884.jpg
400 268
41 4 298 198; 41 2 288 189; 42 1 284 179; 

6\19_19888.jpg
300 400
104 178 282 273; 98 180 284 276; 104 182 282 274; 

6\19_19910.jpg
400 238
18 80 389 226; 18 81 391 224; 16 85 389 236; 

6\19_19930.jpg
288 400
11 96 275 354; 9 92 276 358; 12 94 272 355; 

6\19_19932.jpg
399 260
82 73 382 202; 81 83 383 201; 84 66 382 196; 

6\19_19953.jpg
300 400
79 57 261 257; 80 61 262 261; 81 57 259 258; 

6\19_19958.jpg
320 400
82 12 234 332; 72 74 229 339; 76 70 210 239; 

6\19_19971.jpg
400 300
27 66 382 228; 17 67 384 222; 25 70 383 216; 

6\19_19973.jpg
400 300
84 65 351 289; 89 73 348 292; 89 79 346 292; 

6\20_20012.jpg
400 258
22 129 361 231; 19 108 361 219; 20 106 359 226; 

6\20_20053.jpg
400 277
16 34 292 184; 11 31 292 189; 6 35 291 186; 

6\20_20055.jpg
400 243
188 54 344 188; 205 54 342 182; 209 54 341 177; 

6\20_20061.jpg
400 300
27 50 222 225; 19 36 187 243; 22 38 176 223; 

6\20_20085.jpg
400 330
156 62 378 291; 153 62 380 288; 157 64 376 286; 

6\20_20144.jpg
400 351
15 132 341 314; 12 132 344 312; 18 134 341 310; 

6\20_20147.jpg
266 400
4 234 237 368; 1 233 239 369; 1 238 236 354; 

6\20_20184.jpg
399 299
46 38 381 244; 23 37 400 260; 48 40 378 241; 

6\20_20188.jpg
332 400
49 37 191 379; 51 38 198 384; 53 46 189 354; 

6\20_20204.jpg
333 400
48 77 301 351; 46 77 314 357; 47 78 281 265; 

6\20_20215.jpg
300 400
103 78 249 219; 37 78 249 400; 105 80 247 266; 

6\20_20227.jpg
271 180
105 29 171 162; 58 19 206 175; 100 29 167 158; 

6\20_20251.jpg
293 399
88 100 209 347; 82 98 206 353; 89 116 199 241; 

6\20_20252.jpg
311 400
48 22 271 276; 48 18 276 282; 124 76 221 247; 

6\20_20314.jpg
400 320
71 14 328 306; 72 11 273 314; 83 13 269 305; 

6\20_20331.jpg
320 400
96 166 219 284; 83 168 245 298; 110 192 186 258; 

6\20_20368.jpg
400 271
28 78 377 238; 24 80 382 246; 28 82 377 245; 

6\20_20436.jpg
320 400
111 68 214 279; 84 43 226 284; 84 48 212 217; 

6\20_20458.jpg
400 275
105 119 295 244; 102 112 345 249; 122 116 296 236; 

6\20_20573.jpg
300 400
95 133 225 375; 96 133 222 377; 93 133 223 365; 

6\20_20616.jpg
287 400
71 84 191 306; 66 86 196 314; 70 93 186 306; 

6\20_20642.jpg
247 400
48 24 195 382; 46 23 196 386; 58 108 191 351; 

6\20_20656.jpg
400 223
32 32 371 145; 30 29 371 145; 32 32 366 142; 

6\20_20689.jpg
400 301
42 86 385 220; 33 88 400 226; 40 90 399 216; 

6\20_20724.jpg
400 300
69 29 351 252; 64 23 351 248; 68 28 348 247; 

6\20_20730.jpg
322 400
18 82 295 228; 11 83 296 222; 18 91 289 221; 

6\20_20772.jpg
400 328
198 67 329 198; 198 65 330 198; 201 68 328 195; 

6\20_20783.jpg
400 321
187 88 388 293; 186 89 386 298; 188 91 385 297; 

6\20_20802.jpg
400 265
165 63 312 203; 166 67 305 201; 174 70 300 196; 

6\20_20825.jpg
266 400
89 41 190 261; 56 35 226 400; 89 35 191 254; 

6\20_20835.jpg
400 228
189 6 389 120; 170 3 389 125; 192 7 387 123; 

6\20_20836.jpg
309 400
67 29 292 270; 61 27 296 269; 66 35 294 270; 

6\20_20861.jpg
400 300
111 80 388 291; 108 43 400 298; 112 46 398 299; 

6\20_20863.jpg
400 300
91 66 301 242; 90 62 304 241; 109 105 301 244; 

6\20_20883.jpg
400 300
79 48 317 277; 79 53 326 277; 85 53 306 273; 

6\20_20896.jpg
400 249
170 36 388 243; 171 39 388 244; 175 40 388 242; 

6\20_20925.jpg
400 169
153 51 281 110; 152 51 283 109; 154 52 281 105; 

6\20_20926.jpg
400 226
222 114 379 203; 222 114 381 189; 223 117 386 184; 

6\20_20928.jpg
400 300
131 79 359 231; 131 81 358 225; 133 83 355 221; 

6\20_20929.jpg
180 400
35 117 151 260; 32 112 151 270; 38 119 146 257; 

6\20_20937.jpg
300 400
18 47 281 294; 18 46 279 297; 20 50 278 291; 

6\20_20940.jpg
400 300
28 92 331 245; 28 95 346 234; 28 96 324 230; 

6\20_20968.jpg
211 400
24 148 189 388; 23 144 191 391; 23 147 188 354; 

