159

7\21_21001.jpg
400 250
17 48 379 213; 16 46 379 218; 16 47 379 218; 

7\21_21007.jpg
400 298
26 31 310 269; 22 33 309 269; 21 34 309 298; 

7\21_21025.jpg
399 319
110 47 359 314; 111 50 361 319; 136 56 316 203; 

7\21_21052.jpg
400 260
15 19 226 229; 19 21 223 227; 21 21 224 226; 

7\21_21053.jpg
380 376
95 77 294 363; 98 76 292 374; 96 80 292 374; 

7\21_21087.jpg
325 399
17 37 312 252; 16 36 313 251; 16 37 312 250; 

7\21_21093.jpg
400 301
72 22 332 268; 74 24 331 271; 76 23 329 268; 

7\21_21096.jpg
266 400
96 105 173 334; 106 118 158 252; 108 117 156 251; 

7\21_21135.jpg
400 300
166 32 381 249; 165 35 388 251; 167 38 388 253; 

7\21_21146.jpg
400 300
6 40 268 283; 8 16 268 281; 8 17 266 279; 

7\21_21147.jpg
400 300
39 16 333 245; 41 13 334 243; 42 16 331 241; 

7\21_21154.jpg
364 400
63 18 297 351; 35 18 292 351; 68 45 292 350; 

7\21_21163.jpg
299 400
53 14 222 333; 114 12 221 391; 116 22 220 377; 

7\21_21183.jpg
287 400
42 111 233 272; 46 110 222 262; 46 114 222 254; 

7\21_21187.jpg
400 335
22 44 307 327; 24 51 304 318; 110 119 222 233; 

7\21_21207.jpg
400 344
136 10 386 324; 136 6 391 331; 140 164 353 254; 

7\21_21223.jpg
320 400
88 31 246 268; 89 32 244 184; 95 45 242 183; 

7\21_21244.jpg
400 300
78 25 333 269; 76 26 336 271; 81 30 331 264; 

7\21_21246.jpg
400 300
72 36 341 288; 122 43 365 237; 119 49 306 237; 

7\21_21286.jpg
400 375
102 64 346 369; 92 65 304 278; 125 68 268 276; 

7\21_21299.jpg
400 265
20 47 371 222; 21 49 371 218; 24 50 368 218; 

7\21_21303.jpg
400 390
131 74 279 263; 132 76 279 218; 138 79 276 214; 

7\21_21308.jpg
400 300
87 57 279 284; 90 59 283 285; 95 62 272 281; 

7\21_21313.jpg
399 217
77 2 292 207; 74 2 292 206; 79 0 289 204; 

7\21_21329.jpg
400 300
80 60 286 252; 79 59 286 260; 83 62 282 255; 

7\21_21332.jpg
300 400
98 223 258 357; 97 222 255 357; 99 225 252 352; 

7\21_21349.jpg
400 300
181 56 381 252; 196 63 381 252; 201 65 379 248; 

7\21_21373.jpg
303 400
34 14 283 255; 34 17 286 254; 36 45 283 249; 

7\21_21389.jpg
400 299
42 72 161 199; 44 66 153 193; 48 72 149 191; 

7\21_21394.jpg
400 300
117 44 283 214; 119 45 282 212; 120 47 280 211; 

7\21_21413.jpg
400 300
52 47 342 239; 46 44 348 239; 51 45 339 236; 

7\21_21416.jpg
400 306
56 19 226 211; 51 22 229 190; 56 9 225 189; 

7\21_21420.jpg
400 300
31 20 317 247; 38 21 319 244; 18 22 374 279; 

7\21_21422.jpg
400 258
29 10 278 194; 29 7 283 201; 32 7 281 201; 

7\21_21427.jpg
400 267
32 111 319 210; 34 105 321 209; 34 107 318 206; 

7\21_21431.jpg
298 400
37 218 269 380; 24 206 279 381; 27 209 278 352; 

7\21_21432.jpg
400 304
44 69 241 261; 46 71 238 258; 49 73 236 254; 

7\21_21469.jpg
400 361
81 62 308 316; 39 54 364 346; 79 62 309 311; 

7\21_21470.jpg
400 396
80 39 376 322; 80 41 376 320; 212 169 295 252; 

7\21_21475.jpg
400 223
19 2 193 201; 21 1 190 222; 22 1 185 221; 

7\21_21489.jpg
400 300
19 64 379 249; 14 54 221 276; 20 63 375 275; 

7\21_21701.jpg
322 400
60 119 312 344; 57 118 311 342; 61 122 309 340; 

7\21_21703.jpg
400 295
56 92 200 239; 54 95 202 237; 58 95 200 234; 

7\21_21740.jpg
321 399
26 141 274 356; 29 145 256 368; 34 147 247 359; 

7\21_21756.jpg
315 400
21 29 298 288; 18 29 292 287; 20 45 296 282; 

7\21_21780.jpg
399 329
25 30 337 223; 18 26 340 221; 110 27 336 151; 

7\21_21781.jpg
400 208
190 5 394 154; 192 1 399 155; 193 1 398 154; 

7\21_21805.jpg
400 269
46 37 379 185; 17 32 381 181; 8 35 378 179; 

7\21_21839.jpg
400 312
38 114 291 282; 39 116 289 279; 41 118 284 276; 

7\21_21850.jpg
257 400
122 79 222 255; 124 79 204 220; 124 81 196 219; 

7\21_21930.jpg
399 373
96 29 289 221; 93 32 294 219; 98 32 288 213; 

7\21_21938.jpg
400 271
101 45 294 232; 106 42 294 227; 106 47 292 225; 

7\21_21942.jpg
400 241
112 141 240 222; 25 79 231 216; 29 83 230 215; 

7\21_21952.jpg
400 218
145 16 388 188; 142 13 387 191; 146 19 385 188; 

7\21_21962.jpg
316 400
9 121 199 292; 1 123 199 321; 1 124 198 354; 

7\21_21974.jpg
400 246
206 82 349 222; 207 83 348 221; 208 86 346 219; 

7\21_21995.jpg
399 196
72 53 306 193; 63 52 306 189; 65 54 305 189; 

7\22_22028.jpg
292 400
43 27 162 249; 26 27 199 320; 28 26 157 317; 

7\22_22047.jpg
400 283
39 95 331 212; 42 98 330 212; 42 98 328 210; 

7\22_22084.jpg
291 400
79 14 213 340; 79 13 209 385; 82 17 209 381; 

7\22_22114.jpg
400 370
59 36 223 337; 64 40 222 338; 66 41 219 330; 

7\22_22135.jpg
328 400
32 74 306 361; 36 92 272 380; 34 94 270 351; 

7\22_22136.jpg
400 400
132 137 372 365; 127 136 374 380; 132 159 364 377; 

7\22_22141.jpg
300 400
52 38 210 375; 51 39 211 374; 52 45 209 354; 

7\22_22147.jpg
310 400
132 83 265 205; 129 82 264 204; 133 83 264 202; 

7\22_22210.jpg
304 399
101 204 241 336; 102 213 240 334; 106 217 238 332; 

7\22_22218.jpg
400 300
18 62 199 261; 20 65 197 259; 19 66 197 258; 

7\22_22219.jpg
400 290
100 8 275 288; 103 8 268 290; 100 10 264 288; 

7\22_22234.jpg
293 399
113 55 230 267; 111 53 226 267; 114 60 226 267; 

7\22_22315.jpg
300 400
64 22 250 319; 70 39 252 321; 69 45 253 318; 

7\22_22396.jpg
268 400
31 62 252 344; 18 65 248 342; 21 66 252 345; 

7\22_22481.jpg
400 248
49 88 277 208; 32 89 278 202; 50 91 272 203; 

7\22_22502.jpg
400 300
18 61 345 186; 11 60 353 183; 12 62 351 182; 

7\22_22659.jpg
399 371
80 44 293 363; 78 42 284 319; 96 138 248 259; 

7\22_22698.jpg
400 300
99 21 294 217; 101 26 293 214; 103 27 291 213; 

7\22_22717.jpg
400 320
64 94 319 246; 92 126 302 232; 93 129 298 229; 

7\22_22821.jpg
400 300
81 162 321 249; 76 162 331 252; 77 164 323 249; 

7\22_22836.jpg
400 288
22 18 191 221; 4 16 211 224; 3 19 209 223; 

7\22_22838.jpg
400 300
32 59 184 286; 31 58 186 287; 34 59 184 286; 

7\22_22861.jpg
400 300
28 100 250 277; 26 101 393 273; 256 162 400 263; 

7\22_22877.jpg
303 399
130 46 260 219; 132 49 256 214; 134 51 255 214; 

7\22_22883.jpg
400 348
91 39 371 189; 82 39 369 189; 87 41 368 186; 

7\22_22885.jpg
400 300
84 31 280 210; 79 23 291 211; 151 58 288 158; 

7\22_22933.jpg
400 273
133 2 295 213; 135 1 291 215; 135 0 285 213; 

7\22_22938.jpg
400 248
79 44 378 236; 203 41 373 232; 214 44 371 232; 

7\22_22969.jpg
400 274
11 33 245 267; 5 34 244 273; 5 35 241 273; 

7\22_22998.jpg
300 400
2 64 230 354; 1 66 228 336; 1 68 225 349; 

7\23_23002.jpg
400 300
90 8 296 270; 128 6 302 253; 89 6 345 292; 

7\23_23003.jpg
300 400
18 95 269 280; 21 95 266 279; 21 96 267 281; 

7\23_23006.jpg
304 400
52 20 220 356; 56 18 218 356; 55 72 219 355; 

7\23_23036.jpg
400 313
82 60 328 291; 268 59 366 164; 84 64 322 288; 

7\23_23069.jpg
400 316
25 69 260 297; 27 70 251 292; 25 71 261 295; 

7\23_23071.jpg
298 400
161 158 289 342; 156 154 291 316; 156 159 285 305; 

7\23_23077.jpg
399 312
117 74 325 245; 82 57 331 250; 78 71 326 243; 

7\23_23102.jpg
303 400
10 172 161 386; 11 171 137 320; 12 172 137 318; 

7\23_23147.jpg
304 400
70 6 228 337; 57 6 249 331; 60 66 250 327; 

7\23_23153.jpg
400 320
159 11 367 244; 162 12 336 246; 166 16 343 238; 

7\23_23157.jpg
400 348
18 25 317 295; 24 23 309 293; 33 28 313 273; 

7\23_23160.jpg
400 300
19 28 273 184; 10 30 278 177; 20 36 265 170; 

7\23_23186.jpg
400 400
30 41 208 379; 27 40 208 383; 26 45 204 354; 

7\23_23227.jpg
400 320
171 48 306 286; 162 64 286 212; 185 67 282 211; 

7\23_23228.jpg
400 281
69 151 262 256; 61 152 369 259; 68 153 258 255; 

7\23_23293.jpg
400 320
175 64 319 316; 174 70 291 216; 189 69 289 215; 

7\23_23317.jpg
400 258
123 113 267 186; 124 113 262 180; 127 115 259 179; 

7\23_23354.jpg
308 399
140 34 289 347; 139 39 289 344; 142 44 284 338; 

7\23_23355.jpg
400 266
118 51 356 232; 119 51 357 233; 121 53 354 230; 

7\23_23378.jpg
300 400
92 19 253 394; 91 19 259 398; 95 46 254 353; 

7\23_23387.jpg
281 399
116 44 231 364; 117 39 229 399; 120 47 223 294; 

7\23_23393.jpg
400 266
146 36 351 237; 122 13 376 263; 127 16 372 261; 

7\23_23453.jpg
400 321
54 23 385 200; 26 15 390 213; 47 24 384 196; 

7\23_23474.jpg
400 333
56 34 349 296; 35 32 352 325; 57 37 344 182; 

7\23_23514.jpg
400 310
109 89 321 254; 104 85 325 261; 110 89 319 251; 

7\23_23525.jpg
364 399
111 42 259 368; 109 85 239 369; 112 86 238 356; 

7\23_23529.jpg
400 274
104 29 375 249; 176 19 372 221; 204 56 309 218; 

7\23_23530.jpg
400 362
149 74 375 347; 145 74 380 363; 152 77 375 345; 

7\23_23544.jpg
300 400
41 38 254 352; 42 37 256 352; 58 154 239 324; 

7\23_23560.jpg
400 300
214 77 362 277; 212 27 361 282; 214 88 361 274; 

7\23_23574.jpg
399 381
192 3 321 266; 184 3 318 277; 196 4 313 267; 

7\23_23577.jpg
400 300
44 75 291 298; 39 76 296 296; 47 79 293 294; 

7\23_23627.jpg
400 266
175 46 349 185; 159 44 389 188; 162 48 343 190; 

7\23_23636.jpg
400 238
146 59 376 171; 149 58 376 166; 148 59 373 162; 

7\23_23645.jpg
400 300
119 2 315 210; 121 4 315 205; 121 4 312 208; 

7\23_23666.jpg
400 303
172 109 351 237; 172 111 349 234; 173 111 349 233; 

7\23_23683.jpg
400 300
142 23 284 168; 143 22 282 166; 144 24 281 164; 

7\23_23697.jpg
300 400
120 72 284 301; 121 75 281 300; 124 76 280 299; 

7\23_23717.jpg
338 400
193 135 299 324; 191 136 299 378; 194 137 296 372; 

7\23_23721.jpg
356 399
97 193 241 336; 99 196 240 338; 100 200 236 335; 

7\23_23725.jpg
400 322
218 83 376 274; 212 79 374 274; 222 86 366 271; 

7\23_23726.jpg
322 400
26 88 233 376; 22 119 226 380; 113 90 233 321; 

7\23_23732.jpg
400 299
46 95 341 246; 44 97 340 243; 47 99 337 240; 

7\23_23733.jpg
400 300
71 73 335 251; 78 69 281 253; 84 83 276 242; 

7\23_23748.jpg
400 336
51 103 244 288; 49 106 240 288; 54 107 237 284; 

7\23_23758.jpg
400 298
21 23 368 213; 23 24 371 239; 22 26 368 211; 

7\23_23763.jpg
400 296
36 39 290 254; 32 16 289 276; 36 19 304 295; 

7\23_23766.jpg
400 341
77 24 331 309; 74 23 331 306; 79 26 329 307; 

7\23_23770.jpg
400 224
138 76 361 218; 127 80 361 224; 139 82 359 223; 

7\23_23774.jpg
300 400
68 198 247 318; 66 196 251 318; 68 199 247 312; 

7\23_23775.jpg
301 400
52 44 263 242; 47 43 221 276; 126 110 196 354; 

7\23_23778.jpg
400 361
52 24 261 318; 97 58 259 318; 99 31 258 266; 

7\23_23779.jpg
400 292
175 94 376 262; 110 94 396 287; 114 98 397 274; 

7\23_23783.jpg
400 300
119 0 279 196; 117 1 286 218; 120 2 275 189; 

7\23_23795.jpg
400 292
88 48 346 229; 86 45 382 224; 87 63 382 219; 

7\23_23796.jpg
316 400
64 82 236 331; 88 18 263 335; 97 99 263 330; 

7\23_23817.jpg
400 312
146 11 369 264; 139 10 372 262; 143 12 371 261; 

7\23_23820.jpg
400 273
22 12 389 179; 23 4 391 181; 25 5 389 179; 

7\23_23824.jpg
400 300
72 42 372 265; 74 47 372 261; 76 48 354 256; 

7\23_23825.jpg
400 299
154 79 262 261; 160 86 261 262; 162 87 260 258; 

7\23_23836.jpg
400 351
67 28 281 317; 63 29 277 280; 68 31 276 312; 

7\23_23924.jpg
400 393
36 56 383 262; 38 52 384 262; 48 58 380 254; 

7\23_23934.jpg
305 400
52 133 295 257; 59 135 298 256; 59 136 297 260; 

7\23_23944.jpg
320 400
32 72 299 346; 27 72 306 352; 34 74 236 240; 

7\23_23945.jpg
400 300
82 59 362 264; 74 59 361 289; 87 61 361 286; 

7\23_23948.jpg
333 400
44 23 285 320; 39 29 246 334; 42 29 309 335; 

7\23_23951.jpg
344 399
16 132 333 373; 20 136 335 398; 42 20 193 288; 

7\23_23966.jpg
400 266
63 18 329 247; 134 14 270 221; 87 20 271 251; 

7\23_23968.jpg
300 400
86 5 246 301; 86 2 246 304; 82 45 242 299; 

7\23_23976.jpg
400 323
92 28 343 236; 89 28 344 239; 94 31 341 233; 

7\23_23990.jpg
300 400
89 11 285 301; 90 12 283 302; 94 45 284 221; 

7\23_23996.jpg
400 307
9 128 228 305; 7 128 252 308; 70 133 243 252; 

