135

13\39_39000.jpg
400 300
92 38 347 239; 122 91 236 185; 93 38 345 241; 

13\39_39002.jpg
400 373
30 36 361 194; 152 32 279 177; 26 35 362 174; 

13\39_39003.jpg
400 341
72 106 374 288; 71 102 378 310; 73 106 374 306; 

13\39_39018.jpg
400 300
44 74 370 174; 41 74 312 175; 44 75 369 174; 

13\39_39101.jpg
400 300
91 32 374 244; 95 121 323 261; 93 33 399 259; 

13\39_39113.jpg
400 321
236 136 348 254; 232 137 345 265; 234 139 345 304; 

13\39_39114.jpg
399 299
69 50 354 232; 75 51 348 232; 71 53 348 231; 

13\39_39136.jpg
400 298
61 31 225 264; 72 33 223 179; 61 30 223 262; 

13\39_39143.jpg
400 307
13 84 397 253; 12 87 129 231; 15 84 399 256; 

13\39_39185.jpg
400 300
64 58 155 219; 66 59 152 217; 66 59 151 218; 

13\39_39190.jpg
400 320
101 72 368 232; 103 74 177 191; 103 75 366 233; 

13\39_39197.jpg
400 300
60 56 341 296; 187 56 341 211; 60 56 340 300; 

13\39_39203.jpg
311 400
78 100 233 288; 116 112 185 241; 51 45 234 287; 

13\39_39223.jpg
266 399
40 55 218 343; 25 55 166 269; 31 56 267 356; 

13\39_39235.jpg
337 399
44 20 283 337; 42 78 286 340; 44 28 287 340; 

13\39_39236.jpg
400 300
125 103 334 186; 125 103 335 151; 128 104 335 150; 

13\39_39248.jpg
286 399
52 31 272 274; 48 27 269 251; 45 31 269 249; 

13\39_39249.jpg
400 389
33 59 355 329; 110 192 311 328; 111 174 333 328; 

13\39_39250.jpg
399 266
15 12 344 189; 75 19 234 111; 15 14 347 190; 

13\39_39257.jpg
400 334
36 90 358 306; 48 148 142 258; 28 99 281 248; 

13\39_39271.jpg
400 266
98 3 338 266; 95 102 241 244; 97 4 338 266; 

13\39_39293.jpg
400 294
32 83 258 263; 133 85 258 261; 33 87 256 262; 

13\39_39297.jpg
400 308
100 52 298 254; 130 82 272 221; 95 48 304 260; 

13\39_39314.jpg
399 222
78 80 276 143; 74 81 279 143; 76 81 277 141; 

13\39_39342.jpg
400 314
178 70 369 257; 179 69 368 256; 187 78 364 248; 

13\39_39346.jpg
400 320
4 50 381 251; 2 84 225 232; 36 52 254 231; 

13\39_39354.jpg
399 266
164 4 321 265; 165 4 316 267; 164 4 314 265; 

13\39_39362.jpg
320 400
58 121 240 261; 64 124 239 261; 21 98 239 260; 

13\39_39364.jpg
320 400
37 111 286 382; 38 112 244 282; 39 113 244 293; 

13\39_39375.jpg
249 400
52 90 226 324; 57 91 246 209; 58 89 227 326; 

13\39_39391.jpg
400 300
34 56 192 209; 38 56 189 207; 39 58 188 206; 

13\39_39423.jpg
400 300
129 18 351 267; 134 19 214 129; 131 21 345 265; 

13\39_39439.jpg
400 300
11 18 281 278; 47 19 189 176; 1 21 297 281; 

13\39_39440.jpg
400 300
132 68 283 264; 182 71 274 215; 132 70 284 261; 

13\39_39477.jpg
300 400
79 139 279 396; 82 143 286 306; 84 145 295 282; 

13\39_39484.jpg
400 305
16 51 333 261; 171 50 311 256; 170 49 320 271; 

13\39_39485.jpg
263 400
20 60 245 292; 89 150 212 290; 22 57 242 293; 

13\39_39492.jpg
278 400
61 21 198 389; 36 150 161 386; 38 136 238 349; 

13\39_39517.jpg
296 400
26 21 282 106; 26 20 283 108; 29 46 282 106; 

13\39_39521.jpg
400 300
33 21 230 242; 82 22 171 227; 31 23 230 238; 

13\39_39549.jpg
300 400
56 31 232 380; 58 193 236 378; 54 191 239 355; 

13\39_39563.jpg
400 300
30 91 205 273; 31 93 206 274; 31 95 204 273; 

13\39_39603.jpg
400 355
16 45 277 314; 15 44 281 313; 16 45 279 313; 

13\39_39648.jpg
400 319
94 14 245 199; 94 15 237 198; 94 15 238 197; 

13\39_39666.jpg
400 300
99 53 326 278; 229 57 392 133; 84 58 392 284; 

13\39_39670.jpg
400 300
69 33 303 266; 68 34 298 267; 70 35 292 261; 

13\39_39738.jpg
250 400
9 119 91 272; 8 118 92 274; 9 119 91 272; 

13\39_39739.jpg
365 400
113 54 340 267; 113 55 339 268; 115 55 336 270; 

13\39_39745.jpg
400 377
61 24 329 227; 199 107 326 237; 66 27 325 223; 

13\39_39748.jpg
400 300
83 32 271 245; 83 35 271 240; 85 35 278 240; 

13\39_39757.jpg
400 266
36 33 286 172; 134 35 286 174; 35 34 286 172; 

13\39_39797.jpg
400 244
8 8 217 233; 10 64 217 196; 11 8 215 231; 

13\39_39849.jpg
400 265
27 58 358 175; 82 76 284 166; 30 59 357 165; 

13\39_39850.jpg
400 262
258 58 365 254; 259 58 366 163; 260 59 364 161; 

13\39_39873.jpg
400 300
28 61 365 229; 31 65 302 207; 30 67 367 230; 

13\39_39876.jpg
400 301
102 34 291 270; 103 35 290 269; 103 35 290 268; 

13\39_39883.jpg
400 300
111 72 208 217; 110 70 210 220; 110 71 207 218; 

13\39_39917.jpg
400 277
84 93 314 179; 86 96 313 181; 86 96 311 180; 

13\39_39936.jpg
400 300
82 82 356 206; 136 156 316 202; 81 84 393 205; 

13\39_39949.jpg
400 269
66 44 184 187; 65 45 185 186; 65 44 184 187; 

13\39_39955.jpg
280 400
54 84 256 274; 53 85 259 275; 56 87 273 275; 

13\39_39957.jpg
400 300
33 160 344 245; 25 158 345 249; 15 160 346 250; 

13\39_39985.jpg
320 400
33 121 256 381; 93 121 196 276; 34 123 254 354; 

13\39_39990.jpg
400 303
90 24 350 277; 89 25 348 181; 91 25 347 276; 

13\39_39992.jpg
400 289
91 26 322 281; 91 44 269 226; 92 26 321 282; 

13\40_40030.jpg
266 400
36 78 138 312; 33 79 132 251; 34 80 132 249; 

13\40_40032.jpg
400 294
16 54 316 252; 71 81 262 131; 18 56 319 254; 

13\40_40042.jpg
371 400
88 16 302 232; 87 62 302 230; 89 39 302 229; 

13\40_40043.jpg
400 286
18 138 383 256; 69 138 233 242; 18 139 383 254; 

13\40_40048.jpg
400 298
32 140 356 286; 122 209 281 269; 39 137 362 283; 

13\40_40054.jpg
399 307
66 58 378 229; 68 66 379 232; 68 65 381 261; 

13\40_40055.jpg
400 247
20 12 200 208; 18 15 199 213; 20 15 199 230; 

13\40_40060.jpg
400 266
82 88 374 170; 79 118 233 168; 81 92 389 169; 

13\40_40068.jpg
308 399
104 24 266 374; 115 21 234 200; 105 40 266 359; 

13\40_40081.jpg
400 254
19 18 278 161; 120 19 278 159; 17 18 277 158; 

13\40_40083.jpg
313 400
51 103 141 309; 50 105 141 311; 51 106 140 308; 

13\40_40090.jpg
400 300
25 144 234 244; 26 146 159 209; 26 146 238 244; 

13\40_40095.jpg
400 238
36 53 208 109; 36 54 209 108; 37 54 209 106; 

13\40_40096.jpg
295 400
96 36 260 176; 93 37 258 176; 96 46 259 174; 

13\40_40175.jpg
400 267
50 5 259 262; 50 108 259 156; 51 6 259 262; 

13\40_40179.jpg
400 299
81 4 301 289; 81 167 302 288; 81 5 302 288; 

13\40_40181.jpg
400 298
38 102 364 216; 173 107 362 218; 1 100 362 222; 

13\40_40184.jpg
400 301
89 73 340 174; 142 77 340 166; 0 76 339 301; 

13\40_40213.jpg
400 303
79 44 237 258; 128 53 174 254; 84 46 232 250; 

13\40_40255.jpg
300 400
48 128 248 390; 17 129 251 263; 17 129 250 326; 

13\40_40286.jpg
400 300
92 3 295 298; 93 101 265 300; 93 1 294 299; 

13\40_40287.jpg
295 400
26 186 266 334; 47 192 171 276; 27 190 262 334; 

13\40_40333.jpg
400 300
75 101 241 252; 87 102 239 247; 89 103 238 246; 

13\40_40376.jpg
400 308
55 44 232 292; 162 99 229 291; 61 49 229 291; 

13\40_40379.jpg
396 400
28 30 218 336; 58 29 219 124; 31 45 218 354; 

13\40_40494.jpg
300 400
98 46 204 278; 102 68 202 262; 102 59 202 261; 

13\40_40509.jpg
400 320
66 26 342 290; 88 103 325 223; 131 134 324 280; 

13\40_40622.jpg
400 230
32 42 352 171; 42 44 353 156; 45 44 351 152; 

13\40_40642.jpg
400 296
48 48 224 179; 48 48 226 182; 51 51 224 178; 

13\40_40664.jpg
400 356
154 94 372 328; 167 95 370 329; 114 57 369 325; 

13\40_40722.jpg
400 331
120 12 264 306; 117 11 263 305; 116 11 264 305; 

13\40_40735.jpg
400 320
76 46 270 269; 122 89 229 242; 77 49 272 299; 

13\40_40743.jpg
299 400
104 136 281 342; 148 174 282 341; 97 46 297 339; 

13\40_40752.jpg
400 300
136 92 276 279; 139 98 255 274; 141 98 256 292; 

13\40_40790.jpg
399 381
40 30 268 311; 46 30 238 298; 45 35 239 296; 

13\40_40818.jpg
300 400
38 53 247 336; 38 52 248 337; 39 53 245 334; 

13\40_40835.jpg
400 265
82 32 329 247; 82 33 287 166; 83 34 329 245; 

13\40_40837.jpg
400 342
70 34 326 309; 118 69 246 308; 64 37 328 312; 

13\40_40858.jpg
300 400
80 22 214 376; 88 98 212 376; 89 107 213 355; 

13\40_40882.jpg
266 400
66 40 260 280; 68 92 187 176; 69 45 265 282; 

13\40_40907.jpg
400 320
126 36 347 271; 126 77 349 272; 126 78 349 270; 

13\40_40927.jpg
395 399
60 44 208 348; 66 45 203 327; 66 45 201 324; 

13\40_40961.jpg
363 400
4 137 288 368; 114 136 287 247; 6 139 286 353; 

13\40_40972.jpg
400 310
206 38 348 296; 194 39 347 265; 197 39 348 308; 

13\41_41001.jpg
400 300
91 28 334 268; 93 28 332 268; 92 29 332 267; 

13\41_41022.jpg
400 266
35 8 286 254; 37 8 284 255; 35 6 284 254; 

13\41_41023.jpg
400 266
34 8 284 254; 33 6 284 255; 34 7 284 254; 

13\41_41027.jpg
300 400
76 64 300 268; 82 81 299 227; 84 82 299 226; 

13\41_41041.jpg
400 296
56 18 290 285; 57 16 272 161; 59 20 288 287; 

13\41_41075.jpg
400 300
95 28 354 271; 99 33 344 253; 98 29 352 269; 

13\41_41089.jpg
400 261
88 89 332 238; 86 89 332 230; 86 90 330 239; 

13\41_41159.jpg
399 301
46 128 282 271; 112 154 231 254; 36 114 303 269; 

13\41_41390.jpg
400 298
80 78 184 243; 83 81 185 235; 82 81 178 240; 

13\41_41677.jpg
400 300
85 81 252 225; 81 84 249 225; 85 85 249 223; 

13\41_41686.jpg
400 300
139 79 281 222; 143 81 280 221; 143 82 279 220; 

13\41_41696.jpg
400 266
59 45 367 223; 59 45 161 209; 60 45 365 220; 

13\41_41775.jpg
400 266
145 15 307 242; 148 95 264 216; 149 18 308 192; 

13\41_41776.jpg
400 266
111 18 281 249; 146 97 267 180; 111 18 277 248; 

13\41_41777.jpg
266 400
6 74 149 263; 56 157 149 268; 8 78 149 247; 

13\41_41779.jpg
400 400
58 47 328 348; 205 162 327 339; 183 50 326 267; 

13\41_41780.jpg
400 266
79 39 332 244; 164 81 329 245; 84 53 331 247; 

13\41_41783.jpg
400 266
108 4 282 244; 106 69 281 266; 110 71 280 266; 

13\41_41784.jpg
400 266
101 4 329 251; 106 1 293 223; 106 1 292 222; 

13\41_41785.jpg
400 266
93 28 263 229; 92 94 262 230; 91 32 262 231; 

13\41_41823.jpg
400 300
97 86 308 296; 130 88 309 198; 90 89 309 283; 

13\41_41827.jpg
348 400
9 76 317 295; 162 115 310 294; 10 76 309 291; 

13\41_41831.jpg
294 399
97 20 254 336; 149 30 228 209; 92 44 245 332; 

13\41_41859.jpg
400 300
69 26 312 237; 71 29 173 172; 68 31 196 237; 

13\41_41874.jpg
400 346
20 44 252 278; 121 48 248 251; 56 45 250 251; 

13\41_41899.jpg
400 300
152 60 238 284; 154 62 240 276; 156 62 239 276; 

