330

1\3_3018.jpg
400 300
92 48 292 238; 102 55 272 240; 105 59 270 236; 

1\3_3022.jpg
300 400
62 49 228 251; 30 21 245 248; 59 88 244 247; 

1\3_3032.jpg
400 300
16 59 309 198; 9 58 302 190; 11 58 301 179; 

1\3_3035.jpg
400 300
41 42 264 282; 40 41 249 300; 41 47 269 299; 

1\3_3042.jpg
400 266
81 52 306 192; 72 46 317 186; 12 47 316 218; 

1\3_3045.jpg
400 300
76 44 290 191; 75 45 316 205; 75 49 315 212; 

1\3_3048.jpg
400 300
44 6 220 184; 46 5 221 171; 45 6 218 169; 

1\3_3055.jpg
400 266
91 40 233 183; 80 37 237 178; 81 39 237 178; 

1\3_3058.jpg
400 300
138 87 295 199; 118 82 298 206; 130 88 297 207; 

1\3_3069.jpg
400 300
159 26 370 262; 188 88 388 290; 189 99 389 289; 

1\3_3072.jpg
400 300
175 49 383 258; 173 46 382 280; 174 49 382 278; 

1\3_3078.jpg
400 266
119 43 360 204; 122 46 356 206; 125 48 352 204; 

1\3_3079.jpg
400 300
78 74 278 242; 79 76 268 243; 80 16 287 282; 

1\3_3087.jpg
400 300
84 122 315 234; 68 116 318 236; 69 111 315 218; 

1\3_3095.jpg
400 300
121 78 241 300; 130 79 246 300; 127 79 246 300; 

1\3_3100.jpg
400 300
138 44 277 257; 141 9 278 300; 140 42 274 242; 

1\3_3121.jpg
400 266
15 66 384 222; 77 61 387 224; 12 64 387 221; 

1\3_3123.jpg
266 400
44 93 199 342; 76 191 205 354; 53 109 212 345; 

1\3_3142.jpg
400 300
94 174 301 286; 91 172 299 291; 92 174 298 293; 

1\3_3144.jpg
300 400
72 79 270 378; 146 151 298 359; 148 148 299 361; 

1\3_3147.jpg
400 300
104 117 258 201; 103 116 254 199; 103 118 251 201; 

1\3_3148.jpg
400 300
127 101 301 261; 132 99 301 251; 116 83 300 247; 

1\3_3183.jpg
400 300
151 79 360 274; 153 80 358 278; 154 81 360 278; 

1\3_3214.jpg
400 300
82 28 344 268; 79 28 342 266; 28 30 342 300; 

1\3_3220.jpg
400 300
61 94 341 224; 59 95 386 231; 61 96 384 251; 

1\3_3234.jpg
300 400
65 2 251 273; 68 1 249 273; 64 17 248 271; 

1\3_3241.jpg
300 400
78 69 286 344; 78 71 251 344; 79 72 250 296; 

1\3_3260.jpg
400 300
42 42 358 269; 40 46 392 278; 41 48 355 276; 

1\3_3263.jpg
400 300
69 55 239 162; 69 64 235 161; 71 65 236 160; 

1\3_3272.jpg
400 300
18 38 264 274; 17 9 311 293; 18 9 309 292; 

1\3_3276.jpg
400 300
97 97 265 262; 98 98 274 262; 99 99 274 263; 

1\3_3287.jpg
266 400
8 21 254 234; 9 21 256 271; 8 22 254 217; 

1\3_3289.jpg
300 400
39 14 193 388; 44 9 191 384; 46 17 191 385; 

1\3_3294.jpg
400 300
109 54 270 207; 108 56 273 209; 109 58 272 209; 

1\3_3308.jpg
300 400
18 4 296 234; 19 1 296 231; 19 1 296 231; 

1\3_3317.jpg
400 300
44 84 141 274; 45 76 138 275; 44 74 138 274; 

1\3_3323.jpg
300 400
126 117 266 315; 124 114 268 328; 126 117 266 329; 

1\3_3327.jpg
400 300
102 85 268 212; 102 88 267 211; 102 88 266 211; 

1\3_3333.jpg
400 300
53 30 303 265; 58 6 311 260; 55 8 310 258; 

1\3_3344.jpg
300 400
46 96 259 303; 46 98 260 298; 48 98 259 306; 

1\3_3345.jpg
400 300
160 66 378 245; 163 65 382 246; 159 67 381 248; 

1\3_3356.jpg
400 300
3 6 285 179; 3 9 283 175; 4 8 284 174; 

1\3_3360.jpg
400 266
105 51 318 235; 106 53 317 236; 106 54 317 234; 

1\3_3362.jpg
400 300
51 41 173 270; 51 44 173 271; 52 44 173 269; 

1\3_3363.jpg
300 400
100 135 281 299; 104 139 300 301; 104 139 300 302; 

1\3_3365.jpg
400 300
116 2 282 283; 101 1 284 300; 99 1 308 182; 

1\3_3372.jpg
400 300
58 59 359 259; 84 61 292 212; 80 61 291 210; 

1\3_3374.jpg
400 300
132 20 382 261; 137 28 379 258; 136 27 381 259; 

1\3_3388.jpg
400 266
19 108 387 172; 1 109 400 169; 0 109 398 169; 

1\3_3400.jpg
400 300
78 16 324 288; 141 2 242 146; 101 1 262 300; 

1\3_3429.jpg
400 300
72 9 322 288; 68 11 320 299; 69 11 321 299; 

1\3_3433.jpg
300 400
111 127 269 356; 110 127 280 354; 109 128 268 353; 

1\3_3434.jpg
400 300
114 118 314 194; 112 118 315 194; 114 118 316 193; 

1\3_3435.jpg
300 400
22 88 246 314; 7 15 297 328; 7 94 298 328; 

1\3_3436.jpg
400 300
125 22 288 266; 123 21 288 264; 122 16 287 262; 

1\3_3439.jpg
400 300
114 29 285 265; 110 22 312 262; 115 28 286 259; 

1\3_3453.jpg
400 300
61 52 254 264; 118 83 399 206; 62 51 258 272; 

1\3_3460.jpg
400 300
47 50 220 150; 36 21 242 159; 46 58 231 155; 

1\3_3467.jpg
300 400
14 44 243 328; 13 43 244 325; 14 45 244 326; 

1\3_3473.jpg
400 300
260 6 388 257; 260 0 389 271; 260 1 388 269; 

1\3_3485.jpg
400 300
112 145 368 248; 18 140 368 242; 20 142 366 247; 

1\3_3504.jpg
400 266
176 31 391 258; 165 32 400 266; 165 34 398 265; 

1\3_3514.jpg
400 300
140 86 280 198; 143 88 278 193; 143 88 277 192; 

1\3_3524.jpg
400 300
79 46 307 254; 83 48 302 251; 85 48 301 249; 

1\3_3550.jpg
400 300
34 84 378 236; 29 85 382 228; 32 86 384 225; 

1\3_3551.jpg
266 400
56 10 256 251; 60 12 262 250; 59 16 262 249; 

1\3_3559.jpg
400 300
121 119 391 248; 117 116 393 246; 114 118 394 247; 

1\3_3610.jpg
400 300
114 30 262 289; 121 31 260 285; 121 32 260 284; 

1\3_3654.jpg
400 266
235 28 352 169; 236 27 352 171; 235 29 352 169; 

1\3_3692.jpg
400 266
64 24 308 259; 68 28 306 258; 66 26 304 257; 

1\3_3706.jpg
400 300
59 22 376 244; 92 25 377 236; 63 26 377 266; 

1\3_3732.jpg
400 300
134 81 334 252; 137 81 335 253; 136 82 334 254; 

1\3_3770.jpg
400 300
89 18 386 220; 80 16 392 231; 89 17 391 229; 

1\3_3791.jpg
400 300
122 85 305 226; 116 84 305 221; 123 89 302 218; 

1\3_3797.jpg
400 266
234 9 389 259; 237 9 391 266; 238 9 389 266; 

1\3_3815.jpg
400 300
116 80 304 268; 118 84 302 258; 122 88 300 254; 

1\3_3818.jpg
400 300
171 9 295 241; 176 1 292 229; 194 0 291 231; 

1\3_3834.jpg
400 300
141 119 266 222; 138 108 279 235; 179 141 239 196; 

1\3_3835.jpg
300 400
55 46 182 382; 50 42 182 382; 51 43 181 382; 

1\3_3852.jpg
400 300
91 96 371 229; 81 98 372 225; 72 99 375 224; 

1\3_3856.jpg
400 266
56 24 354 218; 59 26 350 213; 61 24 348 211; 

1\3_3879.jpg
300 400
27 174 252 330; 3 56 231 332; 2 16 299 219; 

1\3_3914.jpg
400 300
152 67 366 277; 153 64 367 278; 157 66 366 275; 

1\3_3926.jpg
266 400
9 181 261 369; 3 192 262 378; 4 191 261 382; 

1\3_3931.jpg
266 400
46 121 216 374; 51 123 216 400; 55 129 212 382; 

1\3_3942.jpg
400 300
148 69 285 293; 152 33 280 300; 152 38 279 300; 

1\3_3962.jpg
400 300
72 76 261 226; 52 73 262 221; 50 74 290 228; 

1\3_3964.jpg
300 400
98 191 279 288; 101 198 284 281; 105 197 259 259; 

1\3_3965.jpg
400 266
92 21 299 238; 86 23 300 239; 91 24 299 239; 

1\3_3972.jpg
400 300
126 7 270 267; 128 6 278 278; 129 7 276 276; 

1\4_4012.jpg
400 300
29 37 264 259; 33 39 330 256; 33 41 264 252; 

1\4_4013.jpg
300 400
117 28 290 270; 120 45 284 279; 106 27 297 244; 

1\4_4031.jpg
300 400
27 16 289 261; 8 16 292 281; 9 16 291 261; 

1\4_4038.jpg
400 300
189 66 373 278; 190 66 381 279; 191 68 380 279; 

1\4_4040.jpg
400 300
70 95 341 231; 90 86 338 249; 1 91 340 252; 

1\4_4059.jpg
400 300
159 112 268 232; 172 125 262 211; 177 127 260 209; 

1\4_4065.jpg
400 300
116 23 372 276; 95 21 373 276; 134 24 372 278; 

1\4_4083.jpg
400 300
9 49 310 286; 1 61 359 286; 2 66 358 286; 

1\4_4091.jpg
266 400
72 63 186 382; 79 61 182 386; 81 67 186 386; 

1\4_4092.jpg
400 266
74 38 343 219; 77 39 342 204; 79 41 338 207; 

1\4_4105.jpg
400 300
112 39 322 284; 132 41 322 290; 125 42 321 237; 

1\4_4113.jpg
300 400
91 32 244 300; 91 32 241 298; 93 36 240 279; 

1\4_4114.jpg
400 266
166 28 363 234; 151 142 260 264; 170 144 258 227; 

1\4_4133.jpg
300 400
34 32 238 328; 26 29 232 321; 28 31 232 334; 

1\4_4145.jpg
400 300
72 44 339 214; 13 44 348 216; 14 44 352 224; 

1\4_4146.jpg
300 400
26 25 128 372; 24 26 122 381; 26 28 120 364; 

1\4_4148.jpg
300 400
54 107 182 289; 62 96 168 283; 61 94 214 285; 

1\4_4167.jpg
400 266
136 12 302 256; 104 2 317 266; 104 1 298 265; 

1\4_4232.jpg
300 400
83 42 263 391; 85 43 262 400; 86 45 261 277; 

1\4_4240.jpg
400 300
81 103 324 296; 81 101 325 300; 82 104 322 300; 

1\4_4248.jpg
400 300
160 98 396 254; 162 101 400 252; 161 104 398 246; 

1\4_4256.jpg
400 300
37 31 254 292; 38 68 248 276; 37 8 251 292; 

1\4_4271.jpg
300 400
44 15 244 346; 42 76 234 346; 42 79 232 349; 

1\4_4276.jpg
300 400
69 138 218 294; 59 143 222 296; 59 142 218 291; 

1\4_4283.jpg
300 400
21 62 237 328; 22 65 233 326; 24 65 232 324; 

1\4_4288.jpg
400 300
142 22 298 295; 106 22 317 300; 108 24 315 300; 

1\4_4296.jpg
400 266
9 56 335 188; 10 59 394 196; 11 58 391 178; 

1\4_4303.jpg
400 300
117 92 236 201; 125 76 233 199; 124 94 232 199; 

1\4_4306.jpg
400 300
44 82 245 235; 38 96 238 231; 46 97 236 230; 

1\4_4314.jpg
300 400
8 21 206 352; 4 19 207 370; 5 45 207 285; 

1\4_4316.jpg
300 400
29 9 219 343; 30 8 218 343; 32 17 218 344; 

1\4_4320.jpg
400 300
68 24 324 292; 64 1 344 293; 68 1 338 295; 

1\4_4321.jpg
400 300
166 78 382 275; 170 49 400 266; 172 47 396 266; 

1\4_4324.jpg
400 300
108 21 288 289; 113 138 288 291; 105 4 296 289; 

1\4_4327.jpg
400 300
57 111 167 265; 61 116 166 262; 62 148 164 262; 

1\4_4328.jpg
300 400
88 122 212 329; 89 128 212 331; 88 127 211 329; 

1\4_4330.jpg
300 400
64 4 243 358; 62 8 241 326; 66 8 241 270; 

1\4_4339.jpg
400 300
101 51 283 262; 98 49 208 156; 99 50 209 151; 

1\4_4340.jpg
400 300
129 12 374 236; 133 8 382 215; 132 9 374 215; 

1\4_4341.jpg
300 400
107 64 217 279; 109 63 215 333; 110 63 215 345; 

1\4_4352.jpg
400 300
172 126 372 208; 173 128 368 300; 175 128 368 299; 

1\4_4353.jpg
300 400
98 16 218 389; 93 9 228 400; 106 5 208 241; 

1\4_4356.jpg
400 300
67 54 259 249; 58 46 271 256; 58 46 269 256; 

1\4_4358.jpg
400 300
28 54 321 266; 83 33 227 231; 90 36 216 207; 

1\4_4369.jpg
400 300
76 21 310 247; 98 6 293 188; 91 2 291 184; 

1\4_4388.jpg
300 400
44 19 237 350; 42 6 232 348; 35 70 233 346; 

1\4_4395.jpg
300 400
8 34 231 342; 1 71 232 345; 12 99 182 344; 

1\4_4398.jpg
400 300
134 11 328 260; 220 73 315 183; 139 1 324 261; 

1\4_4404.jpg
400 300
64 21 322 278; 70 21 322 276; 71 22 321 273; 

1\4_4406.jpg
300 400
98 24 205 219; 105 29 202 229; 98 29 199 213; 

1\4_4430.jpg
400 300
148 46 369 259; 150 46 370 266; 157 48 369 266; 

1\4_4431.jpg
400 300
187 51 351 286; 182 51 357 300; 186 50 355 300; 

1\4_4435.jpg
300 400
77 211 212 398; 77 214 213 400; 77 214 214 399; 

1\4_4446.jpg
400 266
171 6 281 126; 170 6 278 243; 172 8 276 121; 

1\4_4447.jpg
400 266
22 86 298 226; 10 84 197 199; 75 146 302 217; 

1\4_4450.jpg
300 400
75 36 202 222; 73 39 211 228; 74 40 205 224; 

1\4_4452.jpg
400 300
11 98 386 286; 6 83 381 259; 96 86 379 257; 

1\4_4462.jpg
300 400
159 156 241 351; 168 155 238 351; 168 156 238 350; 

1\4_4463.jpg
300 400
82 14 237 361; 116 134 234 361; 117 136 238 361; 

1\4_4471.jpg
400 300
51 49 174 292; 52 51 164 300; 54 50 164 300; 

1\4_4534.jpg
400 300
26 96 333 264; 31 91 338 256; 31 92 336 255; 

1\4_4535.jpg
300 400
29 128 209 398; 28 128 208 399; 132 129 207 325; 

1\4_4600.jpg
400 300
27 42 359 226; 33 120 353 223; 35 131 352 216; 

1\4_4606.jpg
400 300
52 44 303 184; 37 41 300 246; 31 41 301 247; 

1\4_4608.jpg
400 300
85 14 292 232; 116 31 248 163; 76 0 298 239; 

1\4_4617.jpg
400 300
76 14 369 246; 76 54 370 211; 78 1 369 278; 

1\4_4620.jpg
300 400
55 119 204 291; 54 121 211 246; 56 125 210 247; 

1\4_4666.jpg
400 300
35 96 374 226; 26 102 374 228; 25 101 374 226; 

1\4_4682.jpg
400 300
214 29 394 172; 212 31 390 166; 214 29 390 166; 

1\4_4687.jpg
300 400
70 23 289 337; 64 28 294 346; 64 16 293 346; 

1\4_4690.jpg
400 300
68 36 318 241; 52 96 335 243; 54 98 354 243; 

1\4_4699.jpg
400 300
89 18 319 226; 78 24 203 227; 79 24 205 227; 

1\4_4703.jpg
266 400
77 19 196 379; 59 25 201 384; 58 25 201 382; 

1\4_4713.jpg
300 400
153 54 252 270; 158 52 249 286; 158 52 248 286; 

1\4_4722.jpg
400 300
24 68 376 208; 128 61 365 195; 0 58 362 237; 

1\4_4761.jpg
400 300
11 62 368 244; 138 61 368 160; 10 61 368 243; 

1\4_4773.jpg
400 300
76 16 337 244; 69 78 295 236; 66 16 336 241; 

1\4_4775.jpg
400 300
158 70 394 178; 56 78 390 183; 147 78 389 193; 

1\4_4781.jpg
400 266
20 94 370 188; 5 109 277 179; 8 110 276 178; 

1\4_4782.jpg
400 300
71 15 321 292; 13 12 375 288; 13 12 376 289; 

1\4_4808.jpg
400 300
89 58 318 234; 95 59 313 236; 96 59 310 240; 

1\4_4813.jpg
400 300
44 121 181 235; 41 121 179 233; 43 122 178 178; 

1\4_4819.jpg
400 300
31 29 384 222; 58 48 358 196; 55 49 360 198; 

1\4_4823.jpg
300 400
71 61 215 359; 65 58 214 361; 66 57 221 361; 

1\4_4828.jpg
300 400
33 61 229 347; 32 62 227 344; 32 62 228 343; 

1\4_4838.jpg
400 300
164 4 351 293; 167 1 350 300; 171 1 349 300; 

1\4_4847.jpg
400 266
165 6 377 262; 164 1 378 266; 164 1 377 266; 

1\4_4852.jpg
300 400
54 131 238 342; 55 129 235 344; 59 140 231 343; 

1\4_4853.jpg
400 300
97 82 332 284; 28 15 377 281; 28 16 375 286; 

1\4_4854.jpg
400 266
156 112 274 248; 158 112 275 257; 158 114 273 254; 

1\4_4860.jpg
400 300
110 26 341 249; 116 30 339 238; 117 31 337 241; 

1\4_4868.jpg
266 400
62 233 222 338; 28 42 222 340; 66 241 222 340; 

1\4_4870.jpg
400 300
13 20 206 185; 8 19 202 181; 11 20 199 180; 

1\4_4887.jpg
400 300
107 81 307 222; 104 74 320 235; 110 76 317 232; 

1\4_4924.jpg
400 300
220 142 389 299; 230 145 387 298; 232 147 386 297; 

1\4_4927.jpg
400 266
34 88 396 242; 28 91 396 241; 30 104 397 241; 

1\4_4931.jpg
400 266
28 80 330 196; 26 71 340 191; 27 73 342 191; 

1\4_4933.jpg
400 300
19 4 257 288; 22 5 256 291; 24 5 256 289; 

1\4_4936.jpg
400 300
70 59 371 260; 70 60 400 266; 72 61 399 264; 

1\4_4958.jpg
300 400
87 171 266 350; 88 171 281 399; 90 169 271 382; 

1\4_4961.jpg
400 300
132 25 335 279; 138 23 342 300; 142 27 341 299; 

1\4_4962.jpg
400 300
38 44 171 164; 46 52 177 151; 49 54 173 146; 

1\4_4976.jpg
400 300
144 36 348 213; 145 39 345 211; 146 40 342 210; 

1\4_4980.jpg
400 266
130 9 253 248; 128 9 380 259; 128 9 381 258; 

1\5_5003.jpg
400 300
74 159 241 284; 76 158 310 296; 77 158 309 297; 

1\5_5005.jpg
300 400
69 241 286 379; 69 251 298 381; 69 251 298 342; 

1\5_5010.jpg
400 300
35 44 264 279; 41 45 261 279; 43 46 261 279; 

1\5_5019.jpg
400 300
52 95 232 235; 52 94 246 238; 53 97 244 231; 

1\5_5022.jpg
400 266
31 91 256 258; 46 96 257 256; 49 97 251 256; 

1\5_5031.jpg
400 300
66 28 268 188; 67 32 262 188; 68 32 260 186; 

1\5_5034.jpg
400 300
21 18 184 271; 22 13 175 271; 23 15 174 300; 

1\5_5046.jpg
400 300
68 123 300 214; 65 124 308 215; 65 124 305 214; 

1\5_5047.jpg
400 300
158 12 356 234; 169 49 346 234; 114 1 363 229; 

1\5_5070.jpg
300 400
87 70 254 339; 76 64 258 399; 76 63 255 382; 

1\5_5073.jpg
400 300
122 99 299 291; 112 86 326 300; 115 78 326 300; 

1\5_5077.jpg
400 300
12 31 126 293; 12 25 122 300; 17 25 123 299; 

1\5_5089.jpg
300 400
39 251 186 364; 45 251 177 363; 52 224 275 382; 

1\5_5091.jpg
400 300
36 69 249 294; 39 70 251 300; 38 73 249 299; 

1\5_5108.jpg
400 300
121 97 284 242; 123 96 285 243; 122 98 284 242; 

1\5_5116.jpg
400 300
58 44 256 252; 62 42 316 251; 61 43 251 253; 

1\5_5117.jpg
400 300
200 16 346 198; 207 9 352 192; 79 13 389 298; 

1\5_5131.jpg
300 400
23 102 174 311; 28 104 178 309; 28 106 178 309; 

1\5_5132.jpg
400 300
58 49 277 286; 37 50 282 300; 38 51 280 300; 

1\5_5133.jpg
400 266
21 35 168 204; 17 39 165 196; 21 39 162 261; 

1\5_5141.jpg
400 300
58 10 249 275; 62 4 342 300; 63 5 341 299; 

1\5_5143.jpg
400 300
124 26 345 244; 131 33 344 282; 131 34 344 282; 

1\5_5144.jpg
400 300
149 166 339 254; 154 169 334 246; 156 171 334 243; 

1\5_5160.jpg
400 300
35 32 230 252; 1 26 213 266; 0 26 212 259; 

1\5_5165.jpg
266 400
39 29 231 291; 81 29 216 258; 58 31 214 266; 

1\5_5169.jpg
300 400
84 159 171 325; 88 162 148 324; 87 163 147 323; 

1\5_5170.jpg
400 300
68 8 203 287; 71 4 201 300; 72 5 198 300; 

1\5_5180.jpg
400 300
142 20 331 213; 148 20 400 298; 148 22 376 278; 

1\5_5188.jpg
400 300
75 44 191 219; 75 68 190 219; 74 71 189 214; 

1\5_5189.jpg
400 300
72 46 345 294; 69 48 344 291; 69 51 342 290; 

1\5_5194.jpg
400 300
68 22 339 273; 71 122 258 262; 71 11 335 277; 

1\5_5212.jpg
300 400
61 46 236 199; 1 30 235 191; 104 261 246 332; 

1\5_5213.jpg
400 300
14 41 376 151; 15 49 380 152; 18 51 379 151; 

1\5_5225.jpg
400 300
28 7 311 190; 22 11 310 185; 57 36 272 161; 

1\5_5226.jpg
400 266
164 79 380 257; 152 83 392 266; 154 84 390 266; 

1\5_5228.jpg
300 400
44 32 202 255; 44 21 178 236; 44 30 182 221; 

1\5_5229.jpg
266 400
154 138 260 386; 161 144 252 383; 162 145 252 382; 

1\5_5230.jpg
400 300
54 15 269 273; 45 16 258 300; 45 17 258 287; 

1\5_5231.jpg
400 300
169 42 319 284; 182 41 317 291; 183 42 316 290; 

1\5_5241.jpg
300 400
108 179 266 398; 86 178 300 400; 88 178 298 399; 

1\5_5242.jpg
400 266
180 12 354 241; 163 11 353 266; 165 12 352 235; 

1\5_5245.jpg
400 300
139 22 304 277; 114 24 278 300; 114 22 320 299; 

1\5_5247.jpg
400 300
64 48 342 282; 148 50 339 300; 68 51 340 300; 

1\5_5250.jpg
400 300
124 4 341 292; 126 1 397 300; 126 1 325 299; 

1\5_5255.jpg
400 300
202 26 361 265; 204 24 357 265; 205 26 358 263; 

1\5_5265.jpg
300 400
107 58 218 216; 111 61 208 215; 113 61 209 263; 

1\5_5267.jpg
400 300
88 86 268 284; 191 88 264 218; 149 89 262 294; 

1\5_5268.jpg
266 400
34 12 186 386; 34 12 185 389; 34 16 182 381; 

1\5_5275.jpg
400 300
52 21 342 257; 157 19 351 260; 18 19 348 262; 

1\5_5276.jpg
400 300
72 42 356 290; 90 50 290 216; 41 43 352 259; 

1\5_5281.jpg
400 300
51 51 329 281; 51 22 330 300; 52 21 330 298; 

1\5_5291.jpg
400 300
116 62 312 294; 119 62 309 300; 119 62 308 300; 

1\5_5293.jpg
400 300
102 59 292 237; 83 52 288 268; 81 36 304 269; 

1\5_5303.jpg
400 300
122 40 324 271; 118 43 326 266; 120 44 326 266; 

1\5_5308.jpg
400 266
72 44 356 209; 67 48 359 204; 70 51 356 204; 

1\5_5318.jpg
400 266
63 26 322 240; 65 23 323 246; 69 22 322 246; 

1\5_5319.jpg
400 300
172 107 367 271; 178 92 364 269; 179 92 364 266; 

1\5_5335.jpg
400 300
106 22 338 260; 110 26 340 258; 112 28 334 256; 

1\5_5337.jpg
400 300
86 61 326 275; 88 29 332 260; 89 68 331 278; 

1\5_5346.jpg
400 300
56 41 323 291; 57 81 322 300; 58 71 320 279; 

1\5_5353.jpg
400 300
121 93 298 246; 126 51 279 225; 124 54 309 228; 

1\5_5363.jpg
300 400
59 30 279 256; 72 21 278 252; 70 16 298 244; 

1\5_5368.jpg
400 300
31 42 251 244; 41 50 245 235; 41 50 245 234; 

1\5_5373.jpg
400 300
4 38 132 151; 8 46 115 144; 9 46 113 142; 

1\5_5380.jpg
400 300
43 51 287 266; 47 22 278 271; 48 64 279 273; 

1\5_5382.jpg
300 400
38 36 224 379; 38 38 229 378; 38 39 229 382; 

1\5_5398.jpg
266 400
45 134 228 374; 45 61 226 371; 46 138 224 366; 

1\5_5399.jpg
400 300
122 29 314 252; 151 49 294 241; 151 50 291 241; 

1\5_5416.jpg
400 300
113 66 299 263; 113 66 292 258; 112 66 291 256; 

1\5_5418.jpg
400 266
61 11 311 225; 63 17 304 248; 64 19 297 238; 

1\5_5420.jpg
400 300
56 81 298 276; 58 31 301 276; 60 32 301 276; 

1\5_5429.jpg
300 400
75 108 224 294; 45 90 278 315; 78 111 224 297; 

1\5_5442.jpg
400 300
42 24 218 280; 44 21 215 224; 44 26 216 299; 

1\5_5451.jpg
300 400
56 34 201 374; 61 38 263 375; 62 37 263 375; 

1\5_5453.jpg
400 300
92 29 342 289; 181 148 380 273; 98 31 396 289; 

1\5_5456.jpg
400 300
109 77 267 221; 118 76 261 216; 118 78 260 216; 

1\5_5459.jpg
400 300
143 4 384 284; 214 26 392 258; 140 1 399 299; 

1\5_5461.jpg
400 300
75 81 354 298; 68 68 355 296; 63 66 354 300; 

1\5_5463.jpg
400 266
88 15 256 215; 90 16 258 209; 91 18 258 207; 

1\5_5486.jpg
266 400
55 32 172 208; 62 18 178 203; 64 19 178 201; 

1\5_5503.jpg
400 300
29 33 214 290; 31 41 212 291; 31 1 211 291; 

1\5_5526.jpg
400 266
24 59 379 209; 21 48 378 206; 21 64 377 204; 

1\5_5528.jpg
400 300
108 18 372 277; 109 9 372 271; 110 9 371 272; 

1\5_5533.jpg
400 300
45 69 179 212; 40 76 230 214; 41 76 177 212; 

1\5_5539.jpg
400 300
34 4 259 266; 35 1 252 265; 36 2 257 264; 

1\5_5555.jpg
400 300
101 66 299 269; 107 62 295 261; 109 72 293 261; 

1\5_5557.jpg
400 266
21 56 226 253; 15 13 222 258; 17 58 222 256; 

1\5_5566.jpg
300 400
58 90 257 387; 60 90 256 381; 56 91 254 379; 

1\5_5574.jpg
400 266
57 58 356 232; 47 61 352 244; 44 62 350 244; 

1\5_5582.jpg
400 300
56 54 279 259; 62 46 327 259; 64 55 268 255; 

1\5_5586.jpg
400 300
13 76 389 239; 18 78 389 243; 20 78 387 243; 

1\5_5588.jpg
266 400
16 54 189 271; 14 54 199 271; 14 57 266 270; 

1\5_5594.jpg
266 400
84 74 184 331; 83 73 186 171; 64 17 204 239; 

1\5_5601.jpg
400 300
96 100 251 181; 88 106 266 178; 99 115 262 179; 

1\5_5614.jpg
400 300
141 72 322 281; 142 63 328 300; 118 62 328 286; 

1\5_5632.jpg
300 400
69 109 216 222; 66 101 218 216; 67 109 220 216; 

1\5_5634.jpg
300 400
30 206 269 372; 24 208 275 368; 24 208 270 370; 

1\5_5636.jpg
400 266
149 47 250 234; 144 69 232 233; 167 84 223 142; 

1\5_5673.jpg
400 300
82 61 374 209; 90 66 374 210; 94 68 373 210; 

1\5_5693.jpg
300 400
43 69 262 328; 48 74 241 301; 44 73 241 305; 

1\5_5706.jpg
400 300
13 54 262 286; 8 53 254 291; 8 54 253 291; 

1\5_5714.jpg
400 300
82 84 344 263; 82 84 344 199; 81 79 346 197; 

1\5_5725.jpg
400 300
214 108 322 224; 216 113 323 221; 217 116 328 218; 

1\5_5736.jpg
400 300
88 64 311 245; 92 66 310 235; 94 67 311 236; 

1\5_5737.jpg
300 400
76 48 214 370; 81 42 213 376; 79 41 216 373; 

1\5_5753.jpg
266 400
4 216 197 395; 2 219 191 400; 2 220 194 383; 

1\5_5763.jpg
400 300
98 59 309 271; 106 66 300 265; 70 16 328 281; 

1\5_5764.jpg
300 400
16 9 171 378; 14 9 168 376; 17 8 168 376; 

1\5_5770.jpg
300 400
36 5 206 241; 35 1 198 231; 102 199 279 338; 

1\5_5785.jpg
400 300
65 64 173 199; 66 61 172 198; 65 64 170 197; 

1\5_5800.jpg
300 400
34 98 193 272; 34 101 192 276; 35 102 190 273; 

1\5_5817.jpg
400 300
35 46 190 292; 36 48 189 288; 38 49 188 287; 

1\5_5821.jpg
300 400
115 80 285 248; 122 84 297 248; 123 84 298 246; 

1\5_5824.jpg
400 266
119 22 282 191; 118 21 280 189; 119 23 278 189; 

1\5_5832.jpg
300 400
39 127 181 287; 2 128 180 285; 4 129 178 351; 

1\5_5837.jpg
300 400
16 226 234 372; 18 228 232 372; 16 229 231 373; 

1\5_5852.jpg
400 266
251 88 369 231; 250 89 370 224; 251 91 368 222; 

1\5_5855.jpg
400 300
114 47 300 236; 114 62 292 233; 114 46 300 234; 

1\5_5863.jpg
400 300
13 99 269 292; 43 95 196 250; 44 99 195 266; 

1\5_5869.jpg
400 300
6 121 112 274; 0 109 112 275; 0 122 111 273; 

1\5_5880.jpg
400 300
99 24 182 281; 100 23 179 279; 99 25 178 279; 

1\5_5887.jpg
400 300
116 26 361 272; 115 25 362 271; 116 27 361 270; 

1\5_5888.jpg
300 400
54 60 217 272; 17 58 217 395; 48 60 214 337; 

1\5_5897.jpg
300 400
48 259 205 365; 48 260 237 364; 48 262 234 363; 

1\5_5898.jpg
400 300
169 99 332 261; 212 81 358 249; 182 78 356 270; 

1\5_5899.jpg
400 266
226 56 381 254; 229 46 400 266; 221 42 392 256; 

1\5_5902.jpg
300 400
14 286 229 390; 18 288 298 399; 14 289 294 391; 

1\5_5906.jpg
400 300
253 12 319 293; 256 16 318 300; 251 14 319 297; 

1\5_5919.jpg
400 300
97 8 368 126; 97 9 368 170; 98 10 391 144; 

1\5_5948.jpg
400 300
251 9 338 171; 252 8 338 171; 252 10 336 171; 

1\5_5953.jpg
400 300
106 32 354 289; 110 30 353 289; 105 29 352 286; 

1\5_5957.jpg
400 300
8 78 172 295; 0 76 170 300; 1 78 167 299; 

1\5_5958.jpg
400 300
132 14 271 284; 166 48 267 188; 89 18 277 300; 

1\5_5959.jpg
400 300
43 150 368 268; 42 151 367 266; 44 151 367 266; 

1\5_5965.jpg
300 400
72 46 238 242; 72 48 236 244; 74 48 234 209; 

1\5_5997.jpg
400 300
77 74 163 234; 73 75 158 231; 80 76 157 231; 

