282

20\60_60013.jpg
400 210
140 39 294 178; 139 38 298 183; 74 2 388 182; 

20\60_60039.jpg
322 400
76 56 295 309; 168 62 313 218; 72 78 295 353; 

20\60_60062.jpg
400 267
191 57 325 217; 192 69 321 217; 194 68 319 215; 

20\60_60068.jpg
400 320
103 65 356 287; 108 64 369 255; 142 82 315 247; 

20\60_60070.jpg
399 319
46 58 354 257; 39 39 358 258; 49 43 354 242; 

20\60_60085.jpg
371 400
42 46 232 238; 42 49 223 232; 45 50 229 230; 

20\60_60087.jpg
310 400
97 56 212 311; 99 54 213 309; 98 54 213 306; 

20\60_60094.jpg
400 300
2 121 386 263; 3 121 385 261; 3 121 384 259; 

20\60_60097.jpg
319 400
46 131 300 346; 47 132 299 344; 47 135 299 341; 

20\60_60102.jpg
400 300
178 13 332 169; 179 19 346 164; 182 20 322 174; 

20\60_60143.jpg
266 400
2 40 188 343; 4 89 89 183; 5 91 89 183; 

20\60_60144.jpg
400 301
134 19 370 152; 162 44 362 143; 158 46 366 140; 

20\60_60146.jpg
400 266
57 18 204 212; 50 18 203 179; 52 18 202 205; 

20\60_60164.jpg
400 300
47 59 365 229; 52 61 351 234; 52 60 351 238; 

20\60_60182.jpg
400 390
32 28 221 358; 29 22 222 356; 29 23 223 357; 

20\60_60196.jpg
270 400
45 113 231 310; 39 114 229 309; 40 114 229 308; 

20\60_60197.jpg
400 300
111 6 396 219; 206 6 386 198; 114 3 400 213; 

20\60_60210.jpg
400 320
88 61 336 289; 175 72 319 248; 173 84 313 247; 

20\60_60238.jpg
400 265
169 64 376 258; 174 62 373 244; 174 62 374 242; 

20\60_60241.jpg
310 400
37 26 281 318; 48 109 247 294; 34 25 276 346; 

20\60_60257.jpg
400 300
101 108 386 294; 109 111 389 264; 109 108 389 298; 

20\60_60267.jpg
400 297
139 54 359 189; 134 64 369 201; 153 62 352 180; 

20\60_60281.jpg
399 286
24 99 234 266; 26 102 228 265; 26 102 227 263; 

20\60_60288.jpg
320 400
148 63 304 395; 149 69 287 302; 149 70 318 395; 

20\60_60291.jpg
400 320
114 8 363 211; 101 6 394 211; 99 6 395 209; 

20\60_60294.jpg
399 299
76 38 321 277; 76 40 320 275; 84 42 314 271; 

20\60_60387.jpg
400 296
62 40 251 279; 62 41 240 277; 63 41 251 274; 

20\60_60407.jpg
400 290
39 17 289 270; 41 22 228 166; 42 18 297 247; 

20\60_60421.jpg
266 399
83 97 238 357; 85 97 235 345; 85 98 235 357; 

20\60_60431.jpg
400 320
33 10 243 229; 37 8 229 230; 35 8 365 230; 

20\60_60433.jpg
351 400
84 129 184 340; 86 133 190 344; 86 131 188 342; 

20\60_60440.jpg
400 266
76 40 382 249; 57 33 191 258; 90 32 188 138; 

20\60_60441.jpg
400 329
42 30 310 288; 43 30 313 291; 51 30 317 290; 

20\60_60445.jpg
400 266
63 50 383 237; 61 53 204 249; 61 52 159 139; 

20\60_60446.jpg
400 266
86 47 380 223; 87 51 196 212; 85 53 169 137; 

20\60_60447.jpg
400 266
33 39 382 191; 23 39 186 193; 47 40 133 147; 

20\60_60448.jpg
400 266
51 38 387 191; 27 37 179 191; 47 37 137 137; 

20\60_60449.jpg
320 400
62 12 307 299; 82 15 307 265; 83 15 307 264; 

20\60_60450.jpg
400 266
231 39 355 155; 223 50 357 151; 237 51 356 133; 

20\60_60451.jpg
400 320
115 53 394 280; 117 53 396 252; 118 53 396 253; 

20\60_60452.jpg
400 320
120 0 367 276; 109 60 362 236; 177 1 356 147; 

20\60_60456.jpg
400 300
11 104 361 288; 8 102 211 289; 36 104 392 234; 

20\60_60472.jpg
400 300
12 39 399 191; 11 38 238 190; 12 39 396 198; 

20\60_60473.jpg
400 297
112 130 354 216; 113 131 354 216; 112 131 354 216; 

20\60_60478.jpg
400 320
24 45 299 313; 192 96 338 290; 174 96 337 289; 

20\60_60488.jpg
300 400
88 51 287 333; 89 51 290 334; 90 51 289 334; 

20\60_60512.jpg
400 274
26 26 266 232; 42 29 231 231; 1 32 271 233; 

20\60_60520.jpg
400 314
152 25 314 292; 153 28 283 289; 154 28 311 289; 

20\60_60522.jpg
400 254
221 142 347 254; 219 137 368 254; 221 138 358 252; 

20\60_60524.jpg
400 296
175 50 341 265; 173 50 342 265; 174 49 341 264; 

20\60_60564.jpg
400 300
191 36 376 251; 192 37 375 252; 193 38 374 251; 

20\60_60566.jpg
400 236
206 26 393 223; 206 62 378 222; 205 64 377 221; 

20\60_60572.jpg
400 308
185 26 386 192; 184 26 389 191; 185 26 389 189; 

20\60_60580.jpg
400 356
214 35 355 322; 220 39 352 319; 223 39 353 319; 

20\60_60584.jpg
400 291
42 68 226 226; 37 71 219 228; 39 71 221 229; 

20\60_60671.jpg
400 375
122 46 284 336; 123 48 279 334; 125 51 279 333; 

20\60_60677.jpg
400 260
29 27 213 121; 36 34 210 124; 66 32 208 121; 

20\60_60682.jpg
290 400
70 83 259 262; 71 85 260 265; 72 85 259 259; 

20\60_60686.jpg
400 290
126 84 308 253; 127 82 305 250; 126 84 304 251; 

20\60_60688.jpg
400 299
84 48 306 265; 82 46 299 270; 84 46 300 269; 

20\60_60691.jpg
400 300
10 67 283 256; 95 65 289 252; 11 66 289 236; 

20\60_60701.jpg
354 400
83 157 235 319; 82 149 277 333; 82 151 277 333; 

20\60_60730.jpg
308 400
72 15 243 360; 71 16 242 359; 71 18 239 359; 

20\60_60758.jpg
400 256
34 51 335 231; 33 52 336 239; 36 55 336 236; 

20\60_60762.jpg
399 299
3 44 261 203; 3 45 260 209; 2 45 259 206; 

20\60_60779.jpg
400 320
112 79 297 267; 114 84 275 279; 117 82 279 277; 

20\60_60783.jpg
266 400
56 97 226 372; 54 101 226 297; 56 101 224 375; 

20\60_60784.jpg
400 300
95 28 268 296; 94 65 276 300; 129 22 224 166; 

20\60_60787.jpg
400 267
41 42 326 252; 44 46 314 179; 46 46 318 251; 

20\60_60789.jpg
400 240
29 31 331 195; 24 29 334 207; 24 30 337 206; 

20\60_60791.jpg
400 260
87 54 267 186; 84 72 291 183; 85 71 292 182; 

20\60_60798.jpg
310 400
62 104 258 336; 66 105 256 340; 66 104 255 338; 

20\60_60808.jpg
400 243
131 82 321 184; 132 84 331 188; 134 84 320 179; 

20\60_60815.jpg
400 291
86 14 384 188; 79 11 301 179; 79 13 389 178; 

20\60_60821.jpg
400 300
242 135 384 282; 239 139 383 284; 242 139 373 265; 

20\60_60825.jpg
324 400
74 221 318 393; 72 227 316 388; 73 227 315 383; 

20\60_60831.jpg
347 399
86 151 292 326; 91 150 290 294; 92 151 290 293; 

20\60_60834.jpg
400 278
16 22 246 262; 18 21 141 269; 1 22 244 276; 

20\60_60838.jpg
400 366
106 128 284 315; 106 30 266 256; 109 59 286 306; 

20\60_60840.jpg
400 279
93 84 331 242; 77 86 326 208; 88 90 319 252; 

20\60_60852.jpg
400 242
230 75 365 195; 220 91 388 227; 225 86 377 193; 

20\60_60854.jpg
300 400
26 31 279 251; 30 38 278 248; 31 38 278 246; 

20\60_60866.jpg
332 399
102 188 271 381; 105 208 250 392; 114 208 247 390; 

20\60_60872.jpg
400 317
58 32 192 242; 75 34 184 232; 85 34 183 233; 

20\60_60884.jpg
391 400
40 126 220 334; 41 127 221 331; 41 127 219 329; 

20\60_60896.jpg
400 351
28 52 356 208; 63 54 355 214; 66 68 351 206; 

20\60_60905.jpg
400 260
209 14 316 218; 213 18 319 221; 214 18 318 218; 

20\60_60932.jpg
400 354
138 58 315 227; 140 59 309 233; 142 59 308 229; 

20\60_60933.jpg
400 322
34 139 278 289; 38 139 279 289; 39 139 278 288; 

20\60_60938.jpg
400 374
29 43 334 328; 156 79 277 271; 31 44 332 330; 

20\60_60944.jpg
400 315
14 106 174 290; 16 111 172 274; 13 113 171 273; 

20\60_60955.jpg
400 266
99 5 304 252; 106 3 300 198; 107 3 299 220; 

20\60_60979.jpg
400 266
167 15 312 137; 164 27 305 124; 166 28 303 121; 

20\60_60982.jpg
399 265
108 25 321 234; 113 25 323 235; 113 24 323 235; 

20\61_61010.jpg
400 278
62 52 336 211; 69 56 283 201; 71 57 284 199; 

20\61_61011.jpg
399 299
86 14 364 251; 88 14 365 252; 88 15 362 251; 

20\61_61018.jpg
400 322
75 21 320 268; 76 21 320 269; 76 21 319 267; 

20\61_61031.jpg
400 320
26 14 304 270; 112 54 260 157; 24 70 318 284; 

20\61_61035.jpg
300 400
84 73 234 348; 79 166 225 347; 79 151 233 351; 

20\61_61059.jpg
362 400
12 54 237 359; 15 53 237 358; 16 54 236 355; 

20\61_61061.jpg
400 294
86 25 308 255; 86 34 324 256; 88 37 314 256; 

20\61_61098.jpg
399 245
46 30 187 164; 47 29 188 168; 50 28 187 166; 

20\61_61112.jpg
286 400
74 62 250 341; 68 28 261 339; 88 58 246 329; 

20\61_61120.jpg
400 300
175 28 366 257; 178 42 364 251; 156 23 364 252; 

20\61_61127.jpg
400 306
28 58 261 266; 37 61 258 270; 18 62 258 296; 

20\61_61132.jpg
400 266
214 11 368 261; 219 84 369 261; 230 98 365 261; 

20\61_61141.jpg
386 400
43 142 228 333; 41 146 229 332; 44 146 227 334; 

20\61_61147.jpg
289 400
21 46 270 290; 20 46 269 288; 22 46 272 288; 

20\61_61149.jpg
400 300
165 55 400 300; 164 57 359 286; 166 56 397 298; 

20\61_61163.jpg
360 400
29 142 128 379; 30 148 130 378; 31 149 128 379; 

20\61_61187.jpg
400 300
91 10 344 282; 92 9 341 201; 91 9 340 288; 

20\61_61190.jpg
400 300
116 104 400 276; 109 146 269 205; 109 146 238 203; 

20\61_61192.jpg
400 300
143 144 382 247; 142 141 380 247; 144 141 380 246; 

20\61_61203.jpg
400 300
88 45 328 267; 89 47 328 269; 90 48 328 269; 

20\61_61204.jpg
400 300
128 17 237 228; 125 15 238 162; 126 15 237 161; 

20\61_61209.jpg
400 301
91 33 284 244; 36 32 284 242; 35 31 283 276; 

20\61_61223.jpg
400 300
112 15 308 290; 99 15 286 133; 91 14 301 227; 

20\61_61225.jpg
399 299
1 19 215 257; 84 68 358 194; 8 25 186 224; 

20\61_61228.jpg
400 300
126 42 348 294; 141 48 304 199; 128 47 304 200; 

20\61_61229.jpg
320 400
49 47 227 292; 50 48 229 279; 50 48 229 346; 

20\61_61231.jpg
400 281
21 79 294 206; 21 79 320 205; 22 80 322 206; 

20\61_61235.jpg
400 300
60 20 321 282; 128 25 319 215; 40 25 319 212; 

20\61_61251.jpg
400 298
129 77 396 269; 135 79 346 261; 135 79 399 258; 

20\61_61260.jpg
400 300
230 116 348 265; 228 120 349 264; 229 120 348 262; 

20\61_61269.jpg
321 399
80 73 268 302; 77 73 266 300; 78 74 265 300; 

20\61_61280.jpg
400 297
89 43 310 266; 89 41 311 259; 91 42 308 258; 

20\61_61281.jpg
400 297
66 109 206 239; 68 108 216 236; 69 112 190 234; 

20\61_61285.jpg
304 399
91 14 250 339; 112 99 229 305; 85 19 250 371; 

20\61_61292.jpg
400 316
64 111 214 262; 62 112 215 262; 64 112 214 261; 

20\61_61299.jpg
400 300
112 51 328 241; 111 49 330 242; 113 50 329 241; 

20\61_61302.jpg
400 266
159 16 396 225; 164 16 319 186; 163 14 322 188; 

20\61_61319.jpg
400 298
21 94 199 292; 21 92 209 296; 22 94 209 293; 

20\61_61330.jpg
400 266
66 9 304 241; 138 9 286 124; 139 11 286 121; 

20\61_61334.jpg
400 314
29 26 349 246; 44 24 245 248; 31 26 349 246; 

20\61_61343.jpg
400 300
106 58 310 249; 142 58 309 295; 144 2 398 297; 

20\61_61347.jpg
400 266
28 43 295 256; 152 41 297 213; 54 41 295 222; 

20\61_61360.jpg
400 266
46 46 314 214; 66 46 311 215; 49 46 309 212; 

20\61_61373.jpg
362 400
48 78 312 359; 45 42 334 367; 44 44 331 365; 

20\61_61377.jpg
383 400
36 51 326 339; 6 51 326 340; 7 52 325 337; 

20\61_61378.jpg
320 400
63 92 246 376; 65 89 257 315; 61 21 259 310; 

20\61_61396.jpg
400 266
108 42 243 149; 112 81 240 149; 92 44 271 148; 

20\61_61398.jpg
266 400
29 32 231 264; 27 31 185 261; 103 31 230 203; 

20\61_61406.jpg
400 305
61 51 186 306; 63 50 198 304; 63 51 199 303; 

20\61_61449.jpg
400 295
71 40 325 178; 71 38 327 183; 72 43 322 176; 

20\61_61451.jpg
400 266
102 26 292 211; 98 26 298 214; 93 6 339 222; 

20\61_61481.jpg
300 400
26 12 166 386; 24 14 168 387; 82 61 204 304; 

20\61_61484.jpg
400 388
79 96 307 328; 89 91 313 316; 91 101 311 309; 

20\61_61496.jpg
399 302
190 113 353 261; 196 118 346 256; 197 117 346 254; 

20\61_61511.jpg
400 348
199 45 349 156; 203 50 344 155; 203 49 342 155; 

20\61_61555.jpg
400 266
84 46 342 234; 84 45 339 236; 87 49 338 235; 

20\61_61556.jpg
251 400
46 28 204 392; 51 191 205 369; 47 31 212 382; 

20\61_61562.jpg
306 400
47 36 278 264; 46 38 278 262; 48 38 276 261; 

20\61_61570.jpg
301 400
61 20 252 378; 57 12 247 276; 69 20 252 380; 

20\61_61579.jpg
400 302
198 69 365 206; 201 71 360 208; 201 72 360 207; 

20\61_61580.jpg
400 305
165 110 348 265; 173 111 313 241; 172 112 384 266; 

20\61_61589.jpg
307 400
29 28 243 278; 128 72 242 185; 130 74 242 184; 

20\61_61603.jpg
400 300
140 32 361 276; 145 42 361 275; 144 46 358 275; 

20\61_61604.jpg
400 320
249 27 351 197; 250 38 348 199; 253 38 348 200; 

20\61_61612.jpg
400 275
127 10 374 264; 128 9 377 266; 128 10 376 264; 

20\61_61640.jpg
400 320
112 39 373 295; 111 50 373 297; 111 53 372 295; 

20\61_61650.jpg
297 400
86 176 252 398; 90 175 194 357; 90 176 239 364; 

20\61_61660.jpg
300 400
102 51 259 270; 101 48 258 252; 101 49 258 224; 

20\61_61665.jpg
326 400
106 66 270 339; 102 65 268 250; 121 68 265 241; 

20\61_61668.jpg
320 400
110 115 305 387; 108 120 308 391; 109 120 308 390; 

20\61_61696.jpg
399 333
166 139 347 283; 169 143 347 283; 168 144 345 281; 

20\61_61707.jpg
400 300
191 19 384 288; 189 18 373 292; 191 18 371 291; 

20\61_61710.jpg
283 400
15 66 242 346; 11 122 276 258; 139 64 269 252; 

20\61_61717.jpg
400 300
155 126 335 246; 142 117 339 248; 144 116 339 248; 

20\61_61726.jpg
297 400
89 19 238 286; 100 22 216 149; 79 22 238 284; 

20\61_61730.jpg
400 299
20 26 285 263; 134 174 294 272; 132 177 294 261; 

20\61_61735.jpg
400 258
212 22 384 235; 211 27 317 233; 214 29 384 232; 

20\61_61747.jpg
288 400
72 41 238 299; 72 35 241 239; 76 39 240 239; 

20\61_61767.jpg
400 347
125 19 272 329; 125 19 269 328; 127 20 269 326; 

20\61_61789.jpg
400 299
52 33 310 234; 56 76 307 209; 56 76 306 202; 

20\61_61802.jpg
300 400
33 63 246 358; 33 62 226 226; 32 63 241 357; 

20\61_61842.jpg
400 266
199 37 329 232; 206 38 327 229; 203 38 326 226; 

20\61_61845.jpg
400 242
69 8 328 225; 72 5 326 231; 74 5 326 232; 

20\61_61862.jpg
399 263
5 14 226 255; 1 34 199 262; 2 14 226 263; 

20\61_61873.jpg
400 317
206 46 330 243; 226 45 334 241; 120 46 331 268; 

20\61_61911.jpg
399 260
148 2 335 251; 146 0 332 237; 148 2 334 237; 

20\61_61914.jpg
399 299
126 70 254 247; 125 71 256 247; 126 70 256 245; 

20\61_61924.jpg
400 266
48 21 226 261; 52 22 226 207; 52 23 224 260; 

20\61_61930.jpg
393 400
152 44 332 316; 152 166 320 334; 154 60 334 332; 

20\62_62051.jpg
300 400
60 2 213 390; 72 0 191 136; 71 18 191 374; 

20\62_62065.jpg
400 268
73 55 269 207; 72 55 272 209; 71 54 271 208; 

20\62_62066.jpg
300 400
42 50 237 364; 40 48 234 365; 42 43 233 364; 

20\62_62081.jpg
268 400
69 51 224 369; 65 42 186 234; 70 42 241 371; 

20\62_62111.jpg
400 300
128 2 342 287; 125 9 338 223; 137 11 339 278; 

20\62_62142.jpg
400 265
6 100 338 199; 73 98 335 196; 74 100 334 196; 

20\62_62161.jpg
400 300
36 24 316 224; 122 98 224 214; 38 23 309 226; 

20\62_62168.jpg
400 206
216 46 359 155; 219 48 372 146; 219 47 370 148; 

20\62_62169.jpg
400 335
66 152 296 256; 70 152 300 260; 67 132 328 268; 

20\62_62200.jpg
254 399
69 20 200 248; 70 99 206 252; 66 48 212 257; 

20\62_62221.jpg
266 400
8 42 254 256; 34 88 215 224; 36 89 217 222; 

20\62_62228.jpg
400 296
142 6 274 181; 141 94 278 179; 142 94 275 178; 

20\62_62231.jpg
400 293
132 58 290 215; 134 76 291 219; 134 75 290 219; 

20\62_62233.jpg
400 300
100 51 209 190; 90 57 211 218; 84 58 208 221; 

20\62_62244.jpg
304 400
104 76 196 334; 67 149 200 339; 68 46 202 342; 

20\62_62248.jpg
400 300
133 113 332 276; 139 116 339 286; 139 116 342 288; 

20\62_62252.jpg
398 400
16 203 289 399; 103 208 286 398; 40 210 287 372; 

20\62_62253.jpg
320 400
19 11 261 301; 126 94 260 301; 50 54 259 300; 

20\62_62254.jpg
323 400
61 58 286 271; 64 60 286 271; 67 58 284 269; 

20\62_62260.jpg
400 300
6 136 389 287; 4 136 209 286; 4 136 396 290; 

20\62_62290.jpg
400 266
62 59 352 179; 62 58 352 181; 64 58 351 174; 

20\62_62292.jpg
400 300
171 38 351 288; 174 66 318 243; 176 66 318 241; 

20\62_62303.jpg
400 300
21 76 180 241; 84 59 179 176; 1 63 177 246; 

20\62_62305.jpg
288 399
72 154 198 358; 58 169 200 375; 58 168 200 374; 

20\62_62310.jpg
400 266
88 50 319 263; 122 52 299 208; 124 53 302 248; 

20\62_62336.jpg
400 266
34 0 310 211; 91 46 283 168; 34 1 318 222; 

20\62_62339.jpg
400 300
67 25 167 206; 67 22 169 191; 1 25 231 299; 

20\62_62345.jpg
300 400
2 78 257 318; 27 120 261 252; 39 83 258 235; 

20\62_62372.jpg
300 400
64 54 288 310; 63 56 282 308; 65 56 287 306; 

20\62_62383.jpg
215 400
28 56 180 353; 26 56 196 234; 28 55 178 356; 

20\62_62389.jpg
400 320
26 156 338 306; 9 153 338 306; 9 154 337 302; 

20\62_62395.jpg
400 312
93 71 282 249; 91 82 281 250; 205 83 280 248; 

20\62_62398.jpg
400 266
28 8 286 181; 99 20 284 181; 124 48 284 180; 

20\62_62408.jpg
400 184
38 32 204 151; 38 28 208 146; 39 28 208 149; 

20\62_62411.jpg
400 397
90 31 373 356; 90 182 318 364; 92 31 377 362; 

20\62_62414.jpg
400 216
52 45 301 178; 46 26 361 198; 48 22 338 167; 

20\62_62424.jpg
301 400
55 104 285 395; 120 101 219 241; 82 101 222 241; 

20\62_62430.jpg
400 267
228 104 339 242; 229 102 340 243; 230 102 338 241; 

20\62_62444.jpg
265 400
59 34 182 344; 68 36 182 313; 56 244 162 347; 

20\62_62455.jpg
400 347
201 24 389 342; 203 22 384 347; 205 23 344 189; 

20\62_62467.jpg
320 400
72 44 228 282; 74 52 223 283; 71 48 224 284; 

20\62_62469.jpg
400 300
91 99 389 189; 87 102 391 187; 86 103 389 185; 

20\62_62473.jpg
400 348
72 72 294 242; 61 64 212 229; 61 62 262 229; 

20\62_62486.jpg
400 334
82 89 209 205; 81 91 207 199; 84 91 206 198; 

20\62_62492.jpg
399 261
139 24 389 215; 130 40 293 192; 126 23 388 189; 

20\62_62496.jpg
400 305
104 55 304 232; 159 56 302 172; 102 56 302 229; 

20\62_62514.jpg
400 283
121 79 251 188; 123 78 251 188; 123 79 249 189; 

20\62_62533.jpg
400 348
90 26 375 297; 94 83 323 284; 92 29 375 287; 

20\62_62546.jpg
400 300
153 46 264 233; 162 48 267 190; 153 48 268 207; 

20\62_62569.jpg
302 400
175 142 247 319; 178 140 248 321; 140 142 245 381; 

20\62_62586.jpg
400 300
125 104 279 228; 128 107 280 223; 128 106 281 222; 

20\62_62588.jpg
320 400
74 19 247 394; 114 132 215 278; 74 19 247 381; 

20\62_62591.jpg
400 300
58 52 353 284; 143 53 274 224; 143 55 272 223; 

20\62_62592.jpg
253 400
36 43 212 346; 35 58 214 338; 18 65 227 372; 

20\62_62594.jpg
400 252
193 134 378 243; 198 137 376 212; 198 137 375 211; 

20\62_62595.jpg
338 400
40 58 244 384; 99 143 244 387; 101 143 249 381; 

20\62_62603.jpg
400 281
210 29 373 218; 167 30 378 224; 226 52 378 192; 

20\62_62604.jpg
400 266
12 28 263 264; 28 29 259 255; 2 28 259 256; 

20\62_62618.jpg
400 300
108 30 286 274; 124 30 261 288; 116 29 260 234; 

20\62_62627.jpg
266 400
30 71 236 279; 22 93 240 284; 22 92 241 281; 

20\62_62636.jpg
266 400
18 84 219 368; 12 86 219 215; 18 83 222 375; 

20\62_62641.jpg
266 400
54 90 201 294; 74 64 207 227; 31 19 231 226; 

20\62_62651.jpg
400 205
191 22 369 158; 166 15 364 171; 189 19 369 166; 

20\62_62654.jpg
303 400
48 24 248 384; 48 22 241 272; 49 22 244 382; 

20\62_62707.jpg
399 304
19 59 233 293; 22 55 237 277; 21 57 235 278; 

20\62_62711.jpg
399 302
87 25 344 294; 85 29 192 200; 87 30 344 277; 

20\62_62720.jpg
400 320
23 4 297 268; 138 19 296 271; 148 36 293 264; 

20\62_62725.jpg
400 288
110 68 332 216; 108 69 333 191; 85 69 333 187; 

20\62_62730.jpg
400 301
56 71 342 181; 56 71 338 179; 54 72 341 181; 

20\62_62735.jpg
320 399
45 37 283 325; 112 34 219 250; 43 36 280 333; 

20\62_62749.jpg
268 400
56 28 201 399; 90 94 179 374; 92 94 178 369; 

20\62_62750.jpg
400 319
129 42 311 305; 133 42 312 306; 134 41 389 304; 

20\62_62754.jpg
320 400
146 18 320 310; 149 16 313 201; 151 18 318 204; 

20\62_62757.jpg
400 320
164 20 394 278; 168 20 321 234; 166 19 323 227; 

20\62_62769.jpg
400 266
50 30 167 265; 49 29 166 266; 50 30 164 152; 

20\62_62788.jpg
300 400
80 26 246 288; 121 121 239 282; 122 118 236 278; 

20\62_62798.jpg
284 400
57 45 267 298; 59 47 266 292; 60 51 266 289; 

20\62_62801.jpg
400 304
88 144 217 258; 89 142 210 259; 89 142 214 258; 

20\62_62802.jpg
266 400
54 168 207 362; 89 174 210 347; 69 173 228 352; 

20\62_62805.jpg
400 300
39 12 254 281; 88 12 254 251; 89 12 254 249; 

20\62_62810.jpg
400 293
152 78 356 266; 152 76 354 268; 151 78 351 265; 

20\62_62814.jpg
400 311
139 87 274 202; 147 94 272 196; 149 96 271 196; 

20\62_62816.jpg
328 400
96 18 240 246; 96 20 236 243; 96 22 238 262; 

20\62_62818.jpg
304 400
42 134 151 360; 41 138 148 354; 43 132 149 352; 

20\62_62820.jpg
267 400
84 76 222 332; 53 76 227 334; 51 76 226 316; 

20\62_62838.jpg
400 296
164 20 346 233; 162 23 347 215; 166 20 344 209; 

20\62_62852.jpg
399 386
83 10 311 367; 85 10 311 365; 86 10 309 361; 

20\62_62861.jpg
400 283
39 46 314 186; 39 48 312 186; 39 48 313 184; 

20\62_62865.jpg
400 300
64 20 324 290; 58 15 232 204; 65 15 231 201; 

20\62_62873.jpg
399 233
44 5 283 226; 100 6 277 210; 49 2 282 213; 

20\62_62906.jpg
269 400
88 61 264 351; 85 67 235 344; 87 67 258 345; 

20\62_62922.jpg
300 400
102 4 205 256; 98 1 215 252; 102 18 203 254; 

20\62_62941.jpg
400 285
131 55 322 252; 131 54 322 151; 131 56 321 190; 

20\62_62943.jpg
387 400
57 52 361 355; 105 77 361 345; 107 78 360 345; 

20\62_62946.jpg
400 266
68 11 324 254; 88 3 322 176; 61 4 323 261; 

20\62_62947.jpg
286 400
4 10 167 333; 5 9 147 215; 7 12 145 217; 

20\62_62978.jpg
400 300
137 45 273 261; 127 43 275 282; 127 42 274 281; 

20\62_62987.jpg
400 311
161 69 339 248; 148 71 345 257; 159 72 334 252; 

20\62_62996.jpg
320 400
42 82 278 372; 161 82 282 308; 163 82 244 172; 

