210

24\72_72015.jpg
400 321
44 40 241 179; 29 44 223 174; 42 45 246 189; 

24\72_72034.jpg
272 400
77 86 206 366; 78 81 202 364; 84 84 201 364; 

24\72_72050.jpg
400 300
110 34 357 300; 109 29 358 225; 101 31 359 299; 

24\72_72069.jpg
320 400
61 99 186 352; 54 102 187 357; 56 103 187 358; 

24\72_72074.jpg
320 400
80 81 202 361; 81 84 203 370; 84 85 204 371; 

24\72_72077.jpg
320 400
34 44 289 304; 44 43 291 186; 47 44 288 180; 

24\72_72084.jpg
400 282
20 21 279 258; 22 9 274 254; 16 9 278 259; 

24\72_72101.jpg
266 400
57 27 194 372; 59 31 193 269; 60 29 194 369; 

24\72_72102.jpg
321 399
94 237 225 350; 93 237 225 346; 96 237 225 346; 

24\72_72104.jpg
300 400
102 134 213 308; 102 138 201 301; 102 138 201 300; 

24\72_72125.jpg
147 400
21 210 145 397; 23 213 132 400; 24 212 131 398; 

24\72_72146.jpg
400 320
204 103 344 272; 204 108 331 288; 202 110 358 292; 

24\72_72147.jpg
400 320
222 107 336 272; 223 108 334 285; 226 108 332 284; 

24\72_72152.jpg
320 400
104 175 218 389; 105 174 217 389; 108 177 216 388; 

24\72_72163.jpg
266 400
28 61 177 360; 29 49 176 361; 30 49 177 360; 

24\72_72178.jpg
361 400
44 91 322 341; 39 90 321 341; 41 91 324 346; 

24\72_72194.jpg
400 300
112 96 397 183; 111 102 235 176; 114 105 399 181; 

24\72_72195.jpg
400 358
29 29 284 327; 36 29 291 324; 36 32 293 323; 

24\72_72207.jpg
400 383
84 23 316 348; 164 64 293 267; 177 64 294 256; 

24\72_72276.jpg
299 399
26 29 225 388; 28 30 223 201; 30 30 223 394; 

24\72_72294.jpg
400 380
64 31 222 378; 63 32 213 279; 66 34 220 378; 

24\72_72304.jpg
400 265
75 22 268 264; 72 25 260 212; 73 25 264 233; 

24\72_72310.jpg
400 310
71 28 223 219; 72 36 222 210; 31 2 266 210; 

24\72_72319.jpg
275 400
12 135 229 298; 14 135 230 292; 14 132 231 291; 

24\72_72334.jpg
400 273
19 47 227 254; 49 48 202 228; 4 48 230 268; 

24\72_72337.jpg
400 320
180 119 342 236; 179 122 339 246; 181 122 339 245; 

24\72_72341.jpg
293 399
40 76 256 399; 92 76 211 269; 42 78 257 398; 

24\72_72344.jpg
400 266
30 10 245 266; 51 5 246 229; 19 11 245 265; 

24\72_72345.jpg
400 266
123 79 335 228; 150 92 305 217; 153 99 307 214; 

24\72_72352.jpg
400 266
180 37 366 259; 181 36 366 260; 181 36 364 259; 

24\72_72353.jpg
400 266
116 24 344 243; 111 51 307 247; 113 24 345 246; 

24\72_72355.jpg
400 266
82 24 344 249; 82 25 288 231; 82 25 343 249; 

24\72_72365.jpg
400 200
108 38 339 132; 96 39 338 194; 95 38 338 196; 

24\72_72377.jpg
400 300
131 42 335 245; 127 41 334 246; 128 41 334 246; 

24\72_72404.jpg
400 200
45 39 346 163; 45 35 349 167; 47 39 349 161; 

24\72_72424.jpg
400 377
92 39 310 336; 94 41 308 342; 94 41 308 339; 

24\72_72444.jpg
288 400
119 9 274 245; 117 11 274 249; 53 11 273 248; 

24\72_72450.jpg
400 306
150 23 361 294; 150 81 309 224; 118 6 379 259; 

24\72_72451.jpg
296 400
40 48 261 349; 121 66 250 356; 61 35 224 189; 

24\72_72453.jpg
400 300
52 37 239 300; 48 39 239 300; 51 40 239 300; 

24\72_72459.jpg
400 288
131 44 346 239; 148 42 308 212; 136 1 309 212; 

24\72_72463.jpg
400 300
24 27 251 295; 4 27 250 291; 2 27 249 289; 

24\72_72488.jpg
399 299
44 85 349 241; 41 87 356 242; 43 87 347 241; 

24\72_72492.jpg
400 291
61 34 338 272; 58 32 339 274; 62 33 339 272; 

24\72_72511.jpg
400 298
54 109 345 236; 148 106 294 232; 29 107 341 239; 

24\72_72521.jpg
400 106
144 0 286 106; 146 1 284 106; 144 0 284 106; 

24\72_72534.jpg
400 281
134 50 400 267; 57 51 272 216; 136 53 399 281; 

24\72_72560.jpg
208 400
50 12 163 388; 50 178 189 388; 48 12 163 389; 

24\72_72562.jpg
400 300
82 135 292 300; 81 137 296 300; 82 138 295 300; 

24\72_72587.jpg
246 399
34 23 192 379; 42 10 198 379; 43 29 188 375; 

24\72_72593.jpg
400 300
127 68 268 234; 125 70 268 232; 128 71 268 232; 

24\72_72595.jpg
399 319
262 31 362 316; 266 24 362 320; 267 32 360 320; 

24\72_72609.jpg
400 320
208 120 360 251; 212 126 367 284; 213 127 384 283; 

24\72_72612.jpg
320 400
114 50 234 160; 114 51 236 156; 118 53 234 156; 

24\72_72624.jpg
400 260
39 116 360 228; 2 114 383 229; 0 37 377 228; 

24\72_72653.jpg
399 399
37 89 278 223; 37 92 287 233; 38 92 285 228; 

24\72_72714.jpg
266 400
64 115 207 317; 71 116 204 316; 65 117 205 313; 

24\72_72733.jpg
259 194
82 85 157 167; 88 81 161 165; 91 83 156 163; 

24\72_72747.jpg
320 400
47 75 268 294; 58 75 268 300; 48 74 266 298; 

24\72_72771.jpg
400 275
41 33 355 226; 43 32 356 225; 42 32 355 223; 

24\72_72778.jpg
320 400
91 51 233 393; 91 54 230 400; 94 54 231 399; 

24\72_72781.jpg
400 389
68 33 326 372; 136 140 338 378; 72 36 341 376; 

24\72_72786.jpg
266 400
73 28 199 354; 72 28 201 354; 48 29 199 354; 

24\72_72822.jpg
400 266
152 19 365 201; 142 16 366 209; 196 48 294 141; 

24\72_72829.jpg
400 260
58 29 283 254; 139 26 281 260; 192 28 280 99; 

24\72_72889.jpg
319 399
61 49 208 315; 87 51 193 222; 89 52 191 223; 

24\72_72939.jpg
304 399
26 144 234 367; 24 147 234 366; 27 147 235 396; 

24\72_72940.jpg
255 400
49 112 192 347; 49 112 194 348; 49 112 191 347; 

24\72_72949.jpg
300 400
128 69 263 229; 130 70 262 224; 35 71 262 398; 

24\73_73016.jpg
400 270
119 41 351 233; 163 38 347 162; 103 37 347 240; 

24\73_73034.jpg
400 259
129 19 353 250; 125 5 351 249; 127 3 350 247; 

24\73_73091.jpg
400 271
102 36 316 249; 101 39 315 261; 102 39 312 261; 

24\73_73097.jpg
266 400
29 65 176 362; 31 49 175 356; 31 52 175 360; 

24\73_73099.jpg
266 400
67 149 207 366; 64 154 201 365; 64 168 187 361; 

24\73_73120.jpg
400 267
92 25 360 251; 90 26 385 246; 91 27 385 248; 

24\73_73123.jpg
400 267
117 135 287 250; 119 134 281 252; 119 135 291 250; 

24\73_73145.jpg
400 246
44 58 304 244; 23 59 304 246; 96 60 305 144; 

24\73_73179.jpg
400 270
8 64 311 224; 36 66 310 222; 41 66 308 220; 

24\73_73181.jpg
400 293
7 43 321 233; 54 79 319 231; 49 74 318 231; 

24\73_73214.jpg
399 331
68 38 332 298; 68 37 330 300; 72 37 337 299; 

24\73_73225.jpg
400 300
106 91 246 288; 106 91 247 292; 108 91 244 296; 

24\73_73243.jpg
400 300
72 22 328 188; 114 13 279 198; 116 14 278 196; 

24\73_73260.jpg
400 340
53 69 315 304; 53 71 313 302; 53 71 312 311; 

24\73_73280.jpg
400 300
56 24 272 291; 56 24 278 210; 57 24 276 211; 

24\73_73332.jpg
400 300
19 71 366 259; 22 77 366 247; 19 76 365 251; 

24\73_73337.jpg
400 266
33 36 238 228; 34 89 238 185; 36 88 238 181; 

24\73_73411.jpg
400 311
107 90 379 289; 106 89 380 282; 109 90 379 280; 

24\73_73449.jpg
400 320
126 22 333 281; 136 69 316 248; 143 71 314 242; 

24\73_73451.jpg
400 300
134 31 341 254; 134 33 341 219; 134 33 339 211; 

24\73_73453.jpg
400 318
212 108 368 314; 212 108 369 317; 214 109 368 317; 

24\73_73470.jpg
400 320
69 148 373 319; 143 144 277 267; 131 145 373 318; 

24\73_73493.jpg
302 400
164 178 285 380; 167 175 282 380; 168 175 281 378; 

24\73_73494.jpg
400 305
176 102 387 251; 175 104 389 249; 176 104 388 248; 

24\73_73499.jpg
347 400
22 139 277 323; 23 140 184 302; 22 141 285 322; 

24\73_73503.jpg
399 343
130 44 387 335; 237 42 328 210; 113 44 392 336; 

24\73_73536.jpg
400 300
74 94 284 232; 105 89 248 215; 107 90 269 232; 

24\73_73544.jpg
400 249
34 0 271 248; 82 98 234 180; 89 99 232 174; 

24\73_73592.jpg
400 320
133 76 335 257; 130 81 324 239; 137 81 329 235; 

24\73_73607.jpg
400 300
106 10 372 255; 152 49 337 251; 91 1 340 251; 

24\73_73616.jpg
400 300
77 21 348 262; 96 33 327 238; 96 32 325 236; 

24\73_73618.jpg
304 400
41 1 196 381; 41 111 197 387; 41 107 195 386; 

24\73_73629.jpg
400 301
71 156 330 266; 71 161 329 266; 72 162 328 265; 

24\73_73630.jpg
400 320
65 88 278 274; 90 93 277 244; 32 93 277 307; 

24\73_73632.jpg
400 266
18 64 379 192; 19 72 325 203; 18 68 378 202; 

24\73_73642.jpg
294 400
27 99 249 385; 124 167 251 384; 126 166 250 384; 

24\73_73646.jpg
213 400
85 140 151 282; 83 140 151 298; 84 142 152 294; 

24\73_73662.jpg
400 312
13 33 187 251; 67 35 180 301; 14 34 194 302; 

24\73_73670.jpg
399 399
64 56 289 338; 80 149 283 346; 78 148 286 337; 

24\73_73745.jpg
399 399
120 8 396 349; 120 9 368 243; 121 9 394 348; 

24\73_73746.jpg
400 300
67 8 285 295; 162 13 265 283; 163 1 287 279; 

24\73_73753.jpg
400 300
67 53 349 225; 66 83 282 222; 67 55 339 230; 

24\73_73764.jpg
400 388
70 31 252 388; 67 28 253 389; 70 28 251 389; 

24\73_73776.jpg
399 299
21 11 130 190; 22 12 129 184; 22 12 128 189; 

24\73_73805.jpg
266 400
31 73 250 348; 30 76 245 315; 30 71 243 345; 

24\73_73807.jpg
400 288
176 19 396 270; 168 21 396 278; 170 20 394 275; 

24\73_73837.jpg
400 300
60 12 235 289; 58 16 235 286; 60 15 233 285; 

24\73_73838.jpg
400 320
52 57 356 257; 53 58 355 258; 51 58 358 256; 

24\73_73901.jpg
266 400
82 117 187 248; 79 115 184 249; 81 121 186 249; 

24\73_73907.jpg
400 196
24 26 329 170; 99 27 329 168; 25 28 328 169; 

24\73_73921.jpg
400 288
14 19 261 270; 16 23 259 268; 17 22 259 266; 

24\73_73927.jpg
400 266
21 51 384 220; 19 52 385 218; 20 54 383 218; 

24\73_73936.jpg
400 356
167 131 333 299; 169 132 333 302; 178 142 319 300; 

24\73_73960.jpg
400 400
130 69 354 209; 130 71 354 212; 130 71 352 210; 

24\73_73966.jpg
400 359
4 9 284 287; 7 10 285 284; 6 7 284 284; 

24\73_73981.jpg
400 272
30 95 226 272; 38 92 222 272; 38 93 221 272; 

24\74_74019.jpg
262 400
34 79 157 317; 32 85 159 297; 31 85 159 298; 

24\74_74020.jpg
400 266
41 102 187 218; 41 103 184 239; 42 6 246 238; 

24\74_74021.jpg
400 304
91 31 299 257; 93 55 297 252; 93 56 298 251; 

24\74_74022.jpg
400 266
38 69 328 233; 35 75 333 234; 37 75 326 219; 

24\74_74023.jpg
400 266
101 87 365 176; 101 89 369 177; 103 90 370 176; 

24\74_74032.jpg
399 286
74 35 344 254; 77 34 230 248; 77 34 342 255; 

24\74_74041.jpg
400 300
14 63 358 229; 49 42 276 174; 14 41 362 224; 

24\74_74043.jpg
300 400
82 113 212 300; 82 126 274 309; 1 48 297 308; 

24\74_74056.jpg
400 247
62 51 362 211; 57 49 365 207; 56 50 365 209; 

24\74_74058.jpg
399 304
45 46 273 273; 44 47 273 273; 47 46 268 273; 

24\74_74063.jpg
300 400
102 90 246 390; 130 100 246 213; 119 102 243 215; 

24\74_74073.jpg
263 400
34 25 222 219; 35 27 207 225; 26 17 234 230; 

24\74_74085.jpg
400 300
99 108 291 283; 79 111 291 273; 71 109 293 295; 

24\74_74086.jpg
400 300
22 32 228 243; 132 32 227 244; 40 32 227 242; 

24\74_74092.jpg
400 300
101 58 251 256; 103 58 275 258; 62 57 312 274; 

24\74_74096.jpg
312 400
95 158 229 394; 98 157 224 399; 98 158 224 400; 

24\74_74102.jpg
298 400
124 172 252 359; 125 174 252 361; 124 173 252 362; 

24\74_74104.jpg
296 399
43 165 169 306; 45 167 169 297; 47 168 170 298; 

24\74_74106.jpg
400 266
102 33 381 222; 104 35 315 219; 104 36 317 219; 

24\74_74116.jpg
400 266
75 82 311 199; 9 84 314 249; 79 84 314 208; 

24\74_74122.jpg
400 265
11 13 229 259; 19 58 220 244; 6 3 223 240; 

24\74_74124.jpg
400 299
100 107 221 278; 101 108 224 279; 101 109 223 278; 

24\74_74136.jpg
399 336
33 107 394 329; 57 121 279 181; 33 106 398 334; 

24\74_74143.jpg
399 354
76 75 343 267; 76 78 343 268; 79 77 344 276; 

24\74_74157.jpg
400 300
53 47 355 262; 147 53 351 277; 92 53 351 216; 

24\74_74163.jpg
400 196
12 36 309 172; 99 36 311 172; 96 38 314 173; 

24\74_74166.jpg
400 281
138 74 306 168; 138 78 309 169; 139 79 305 168; 

24\74_74171.jpg
400 300
8 76 392 218; 8 71 391 222; 8 70 392 225; 

24\74_74172.jpg
400 284
43 75 364 270; 38 76 363 278; 40 76 363 277; 

24\74_74177.jpg
270 400
46 20 224 351; 45 24 224 359; 48 23 224 398; 

24\74_74184.jpg
266 400
42 30 224 373; 38 32 228 375; 133 32 228 300; 

24\74_74193.jpg
390 400
113 32 360 366; 109 32 363 372; 118 32 361 370; 

24\74_74200.jpg
400 300
39 37 331 252; 41 32 375 255; 133 95 332 205; 

24\74_74209.jpg
400 376
200 58 369 172; 198 53 370 171; 200 54 364 175; 

24\74_74227.jpg
400 271
103 17 300 211; 89 15 298 208; 89 18 299 206; 

24\74_74246.jpg
400 316
22 101 228 260; 22 100 224 246; 39 108 197 224; 

24\74_74275.jpg
400 269
213 30 389 193; 214 29 389 191; 214 30 389 192; 

24\74_74291.jpg
400 260
166 91 276 199; 173 96 275 201; 173 97 271 198; 

24\74_74293.jpg
400 300
135 55 384 283; 134 62 382 279; 136 62 381 279; 

24\74_74294.jpg
400 298
144 44 211 274; 143 43 215 274; 143 44 214 274; 

24\74_74296.jpg
400 300
38 132 389 202; 33 139 392 201; 38 138 392 204; 

24\74_74318.jpg
399 271
110 30 279 249; 140 157 278 223; 52 157 277 235; 

24\74_74340.jpg
400 302
116 72 224 216; 118 74 222 212; 120 76 223 206; 

24\74_74353.jpg
400 316
24 86 388 233; 18 94 387 235; 16 95 386 238; 

24\74_74361.jpg
400 300
39 74 378 278; 37 85 382 279; 36 86 379 282; 

24\74_74385.jpg
400 240
169 77 383 205; 170 83 379 206; 169 82 381 203; 

24\74_74408.jpg
300 400
54 220 286 352; 79 230 284 318; 56 229 285 346; 

24\74_74430.jpg
400 247
90 65 313 163; 93 69 312 161; 93 69 311 161; 

24\74_74435.jpg
400 266
189 36 283 264; 187 37 289 266; 189 36 288 265; 

24\74_74442.jpg
400 300
9 154 221 300; 6 149 221 272; 8 149 221 272; 

24\74_74443.jpg
315 400
44 71 243 296; 78 26 223 281; 81 26 220 274; 

24\74_74448.jpg
400 320
15 79 363 298; 14 83 361 308; 12 81 360 308; 

24\74_74466.jpg
367 400
28 104 336 344; 32 108 316 363; 31 109 329 362; 

24\74_74478.jpg
400 266
22 18 300 229; 24 19 294 228; 24 13 294 229; 

24\74_74500.jpg
300 400
61 26 268 298; 79 34 259 302; 61 29 257 294; 

24\74_74504.jpg
228 400
21 32 189 297; 20 101 186 296; 18 4 189 297; 

24\74_74511.jpg
281 400
28 46 103 254; 34 47 99 253; 34 48 101 252; 

24\74_74515.jpg
300 400
75 82 271 375; 71 84 272 368; 68 85 270 383; 

24\74_74544.jpg
395 400
58 209 219 360; 55 213 220 358; 75 212 218 353; 

24\74_74549.jpg
400 300
39 98 168 194; 39 99 168 199; 41 98 169 192; 

24\74_74558.jpg
319 400
48 24 197 387; 38 21 188 386; 64 16 188 169; 

24\74_74560.jpg
400 303
35 176 177 274; 36 178 177 272; 36 179 176 272; 

24\74_74573.jpg
283 400
174 5 275 391; 178 3 273 206; 177 5 272 206; 

24\74_74578.jpg
400 169
19 41 379 136; 11 32 384 141; 11 31 384 143; 

24\74_74591.jpg
400 266
115 75 292 253; 118 72 293 247; 119 73 289 246; 

24\74_74641.jpg
400 300
128 41 267 225; 128 45 268 229; 126 45 267 231; 

24\74_74669.jpg
400 300
2 52 261 242; 61 36 278 176; 156 84 252 182; 

24\74_74673.jpg
399 300
59 57 385 273; 140 57 328 148; 58 56 399 270; 

24\74_74683.jpg
320 400
69 53 253 244; 68 52 260 248; 67 54 248 244; 

24\74_74703.jpg
300 400
146 74 287 361; 114 70 299 193; 115 72 299 228; 

24\74_74722.jpg
261 400
50 25 201 226; 52 22 197 224; 53 21 196 222; 

24\74_74726.jpg
400 379
63 52 330 317; 65 55 330 317; 66 54 328 315; 

24\74_74746.jpg
399 384
104 84 393 381; 108 88 341 282; 107 84 396 382; 

24\74_74763.jpg
384 400
135 54 299 239; 150 84 288 238; 135 84 274 235; 

24\74_74777.jpg
400 264
65 53 246 251; 68 58 242 207; 71 58 244 250; 

24\74_74783.jpg
389 399
44 65 348 340; 45 64 345 342; 43 57 345 342; 

24\74_74866.jpg
321 400
162 36 299 358; 153 34 301 346; 152 2 301 358; 

24\74_74873.jpg
230 400
20 250 144 372; 22 248 150 371; 22 253 145 400; 

24\74_74876.jpg
400 300
52 17 299 281; 48 20 296 287; 47 21 299 289; 

24\74_74879.jpg
400 264
24 20 365 177; 23 20 364 172; 22 19 363 177; 

24\74_74953.jpg
400 266
77 74 327 250; 76 75 326 252; 78 78 327 254; 

24\74_74958.jpg
400 301
66 65 312 258; 71 65 310 266; 69 64 311 266; 

24\74_74979.jpg
400 363
175 112 346 302; 177 112 348 307; 178 113 346 308; 

24\74_74981.jpg
285 400
68 92 188 348; 74 91 188 345; 76 92 186 344; 

24\74_74990.jpg
200 150
64 26 137 102; 61 24 140 132; 64 24 141 136; 

