297

27\81_81003.jpg
266 400
71 30 245 277; 73 30 235 281; 72 30 234 277; 

27\81_81045.jpg
399 266
74 108 319 219; 73 108 321 221; 75 108 319 220; 

27\81_81049.jpg
322 399
155 114 243 394; 156 114 232 257; 157 114 243 394; 

27\81_81052.jpg
266 400
42 131 229 308; 49 136 229 310; 60 137 229 302; 

27\81_81078.jpg
400 266
144 14 329 249; 144 15 328 223; 145 17 328 224; 

27\81_81090.jpg
400 347
145 37 400 329; 135 35 392 342; 163 37 334 249; 

27\81_81113.jpg
308 400
60 166 240 325; 77 166 233 314; 78 164 233 316; 

27\81_81114.jpg
400 300
207 6 395 299; 206 29 398 300; 236 15 360 191; 

27\81_81117.jpg
266 399
129 100 199 331; 134 98 197 322; 135 101 193 321; 

27\81_81123.jpg
303 400
74 235 231 333; 76 238 229 321; 74 239 231 322; 

27\81_81154.jpg
400 350
56 43 334 332; 158 66 334 258; 158 71 332 251; 

27\81_81179.jpg
276 400
35 53 219 270; 36 56 228 297; 113 55 214 175; 

27\81_81182.jpg
400 266
51 17 213 196; 51 19 218 201; 54 18 219 262; 

27\81_81204.jpg
334 399
31 51 293 300; 32 64 293 301; 32 20 292 303; 

27\81_81266.jpg
400 400
126 77 254 376; 126 78 251 377; 151 78 234 299; 

27\81_81295.jpg
314 400
107 67 254 393; 106 68 247 399; 106 68 247 399; 

27\81_81300.jpg
400 301
110 17 289 265; 117 16 291 247; 112 17 290 245; 

27\81_81302.jpg
400 320
41 118 309 258; 146 116 314 264; 36 117 316 264; 

27\81_81304.jpg
400 266
116 19 302 240; 115 22 302 241; 116 21 302 239; 

27\81_81310.jpg
400 320
44 82 321 261; 43 82 318 187; 42 82 319 272; 

27\81_81364.jpg
240 360
38 27 197 236; 35 25 200 235; 50 33 186 227; 

27\81_81377.jpg
360 240
10 5 133 237; 9 1 161 239; 19 0 118 240; 

27\81_81389.jpg
266 400
39 105 266 351; 41 212 196 355; 37 110 266 353; 

27\81_81403.jpg
400 269
96 42 336 269; 100 74 310 263; 104 69 309 264; 

27\81_81406.jpg
300 400
81 148 219 282; 104 148 219 242; 105 150 218 239; 

27\81_81427.jpg
400 279
4 7 338 150; 136 55 338 150; 3 7 336 151; 

27\81_81434.jpg
400 275
184 109 389 237; 182 109 389 228; 183 105 388 234; 

27\81_81442.jpg
400 289
51 142 219 282; 51 144 223 289; 49 143 221 289; 

27\81_81446.jpg
265 400
50 93 235 279; 38 88 244 280; 59 100 220 274; 

27\81_81479.jpg
399 314
22 31 249 310; 123 139 221 255; 18 29 230 254; 

27\81_81511.jpg
400 266
39 66 306 178; 28 71 306 224; 24 56 398 222; 

27\81_81513.jpg
400 313
129 79 351 300; 135 80 346 278; 137 80 346 278; 

27\81_81531.jpg
328 400
38 127 239 376; 38 129 236 377; 33 128 234 373; 

27\81_81542.jpg
308 400
28 138 146 284; 18 133 147 282; 17 134 147 287; 

27\81_81543.jpg
400 285
101 45 384 278; 126 39 317 285; 156 46 312 284; 

27\81_81547.jpg
400 266
124 14 334 213; 124 16 257 216; 125 13 331 212; 

27\81_81548.jpg
304 400
74 14 214 257; 2 196 256 387; 64 19 208 270; 

27\81_81624.jpg
400 300
94 10 354 281; 169 71 293 202; 94 12 369 287; 

27\81_81625.jpg
400 300
154 29 248 250; 166 38 232 234; 166 38 232 234; 

27\81_81629.jpg
298 399
42 67 263 348; 34 52 268 354; 33 54 282 354; 

27\81_81637.jpg
399 347
165 33 386 202; 166 37 387 201; 168 37 385 197; 

27\81_81639.jpg
399 301
26 25 208 181; 32 21 207 180; 32 21 208 179; 

27\81_81640.jpg
292 400
30 20 208 292; 24 20 185 230; 25 20 164 169; 

27\81_81645.jpg
259 400
46 22 211 324; 55 113 181 258; 55 76 193 257; 

27\81_81652.jpg
399 399
77 74 326 323; 142 150 250 252; 91 84 301 296; 

27\81_81660.jpg
400 346
59 11 192 336; 58 26 191 333; 67 30 186 331; 

27\81_81675.jpg
400 300
247 86 380 288; 249 86 381 296; 249 86 384 294; 

27\81_81676.jpg
400 198
171 68 324 151; 171 67 324 151; 172 69 324 151; 

27\81_81678.jpg
400 300
94 110 240 256; 168 117 279 300; 93 118 279 299; 

27\81_81684.jpg
400 319
157 143 400 319; 176 130 365 266; 178 130 375 268; 

27\81_81688.jpg
400 265
172 22 396 260; 182 58 362 208; 178 21 362 222; 

27\81_81712.jpg
400 266
53 49 332 229; 52 50 175 231; 52 52 353 231; 

27\81_81718.jpg
400 266
39 48 232 204; 45 53 237 205; 44 51 235 205; 

27\81_81728.jpg
320 400
150 99 262 324; 150 99 260 322; 151 99 260 322; 

27\81_81760.jpg
400 258
37 27 182 166; 35 29 179 165; 36 29 178 154; 

27\81_81763.jpg
400 353
30 38 289 347; 97 74 289 313; 34 27 288 311; 

27\81_81764.jpg
400 265
79 34 297 251; 80 62 279 251; 78 46 299 256; 

27\81_81784.jpg
400 290
69 33 339 253; 68 37 339 255; 69 37 339 255; 

27\81_81786.jpg
265 400
60 47 197 186; 43 38 205 183; 44 39 206 180; 

27\81_81797.jpg
347 399
43 237 223 370; 43 245 222 365; 44 245 221 363; 

27\81_81827.jpg
400 300
56 46 271 198; 59 43 271 201; 59 44 270 200; 

27\81_81838.jpg
320 400
58 31 227 379; 60 34 228 384; 59 33 228 382; 

27\81_81843.jpg
320 400
58 31 238 374; 55 32 242 299; 56 32 241 382; 

27\81_81844.jpg
320 400
19 133 318 322; 14 126 319 314; 19 30 317 314; 

27\81_81851.jpg
320 400
65 124 306 398; 64 126 227 308; 68 127 226 307; 

27\81_81856.jpg
320 400
40 126 313 400; 39 149 311 309; 4 19 310 309; 

27\81_81858.jpg
320 400
59 79 247 325; 78 79 276 291; 25 31 292 291; 

27\81_81860.jpg
320 400
51 150 283 395; 47 141 295 344; 19 19 306 345; 

27\81_81861.jpg
320 400
76 158 307 391; 82 181 312 359; 1 32 312 384; 

27\81_81862.jpg
265 400
48 104 169 368; 47 102 171 367; 48 102 170 371; 

27\81_81866.jpg
320 400
92 131 306 317; 101 147 313 286; 48 9 311 284; 

27\81_81875.jpg
320 400
66 52 258 391; 65 51 258 191; 66 52 256 399; 

27\81_81878.jpg
400 320
108 71 364 317; 33 53 362 164; 108 72 366 319; 

27\81_81879.jpg
320 400
54 74 220 389; 53 76 217 177; 56 77 239 398; 

27\81_81880.jpg
400 320
175 58 392 315; 81 56 332 221; 171 56 395 318; 

27\81_81889.jpg
320 400
18 64 274 278; 17 36 273 271; 18 36 271 271; 

27\81_81891.jpg
320 400
76 99 305 399; 142 99 239 206; 77 99 315 400; 

27\81_81892.jpg
400 320
50 59 326 318; 129 54 256 218; 130 55 254 216; 

27\81_81895.jpg
319 400
66 148 241 396; 59 45 181 238; 67 148 241 399; 

27\81_81896.jpg
320 400
103 122 292 394; 69 40 274 223; 92 123 293 399; 

27\81_81898.jpg
319 400
85 49 254 353; 87 51 194 157; 88 51 252 351; 

27\81_81925.jpg
400 300
97 78 268 235; 94 82 266 229; 96 82 265 228; 

27\81_81938.jpg
392 400
109 122 309 324; 134 136 250 296; 136 136 249 295; 

27\81_81951.jpg
371 400
73 10 334 345; 130 52 289 282; 116 53 292 285; 

27\81_81957.jpg
321 400
14 106 238 399; 100 149 189 257; 83 107 216 254; 

27\81_81962.jpg
400 273
124 109 256 266; 140 109 264 268; 156 155 254 268; 

27\81_81972.jpg
400 300
14 34 274 258; 70 29 167 139; 2 29 264 299; 

27\81_81973.jpg
399 276
13 51 275 127; 11 50 278 126; 12 48 276 126; 

27\81_81987.jpg
300 400
54 132 294 364; 52 132 299 364; 52 132 298 363; 

27\81_81988.jpg
249 399
48 125 192 279; 46 124 198 281; 47 124 197 281; 

27\81_81989.jpg
400 304
60 74 330 304; 60 76 257 226; 61 76 257 227; 

27\81_81994.jpg
400 289
94 37 312 234; 88 24 327 251; 131 68 270 208; 

27\81_81996.jpg
400 267
180 11 334 260; 182 8 332 260; 184 8 332 261; 

27\82_82005.jpg
400 300
209 75 380 274; 240 83 382 226; 241 82 382 226; 

27\82_82045.jpg
400 300
109 11 255 287; 112 9 249 286; 111 12 252 286; 

27\82_82066.jpg
400 200
252 29 368 194; 253 28 366 175; 252 28 367 174; 

27\82_82067.jpg
400 266
39 49 289 184; 34 50 285 193; 35 50 286 222; 

27\82_82070.jpg
238 399
35 239 223 374; 126 238 219 372; 125 237 220 371; 

27\82_82074.jpg
315 399
191 29 299 362; 193 32 303 364; 193 29 302 361; 

27\82_82089.jpg
296 399
94 24 276 375; 92 13 276 375; 23 13 275 376; 

27\82_82107.jpg
311 400
43 37 200 323; 68 72 186 221; 46 36 203 221; 

27\82_82111.jpg
301 399
11 106 288 303; 37 175 249 295; 6 108 289 302; 

27\82_82130.jpg
399 302
37 26 374 176; 37 28 375 172; 36 26 374 173; 

27\82_82136.jpg
400 400
15 134 288 376; 11 137 285 376; 13 130 284 374; 

27\82_82141.jpg
317 400
48 48 266 326; 50 174 168 297; 46 21 286 332; 

27\82_82154.jpg
399 266
57 15 143 235; 61 22 142 235; 62 21 140 265; 

27\82_82155.jpg
399 266
51 27 153 162; 28 26 153 162; 53 31 149 156; 

27\82_82161.jpg
400 266
44 26 242 260; 39 30 144 266; 40 29 141 266; 

27\82_82163.jpg
400 266
106 31 260 250; 107 91 248 257; 52 91 248 253; 

27\82_82168.jpg
400 265
21 66 222 231; 26 79 219 234; 30 72 219 231; 

27\82_82171.jpg
400 301
91 31 308 281; 88 29 304 279; 91 29 305 278; 

27\82_82174.jpg
400 255
124 53 322 256; 141 131 267 255; 119 52 322 255; 

27\82_82176.jpg
400 209
56 22 118 191; 54 22 116 192; 54 24 115 191; 

27\82_82177.jpg
400 289
156 68 321 289; 129 70 313 288; 139 71 314 285; 

27\82_82194.jpg
306 400
121 42 238 361; 122 44 276 363; 123 45 274 365; 

27\82_82198.jpg
400 260
132 51 331 224; 133 62 330 226; 134 61 329 224; 

27\82_82204.jpg
400 300
216 27 348 300; 214 27 353 300; 213 27 353 299; 

27\82_82205.jpg
400 363
51 11 302 328; 111 83 233 218; 67 6 252 203; 

27\82_82220.jpg
198 400
83 41 166 356; 84 41 167 356; 86 39 166 354; 

27\82_82247.jpg
266 400
38 33 255 268; 42 112 222 259; 43 3 223 259; 

27\82_82255.jpg
400 251
110 41 380 230; 176 69 269 151; 111 41 382 230; 

27\82_82270.jpg
400 389
132 96 331 372; 181 92 333 226; 132 94 334 378; 

27\82_82276.jpg
400 320
96 59 302 251; 97 60 306 252; 96 60 304 250; 

27\82_82279.jpg
400 269
58 8 197 219; 59 41 198 191; 54 6 198 191; 

27\82_82280.jpg
400 290
72 8 312 281; 73 113 306 278; 76 6 339 275; 

27\82_82281.jpg
400 278
141 2 329 202; 166 46 306 201; 162 6 317 200; 

27\82_82287.jpg
400 300
71 0 279 210; 71 3 278 214; 72 2 281 215; 

27\82_82294.jpg
400 266
211 38 359 206; 211 47 351 201; 210 38 351 206; 

27\82_82295.jpg
400 300
127 26 356 283; 129 38 352 269; 120 36 359 278; 

27\82_82300.jpg
400 300
71 60 328 292; 93 101 299 284; 89 100 298 291; 

27\82_82301.jpg
399 358
16 22 197 324; 15 22 199 324; 16 13 198 322; 

27\82_82305.jpg
399 399
104 110 292 291; 106 109 290 291; 108 110 287 290; 

27\82_82345.jpg
400 300
76 39 338 293; 110 40 334 254; 109 40 335 299; 

27\82_82346.jpg
278 400
78 139 241 321; 78 139 242 321; 78 139 241 319; 

27\82_82348.jpg
400 299
138 40 399 281; 141 44 398 277; 143 44 399 274; 

27\82_82352.jpg
400 320
70 28 311 204; 117 76 307 154; 32 31 348 302; 

27\82_82372.jpg
320 400
74 52 267 318; 74 58 263 318; 74 55 263 318; 

27\82_82374.jpg
400 250
142 88 232 223; 149 88 229 174; 119 88 236 156; 

27\82_82383.jpg
399 324
90 28 292 237; 90 68 284 212; 90 68 282 211; 

27\82_82405.jpg
329 400
26 226 319 389; 164 225 300 378; 164 224 321 391; 

27\82_82411.jpg
400 278
94 28 188 214; 91 29 187 211; 92 29 188 221; 

27\82_82412.jpg
380 400
89 6 268 199; 125 93 268 198; 122 93 269 198; 

27\82_82417.jpg
317 400
78 58 287 346; 72 52 228 236; 76 58 258 339; 

27\82_82423.jpg
317 399
36 24 270 320; 65 117 247 319; 13 1 302 315; 

27\82_82442.jpg
264 400
41 110 255 393; 109 111 223 277; 41 111 224 394; 

27\82_82449.jpg
301 400
114 38 220 328; 114 36 226 169; 115 36 226 177; 

27\82_82451.jpg
400 280
64 124 266 262; 100 167 254 263; 107 169 234 262; 

27\82_82460.jpg
399 280
52 18 264 280; 113 17 262 280; 20 18 261 279; 

27\82_82487.jpg
355 400
18 6 214 248; 57 14 212 201; 13 2 212 227; 

27\82_82504.jpg
296 399
13 93 283 346; 16 93 166 241; 16 93 287 346; 

27\82_82524.jpg
400 320
160 71 376 206; 158 68 390 213; 158 69 374 206; 

27\82_82528.jpg
400 320
164 103 382 254; 162 102 392 254; 164 102 391 254; 

27\82_82664.jpg
400 400
41 59 206 256; 46 76 196 252; 46 11 269 387; 

27\82_82694.jpg
314 400
56 110 216 396; 108 45 275 186; 55 45 221 395; 

27\82_82695.jpg
400 266
95 72 275 213; 98 71 276 216; 99 73 274 215; 

27\82_82703.jpg
300 400
19 2 232 302; 64 119 229 303; 29 172 190 303; 

27\82_82717.jpg
400 320
64 11 374 247; 61 130 206 250; 67 34 373 248; 

27\82_82719.jpg
360 270
41 22 205 202; 33 24 216 225; 60 37 208 223; 

27\82_82723.jpg
400 300
19 18 351 226; 182 66 351 211; 174 26 350 218; 

27\82_82724.jpg
400 350
21 108 379 330; 144 107 264 330; 2 107 398 330; 

27\82_82733.jpg
400 373
96 140 331 354; 149 145 282 320; 97 141 327 347; 

27\82_82736.jpg
400 400
29 57 326 353; 87 57 239 206; 86 58 239 236; 

27\82_82738.jpg
400 266
34 52 379 196; 34 54 331 196; 37 58 349 194; 

27\82_82739.jpg
400 240
32 4 272 236; 131 69 241 204; 74 1 252 204; 

27\82_82752.jpg
400 231
39 31 304 206; 32 30 224 212; 32 31 366 212; 

27\82_82756.jpg
400 400
214 40 381 329; 211 42 371 326; 215 19 398 323; 

27\82_82757.jpg
400 266
81 78 296 229; 79 78 298 224; 81 78 296 224; 

27\82_82758.jpg
399 332
31 12 146 312; 32 10 145 328; 34 6 144 325; 

27\82_82759.jpg
400 400
82 82 164 310; 82 81 159 309; 82 81 157 309; 

27\82_82804.jpg
400 266
58 8 219 248; 90 44 216 218; 55 1 216 216; 

27\82_82810.jpg
400 400
65 39 322 379; 84 44 279 342; 70 44 330 399; 

27\82_82815.jpg
340 400
52 60 301 353; 101 62 279 264; 43 63 296 368; 

27\82_82816.jpg
367 400
54 75 308 336; 51 88 241 214; 52 74 310 352; 

27\82_82820.jpg
400 300
66 87 335 263; 134 91 334 264; 48 91 333 275; 

27\82_82824.jpg
399 310
102 50 375 262; 85 38 376 258; 83 24 379 258; 

27\82_82834.jpg
400 266
39 51 357 210; 69 86 358 178; 42 51 359 208; 

27\82_82865.jpg
311 400
62 43 280 321; 84 150 234 310; 67 85 285 309; 

27\82_82867.jpg
315 400
65 119 265 386; 62 179 172 335; 40 10 258 333; 

27\82_82869.jpg
285 399
16 11 254 280; 127 118 249 266; 13 12 281 261; 

27\82_82907.jpg
400 200
164 34 325 140; 163 38 328 131; 162 38 328 129; 

27\82_82910.jpg
400 266
92 37 355 228; 91 34 313 207; 93 37 391 252; 

27\82_82914.jpg
400 320
22 22 304 264; 106 125 222 261; 22 22 303 260; 

27\82_82915.jpg
400 320
119 66 263 249; 118 65 262 161; 120 66 263 272; 

27\82_82917.jpg
400 300
70 34 316 262; 132 79 299 271; 64 29 400 273; 

27\82_82947.jpg
400 300
46 59 332 271; 48 64 331 274; 48 57 334 272; 

27\82_82949.jpg
300 400
31 21 239 332; 37 78 236 329; 38 40 236 325; 

27\82_82959.jpg
300 400
54 99 228 347; 50 101 212 314; 53 100 213 329; 

27\82_82971.jpg
385 400
98 34 233 279; 100 87 216 247; 94 35 216 246; 

27\82_82997.jpg
400 266
25 29 241 265; 100 28 222 169; 1 28 252 265; 

27\83_83002.jpg
400 376
19 16 277 364; 64 60 254 290; 19 16 275 368; 

27\83_83031.jpg
292 400
52 39 251 359; 91 76 216 202; 80 46 222 200; 

27\83_83048.jpg
400 266
69 54 272 249; 69 52 272 250; 71 52 271 248; 

27\83_83054.jpg
400 266
29 36 301 228; 24 71 301 204; 25 39 301 225; 

27\83_83068.jpg
300 400
17 47 117 178; 26 89 141 178; 1 1 116 177; 

27\83_83072.jpg
399 308
64 8 278 223; 66 6 278 260; 66 70 276 291; 

27\83_83073.jpg
400 384
62 49 190 332; 59 49 191 210; 61 50 191 329; 

27\83_83079.jpg
400 376
62 12 382 265; 60 139 382 269; 61 11 383 269; 

27\83_83109.jpg
266 399
72 104 256 317; 74 160 190 303; 75 86 266 317; 

27\83_83110.jpg
266 399
95 15 237 270; 94 47 214 170; 94 10 214 167; 

27\83_83111.jpg
266 399
114 99 266 275; 114 128 207 279; 115 92 265 277; 

27\83_83129.jpg
320 400
17 139 298 228; 8 142 310 228; 9 142 309 228; 

27\83_83133.jpg
399 333
119 154 396 324; 118 154 400 330; 121 156 400 329; 

27\83_83139.jpg
400 266
43 9 339 151; 43 10 337 152; 42 8 338 150; 

27\83_83141.jpg
266 400
78 50 206 236; 32 51 205 384; 35 52 204 385; 

27\83_83210.jpg
400 271
21 104 376 222; 23 74 377 221; 23 74 377 221; 

27\83_83224.jpg
263 400
40 152 221 362; 121 201 153 362; 49 154 211 360; 

27\83_83226.jpg
399 266
70 39 345 204; 139 81 266 203; 140 81 266 199; 

27\83_83229.jpg
400 288
136 32 376 259; 135 33 374 178; 137 33 377 261; 

27\83_83230.jpg
400 367
58 35 233 259; 54 31 232 266; 53 27 232 268; 

27\83_83231.jpg
396 400
218 155 312 351; 218 158 312 336; 219 158 313 336; 

27\83_83262.jpg
400 266
216 89 383 258; 218 91 388 258; 218 91 388 259; 

27\83_83288.jpg
300 400
82 141 292 380; 85 140 289 335; 86 139 298 382; 

27\83_83303.jpg
400 267
124 45 271 254; 127 46 209 162; 128 45 272 255; 

27\83_83322.jpg
400 319
232 184 390 268; 229 185 392 268; 232 187 393 266; 

27\83_83339.jpg
400 273
179 8 361 269; 211 45 360 185; 214 4 360 184; 

27\83_83343.jpg
400 356
97 37 361 341; 136 111 298 225; 99 33 368 255; 

27\83_83350.jpg
400 239
134 18 293 238; 144 59 261 171; 122 1 299 172; 

27\83_83351.jpg
300 400
34 22 241 329; 37 78 234 323; 38 41 237 326; 

27\83_83356.jpg
400 243
27 121 385 215; 24 120 386 213; 24 121 384 215; 

27\83_83364.jpg
400 266
58 3 283 262; 81 29 189 205; 71 57 254 204; 

27\83_83388.jpg
280 400
15 2 259 249; 13 41 152 159; 16 5 256 248; 

27\83_83392.jpg
400 265
12 9 263 233; 114 13 264 121; 11 11 264 231; 

27\83_83398.jpg
400 266
36 73 328 186; 94 74 330 196; 36 76 329 195; 

27\83_83406.jpg
266 400
43 81 243 345; 89 85 187 223; 30 87 260 343; 

27\83_83407.jpg
319 399
50 107 297 391; 79 126 227 277; 38 33 298 286; 

27\83_83424.jpg
400 300
61 38 369 244; 86 37 240 239; 60 37 366 240; 

27\83_83429.jpg
400 400
22 181 398 377; 22 180 388 334; 24 184 399 376; 

27\83_83433.jpg
400 320
115 24 318 301; 169 32 313 305; 186 41 312 281; 

27\83_83449.jpg
400 266
138 81 364 238; 174 82 362 232; 174 82 352 234; 

27\83_83465.jpg
285 400
82 23 257 372; 57 25 256 368; 57 24 256 372; 

27\83_83468.jpg
400 300
96 57 293 295; 98 55 299 298; 91 55 301 300; 

27\83_83493.jpg
400 275
36 106 352 219; 40 108 349 221; 40 109 350 218; 

27\83_83501.jpg
400 242
77 61 285 223; 105 63 256 196; 51 62 305 239; 

27\83_83524.jpg
317 400
4 2 144 172; 53 52 141 171; 1 0 141 170; 

27\83_83530.jpg
400 300
58 16 235 286; 62 16 233 287; 60 14 233 285; 

27\83_83536.jpg
400 266
83 55 293 203; 81 86 220 208; 81 86 399 207; 

27\83_83555.jpg
400 349
82 14 317 279; 82 140 316 277; 82 15 321 278; 

27\83_83559.jpg
400 245
148 84 329 198; 144 84 331 199; 164 84 330 191; 

27\83_83574.jpg
400 320
45 115 273 280; 46 121 279 224; 44 54 282 312; 

27\83_83577.jpg
400 264
109 44 396 215; 102 58 275 206; 98 58 274 212; 

27\83_83580.jpg
294 400
46 108 277 329; 45 111 249 326; 46 110 252 325; 

27\83_83591.jpg
400 266
226 16 379 261; 223 19 375 260; 225 18 376 260; 

27\83_83593.jpg
400 300
120 185 385 296; 121 184 385 289; 123 184 384 293; 

27\83_83596.jpg
400 266
67 76 312 248; 142 82 257 222; 66 81 316 246; 

27\83_83598.jpg
400 248
49 71 142 218; 144 42 314 96; 144 41 314 95; 

27\83_83602.jpg
400 296
98 90 307 285; 112 99 291 278; 111 97 290 278; 

27\83_83603.jpg
266 400
58 92 254 226; 59 99 173 262; 61 101 254 221; 

27\83_83604.jpg
400 280
4 186 391 275; 3 186 391 274; 2 186 392 274; 

27\83_83616.jpg
400 320
16 26 180 319; 17 23 182 177; 12 26 178 320; 

27\83_83617.jpg
400 266
56 29 372 158; 7 29 371 158; 8 31 371 158; 

27\83_83619.jpg
400 320
86 25 376 266; 162 101 283 231; 84 26 377 266; 

27\83_83622.jpg
400 320
23 54 381 262; 112 62 316 174; 18 57 379 243; 

27\83_83627.jpg
400 285
54 22 229 284; 63 24 223 213; 53 23 228 284; 

27\83_83643.jpg
400 266
32 32 286 267; 13 34 291 172; 15 34 290 171; 

27\83_83689.jpg
308 400
21 124 262 366; 40 124 201 266; 41 125 201 266; 

27\83_83697.jpg
400 323
23 5 254 278; 24 4 255 273; 12 4 274 279; 

27\83_83703.jpg
400 293
103 170 292 261; 112 179 289 263; 113 179 287 262; 

27\83_83713.jpg
400 300
12 89 301 227; 2 92 298 226; 2 91 297 230; 

27\83_83714.jpg
275 400
114 112 216 380; 116 112 216 387; 115 114 216 400; 

27\83_83739.jpg
305 400
66 90 261 321; 136 195 207 321; 66 92 262 319; 

27\83_83752.jpg
400 320
126 135 303 245; 184 132 318 210; 136 136 296 231; 

27\83_83761.jpg
400 301
62 83 288 231; 63 91 278 232; 65 49 320 232; 

27\83_83763.jpg
300 400
38 28 214 381; 76 24 228 158; 79 28 219 180; 

27\83_83769.jpg
400 286
64 57 367 267; 64 61 371 222; 63 61 373 265; 

27\83_83771.jpg
320 400
68 43 206 361; 84 62 204 341; 78 189 206 358; 

27\83_83772.jpg
400 321
63 44 332 278; 66 38 150 282; 66 37 334 281; 

27\83_83773.jpg
400 338
43 28 367 118; 41 31 360 114; 71 81 330 338; 

27\83_83775.jpg
400 300
49 13 280 234; 62 6 266 94; 53 6 278 233; 

27\83_83779.jpg
300 400
103 23 252 304; 108 24 245 299; 128 26 245 299; 

27\83_83782.jpg
400 300
99 52 324 226; 101 68 318 218; 214 67 318 218; 

27\83_83785.jpg
400 266
82 13 276 249; 116 16 269 234; 84 24 270 238; 

27\83_83786.jpg
400 320
122 17 249 312; 126 16 252 308; 126 18 249 306; 

27\83_83788.jpg
360 399
168 152 344 356; 151 163 342 353; 144 127 341 371; 

27\83_83792.jpg
400 320
105 11 378 279; 105 12 368 279; 107 11 368 278; 

27\83_83794.jpg
400 306
137 35 388 244; 214 34 365 193; 216 34 387 279; 

27\83_83798.jpg
400 320
74 69 298 273; 66 69 298 294; 61 69 299 292; 

27\83_83799.jpg
400 266
35 58 264 261; 65 100 190 222; 42 42 266 251; 

27\83_83800.jpg
400 300
125 106 325 219; 126 109 324 219; 126 72 324 219; 

27\83_83801.jpg
400 266
171 98 296 248; 189 103 246 212; 172 101 291 242; 

27\83_83804.jpg
400 251
27 52 379 222; 5 55 294 246; 2 54 295 246; 

27\83_83807.jpg
320 400
161 81 282 297; 159 79 279 293; 159 79 279 392; 

27\83_83811.jpg
399 266
67 121 317 254; 101 129 308 265; 104 128 308 266; 

27\83_83815.jpg
400 267
269 98 335 261; 290 92 320 266; 254 95 358 266; 

27\83_83817.jpg
400 300
119 77 381 239; 124 81 316 227; 122 78 322 228; 

27\83_83832.jpg
400 304
204 16 377 229; 194 12 373 217; 195 10 378 221; 

27\83_83866.jpg
400 300
44 9 377 220; 45 10 377 220; 42 11 375 278; 

27\83_83867.jpg
400 269
268 4 366 269; 261 1 369 269; 263 1 367 269; 

27\83_83872.jpg
400 266
54 17 232 263; 57 18 232 266; 57 18 232 266; 

27\83_83877.jpg
399 261
173 18 362 261; 179 17 361 261; 179 18 361 261; 

27\83_83893.jpg
400 267
94 22 322 248; 141 24 253 201; 96 24 321 246; 

27\83_83921.jpg
375 400
55 24 189 368; 57 24 190 359; 58 26 186 275; 

27\83_83923.jpg
400 300
72 68 336 147; 71 68 336 141; 72 68 336 149; 

27\83_83931.jpg
400 383
46 69 380 313; 136 73 371 309; 44 75 371 309; 

27\83_83949.jpg
266 399
54 48 246 365; 61 91 240 279; 62 83 240 281; 

27\83_83953.jpg
400 296
96 46 336 251; 102 51 332 229; 106 49 339 232; 

27\83_83961.jpg
400 266
74 4 321 262; 103 68 240 235; 101 6 291 236; 

27\83_83970.jpg
400 336
67 225 336 336; 67 283 337 329; 66 229 342 336; 

