423

28\84_84004.jpg
302 400
98 197 300 368; 100 203 271 361; 99 203 271 363; 

28\84_84012.jpg
400 266
173 112 363 261; 168 116 364 266; 170 118 363 266; 

28\84_84013.jpg
400 266
90 41 369 265; 151 128 254 210; 129 33 271 266; 

28\84_84023.jpg
400 265
59 3 322 229; 101 198 221 227; 58 104 312 226; 

28\84_84024.jpg
400 200
68 46 142 164; 64 42 142 164; 65 42 141 162; 

28\84_84025.jpg
400 314
57 32 198 297; 58 51 199 298; 51 16 199 298; 

28\84_84026.jpg
375 400
35 36 285 390; 118 142 274 328; 102 66 288 329; 

28\84_84064.jpg
400 262
101 16 307 221; 98 23 315 224; 97 16 315 239; 

28\84_84065.jpg
400 261
80 81 307 246; 99 82 311 207; 98 82 311 207; 

28\84_84067.jpg
400 300
44 95 263 277; 86 102 264 248; 47 101 264 274; 

28\84_84068.jpg
400 312
113 99 246 251; 142 99 248 249; 79 99 248 311; 

28\84_84077.jpg
400 313
182 19 377 288; 194 19 366 291; 179 20 378 312; 

28\84_84082.jpg
300 400
13 2 259 239; 16 59 209 176; 15 46 276 241; 

28\84_84114.jpg
400 300
9 122 390 290; 46 119 372 281; 11 121 388 291; 

28\84_84124.jpg
400 300
84 23 312 284; 121 101 285 256; 111 45 289 256; 

28\84_84132.jpg
400 391
174 53 269 258; 177 56 271 312; 9 112 258 351; 

28\84_84176.jpg
400 320
56 95 360 310; 54 101 264 217; 56 96 355 220; 

28\84_84184.jpg
400 299
50 38 287 278; 112 91 218 262; 108 72 218 282; 

28\84_84185.jpg
400 276
46 8 254 236; 99 122 254 234; 43 11 254 234; 

28\84_84202.jpg
400 266
192 68 321 239; 192 69 321 239; 191 68 321 238; 

28\84_84203.jpg
400 298
121 88 239 264; 138 86 236 259; 139 87 241 264; 

28\84_84204.jpg
400 266
131 11 308 222; 131 10 309 221; 131 11 308 219; 

28\84_84207.jpg
301 400
162 210 231 388; 157 214 231 364; 156 216 234 380; 

28\84_84212.jpg
400 300
162 92 329 174; 162 96 327 172; 162 96 328 171; 

28\84_84233.jpg
400 300
50 56 365 255; 64 53 364 252; 66 54 364 252; 

28\84_84234.jpg
400 300
53 51 234 254; 54 87 233 168; 54 22 232 252; 

28\84_84240.jpg
400 300
58 38 346 262; 59 38 348 259; 59 39 346 258; 

28\84_84241.jpg
400 300
59 13 338 227; 63 17 336 213; 61 17 335 214; 

28\84_84242.jpg
400 287
34 36 339 202; 127 82 258 229; 44 39 343 229; 

28\84_84263.jpg
400 287
101 84 332 241; 109 81 336 211; 108 82 335 211; 

28\84_84266.jpg
400 400
99 88 313 297; 119 177 213 298; 120 177 214 294; 

28\84_84283.jpg
357 400
92 57 251 350; 88 59 245 208; 88 59 246 346; 

28\84_84291.jpg
400 390
52 58 301 390; 114 98 271 266; 126 84 274 248; 

28\84_84294.jpg
255 400
74 27 214 388; 80 61 206 228; 78 46 207 229; 

28\84_84301.jpg
295 400
66 5 256 365; 80 67 260 156; 80 64 262 162; 

28\84_84305.jpg
400 319
68 56 224 200; 71 59 222 200; 71 60 221 200; 

28\84_84311.jpg
400 296
36 41 311 229; 131 100 308 211; 35 42 308 210; 

28\84_84312.jpg
400 266
73 83 236 224; 99 85 232 222; 72 86 232 224; 

28\84_84332.jpg
400 300
136 9 390 280; 179 102 307 249; 137 12 366 259; 

28\84_84336.jpg
400 320
57 68 327 238; 192 69 333 203; 58 69 334 236; 

28\84_84339.jpg
400 271
83 16 358 202; 87 15 355 196; 87 16 356 196; 

28\84_84342.jpg
400 268
163 69 307 208; 162 69 307 207; 164 70 306 207; 

28\84_84343.jpg
400 320
166 66 339 193; 167 68 342 191; 167 69 342 190; 

28\84_84347.jpg
399 320
79 18 369 221; 137 29 365 176; 81 27 366 227; 

28\84_84351.jpg
400 400
23 105 338 278; 53 136 94 246; 18 97 391 318; 

28\84_84361.jpg
400 300
31 33 299 262; 91 31 299 263; 35 33 297 263; 

28\84_84373.jpg
320 400
66 105 275 299; 74 103 272 214; 70 103 272 299; 

28\84_84374.jpg
399 326
101 46 331 203; 111 53 330 185; 31 51 382 318; 

28\84_84382.jpg
400 400
133 34 366 361; 179 59 302 236; 179 46 303 355; 

28\84_84383.jpg
361 400
118 238 298 334; 126 242 298 328; 128 242 297 329; 

28\84_84390.jpg
400 325
3 96 287 321; 151 147 231 203; 1 97 289 316; 

28\84_84392.jpg
400 307
94 62 254 220; 91 59 254 221; 90 58 253 223; 

28\84_84408.jpg
326 399
150 88 270 389; 152 88 266 388; 152 88 266 399; 

28\84_84409.jpg
400 266
126 37 349 255; 154 58 326 241; 126 39 352 266; 

28\84_84428.jpg
348 399
33 160 326 359; 38 163 328 326; 41 164 326 348; 

28\84_84429.jpg
400 300
138 39 255 241; 142 44 269 243; 143 42 251 241; 

28\84_84456.jpg
400 301
154 65 274 206; 156 64 276 205; 141 66 274 277; 

28\84_84457.jpg
400 320
161 33 336 201; 162 33 335 179; 162 33 336 208; 

28\84_84466.jpg
400 300
168 88 273 299; 172 88 272 289; 169 88 272 299; 

28\84_84469.jpg
261 400
20 53 169 358; 32 59 164 216; 34 54 162 232; 

28\84_84475.jpg
400 352
65 68 328 335; 65 144 338 317; 99 154 264 318; 

28\84_84485.jpg
400 276
110 36 295 210; 138 81 266 200; 116 1 286 198; 

28\84_84488.jpg
400 266
82 21 321 238; 85 22 320 238; 91 24 319 234; 

28\84_84489.jpg
400 300
173 99 327 230; 179 106 323 227; 178 104 323 227; 

28\84_84490.jpg
400 314
92 50 302 309; 92 52 302 264; 94 52 302 309; 

28\84_84496.jpg
400 300
125 52 286 218; 121 49 286 213; 122 49 287 214; 

28\84_84509.jpg
400 298
84 49 218 286; 108 83 174 283; 108 82 188 281; 

28\84_84512.jpg
400 300
101 80 339 283; 105 93 219 263; 105 92 281 280; 

28\84_84522.jpg
400 291
21 28 282 284; 40 79 124 193; 19 18 284 253; 

28\84_84557.jpg
400 295
201 37 386 216; 204 32 308 216; 201 36 384 230; 

28\84_84562.jpg
400 300
31 12 362 174; 146 16 256 177; 32 12 362 176; 

28\84_84564.jpg
400 266
75 32 293 266; 76 31 294 266; 75 32 293 266; 

28\84_84568.jpg
400 303
36 81 201 226; 33 81 182 224; 29 79 182 221; 

28\84_84569.jpg
399 399
141 83 316 262; 139 82 313 263; 139 83 315 263; 

28\84_84573.jpg
400 333
216 111 301 278; 212 115 302 275; 214 116 299 276; 

28\84_84574.jpg
400 345
63 29 342 321; 64 36 338 312; 64 33 335 316; 

28\84_84576.jpg
314 400
103 70 211 393; 106 72 207 351; 105 68 208 367; 

28\84_84577.jpg
400 283
49 98 169 200; 61 104 166 186; 54 106 301 190; 

28\84_84578.jpg
400 251
166 48 240 246; 174 48 224 169; 11 48 386 169; 

28\84_84583.jpg
351 400
62 86 214 224; 62 84 211 210; 62 86 210 209; 

28\84_84584.jpg
399 266
33 35 344 241; 150 46 268 142; 101 44 317 194; 

28\84_84585.jpg
400 266
59 22 319 261; 139 32 317 240; 61 22 322 241; 

28\84_84588.jpg
323 400
26 44 239 221; 40 62 232 209; 26 46 232 214; 

28\84_84606.jpg
400 266
152 16 367 217; 155 16 364 221; 154 18 366 222; 

28\84_84609.jpg
399 376
181 55 298 353; 179 64 308 351; 178 61 308 353; 

28\84_84610.jpg
400 333
66 51 322 300; 172 49 324 218; 172 49 324 226; 

28\84_84613.jpg
400 300
58 36 284 279; 58 38 282 218; 48 36 281 291; 

28\84_84621.jpg
400 320
37 62 335 279; 127 92 227 187; 33 32 336 280; 

28\84_84626.jpg
400 266
47 96 357 230; 49 103 206 233; 51 97 356 233; 

28\84_84636.jpg
267 399
15 13 228 290; 24 117 241 294; 23 41 241 294; 

28\84_84648.jpg
400 318
46 16 212 216; 68 22 212 195; 48 23 321 268; 

28\84_84654.jpg
400 301
39 59 337 300; 90 59 339 190; 99 60 338 175; 

28\84_84662.jpg
400 398
48 44 344 342; 142 199 234 288; 48 46 345 340; 

28\84_84665.jpg
400 300
41 199 339 242; 36 201 337 240; 38 201 337 241; 

28\84_84671.jpg
400 266
91 51 305 267; 88 36 303 266; 119 42 218 144; 

28\84_84679.jpg
400 330
54 46 176 288; 58 97 176 281; 58 46 176 282; 

28\84_84682.jpg
399 304
89 100 309 215; 93 102 311 214; 93 98 311 214; 

28\84_84690.jpg
400 266
81 15 332 212; 127 98 230 176; 80 11 334 152; 

28\84_84708.jpg
400 266
4 32 308 196; 53 35 308 190; 7 36 307 196; 

28\84_84715.jpg
400 227
122 98 266 216; 132 96 269 212; 131 97 268 212; 

28\84_84726.jpg
400 322
90 3 306 320; 100 113 303 273; 88 1 303 273; 

28\84_84754.jpg
327 399
39 66 297 282; 36 64 298 285; 166 65 298 175; 

28\84_84758.jpg
328 400
48 76 248 373; 50 79 154 266; 60 79 255 251; 

28\84_84759.jpg
400 266
21 80 382 222; 93 82 269 222; 22 82 384 223; 

28\84_84766.jpg
400 392
63 36 343 357; 134 137 332 233; 115 40 339 350; 

28\84_84769.jpg
400 315
62 82 169 228; 63 80 162 229; 61 81 164 234; 

28\84_84772.jpg
400 266
35 84 250 183; 117 94 251 145; 36 93 250 186; 

28\84_84774.jpg
400 273
213 49 346 218; 224 49 345 216; 220 51 344 212; 

28\84_84778.jpg
293 400
55 78 204 260; 104 84 196 148; 1 84 196 354; 

28\84_84780.jpg
400 303
112 25 370 276; 162 96 302 237; 116 1 400 272; 

28\84_84781.jpg
400 266
38 36 296 253; 162 94 263 165; 43 37 295 251; 

28\84_84783.jpg
400 320
103 11 352 317; 110 49 231 249; 110 12 218 249; 

28\84_84790.jpg
400 270
26 132 287 262; 88 134 257 261; 24 134 286 261; 

28\84_84795.jpg
400 300
11 61 288 296; 90 61 189 197; 91 62 188 227; 

28\84_84826.jpg
306 400
132 160 258 332; 132 159 261 326; 132 160 271 354; 

28\84_84829.jpg
400 275
32 34 232 222; 33 32 229 228; 34 32 228 227; 

28\84_84830.jpg
328 400
57 30 268 346; 100 156 229 276; 54 46 268 352; 

28\84_84839.jpg
400 388
10 61 369 238; 173 83 239 156; 12 82 367 234; 

28\84_84851.jpg
366 400
94 59 278 299; 119 136 254 257; 68 76 279 286; 

28\84_84854.jpg
368 400
78 21 337 358; 162 86 284 274; 86 46 337 272; 

28\84_84857.jpg
277 400
49 39 223 341; 45 149 215 341; 46 46 229 345; 

28\84_84871.jpg
268 400
103 99 251 351; 115 141 250 276; 78 59 258 286; 

28\84_84883.jpg
266 400
36 14 182 380; 78 59 132 340; 72 46 151 343; 

28\84_84889.jpg
300 399
132 28 257 391; 164 47 257 171; 164 31 256 170; 

28\84_84891.jpg
400 276
19 48 231 210; 91 111 163 194; 17 36 384 214; 

28\84_84893.jpg
399 227
215 31 358 200; 216 34 363 200; 217 35 363 210; 

28\84_84894.jpg
400 321
56 54 274 199; 112 71 356 201; 61 67 399 228; 

28\84_84896.jpg
400 295
98 104 394 281; 101 149 315 283; 98 102 397 282; 

28\84_84904.jpg
400 266
96 14 288 196; 101 11 268 194; 94 11 268 197; 

28\84_84912.jpg
399 268
35 35 223 261; 37 92 222 240; 37 53 208 247; 

28\84_84914.jpg
400 266
179 22 291 254; 179 89 269 256; 179 31 288 255; 

28\84_84917.jpg
400 300
125 44 272 265; 155 47 222 262; 152 48 276 266; 

28\84_84920.jpg
400 319
131 83 276 198; 131 92 281 201; 58 79 280 200; 

28\84_84921.jpg
320 400
47 56 294 226; 53 76 165 184; 24 46 291 224; 

28\84_84923.jpg
294 400
36 130 214 384; 59 129 211 273; 57 130 211 272; 

28\84_84926.jpg
400 288
102 84 391 177; 114 87 228 202; 14 84 391 266; 

28\84_84929.jpg
400 300
28 46 326 197; 74 52 332 207; 21 51 331 209; 

28\84_84933.jpg
300 400
38 20 234 352; 122 9 236 238; 41 1 236 361; 

28\84_84944.jpg
299 400
61 18 209 248; 58 90 206 246; 59 44 207 248; 

28\84_84962.jpg
270 400
45 2 207 247; 60 78 197 241; 53 46 203 241; 

28\84_84967.jpg
300 400
64 41 171 374; 72 60 165 338; 61 46 166 354; 

28\84_84970.jpg
328 400
75 49 241 336; 115 62 209 149; 116 59 211 155; 

28\84_84973.jpg
400 300
70 38 331 299; 236 32 331 137; 68 32 328 299; 

28\84_84979.jpg
400 300
130 71 321 234; 129 73 318 232; 129 74 317 232; 

28\84_84983.jpg
400 300
70 22 247 201; 104 47 242 190; 101 47 242 227; 

28\85_85005.jpg
400 300
157 66 391 248; 158 135 348 247; 155 71 397 247; 

28\85_85019.jpg
300 400
80 97 278 256; 85 92 295 254; 84 97 294 259; 

28\85_85021.jpg
280 400
1 2 165 361; 20 112 142 291; 1 46 169 311; 

28\85_85027.jpg
266 400
44 57 253 329; 121 59 266 176; 44 59 266 334; 

28\85_85029.jpg
288 360
80 77 198 335; 80 80 198 337; 81 80 198 333; 

28\85_85032.jpg
400 266
51 52 245 236; 53 53 242 235; 51 54 242 236; 

28\85_85034.jpg
266 400
70 34 152 252; 71 60 152 249; 70 45 151 248; 

28\85_85049.jpg
400 266
11 54 395 209; 26 58 374 201; 2 58 399 211; 

28\85_85052.jpg
400 307
172 103 359 216; 172 105 363 212; 171 102 362 215; 

28\85_85060.jpg
400 400
106 64 361 394; 160 159 340 316; 122 68 366 316; 

28\85_85062.jpg
300 400
37 52 244 306; 103 154 218 296; 81 142 216 295; 

28\85_85063.jpg
345 345
37 54 246 300; 30 49 331 303; 30 48 331 301; 

28\85_85065.jpg
400 300
17 79 381 225; 100 142 214 227; 18 73 380 228; 

28\85_85075.jpg
400 279
20 33 222 261; 50 69 195 209; 18 16 211 244; 

28\85_85088.jpg
285 400
44 78 216 363; 69 72 188 247; 70 77 215 329; 

28\85_85092.jpg
208 400
52 21 160 378; 65 76 154 341; 66 45 153 354; 

28\85_85095.jpg
400 300
116 69 254 261; 181 87 256 259; 114 68 255 259; 

28\85_85096.jpg
300 400
24 31 239 356; 71 60 208 211; 72 47 206 210; 

28\85_85098.jpg
384 400
91 61 278 339; 91 63 279 219; 91 63 278 332; 

28\85_85103.jpg
300 400
46 12 257 347; 83 72 187 243; 84 46 187 244; 

28\85_85104.jpg
300 400
152 88 248 384; 159 86 248 254; 154 88 246 353; 

28\85_85107.jpg
400 300
60 8 307 270; 144 109 291 202; 126 35 292 267; 

28\85_85110.jpg
300 400
68 53 212 325; 110 221 197 331; 62 52 230 332; 

28\85_85111.jpg
300 400
96 158 208 308; 96 154 206 306; 96 157 205 305; 

28\85_85118.jpg
266 400
67 11 208 362; 91 111 209 312; 89 112 208 312; 

28\85_85123.jpg
400 320
36 65 381 262; 214 64 292 199; 25 64 378 274; 

28\85_85129.jpg
400 300
155 31 399 291; 155 27 395 280; 155 2 393 280; 

28\85_85131.jpg
400 300
134 28 272 235; 187 64 271 143; 184 66 270 144; 

28\85_85132.jpg
300 400
117 144 211 391; 121 144 190 339; 122 144 202 341; 

28\85_85133.jpg
400 300
140 83 255 195; 141 86 246 179; 141 86 247 202; 

28\85_85137.jpg
400 400
18 4 235 269; 127 134 235 266; 89 46 234 266; 

28\85_85141.jpg
400 300
91 8 342 258; 232 138 341 258; 229 139 340 258; 

28\85_85142.jpg
300 400
39 24 224 371; 36 169 223 341; 38 141 224 355; 

28\85_85159.jpg
400 245
36 17 162 229; 38 162 156 228; 48 15 141 99; 

28\85_85160.jpg
400 266
162 22 301 248; 177 23 300 196; 160 23 300 251; 

28\85_85161.jpg
323 400
54 108 274 390; 71 136 264 251; 62 111 265 354; 

28\85_85166.jpg
400 286
164 114 345 240; 168 116 341 241; 168 117 356 240; 

28\85_85174.jpg
300 400
20 81 226 400; 101 116 187 214; 91 46 219 214; 

28\85_85210.jpg
400 266
109 29 196 231; 109 32 198 230; 108 30 196 230; 

28\85_85221.jpg
266 400
41 181 198 389; 41 179 197 349; 41 183 196 365; 

28\85_85231.jpg
400 300
16 104 381 199; 76 106 239 199; 1 108 384 191; 

28\85_85239.jpg
400 320
132 32 368 269; 124 28 308 204; 128 30 370 279; 

28\85_85249.jpg
400 311
20 122 376 289; 124 121 373 280; 125 121 376 281; 

28\85_85263.jpg
400 383
164 22 368 368; 167 196 249 332; 169 38 366 345; 

28\85_85273.jpg
393 400
188 9 388 365; 189 98 361 327; 189 47 390 326; 

28\85_85282.jpg
400 355
125 88 268 311; 118 71 328 191; 116 70 274 312; 

28\85_85288.jpg
300 400
60 83 266 299; 57 87 269 293; 56 88 268 293; 

28\85_85290.jpg
400 198
40 19 198 186; 35 19 199 198; 36 20 199 198; 

28\85_85291.jpg
400 323
122 118 362 316; 216 118 323 248; 129 117 374 314; 

28\85_85301.jpg
400 299
85 32 312 297; 130 144 258 234; 121 24 277 234; 

28\85_85312.jpg
266 400
94 29 242 372; 98 59 240 190; 98 46 241 355; 

28\85_85316.jpg
400 312
212 46 368 279; 210 43 318 283; 210 44 369 293; 

28\85_85328.jpg
343 399
73 79 323 371; 72 79 209 338; 80 79 173 162; 

28\85_85330.jpg
400 387
5 27 211 335; 124 50 195 238; 123 36 209 174; 

28\85_85358.jpg
400 326
124 22 382 321; 166 28 326 149; 136 30 332 293; 

28\85_85362.jpg
400 387
89 15 356 355; 215 49 351 144; 185 35 351 144; 

28\85_85365.jpg
400 266
37 69 365 231; 38 156 296 231; 34 78 368 236; 

28\85_85372.jpg
400 400
96 79 311 294; 118 177 212 296; 101 92 311 294; 

28\85_85416.jpg
400 345
55 54 280 289; 54 54 278 286; 53 54 276 289; 

28\85_85418.jpg
400 344
69 27 282 314; 70 68 155 312; 79 68 154 155; 

28\85_85432.jpg
400 320
118 101 337 241; 116 101 331 240; 132 122 188 188; 

28\85_85447.jpg
400 353
22 185 381 321; 62 206 329 306; 15 182 382 315; 

28\85_85452.jpg
266 400
17 28 241 252; 41 81 243 262; 2 46 259 265; 

28\85_85458.jpg
400 355
89 42 358 259; 245 136 345 255; 128 40 344 252; 

28\85_85462.jpg
400 300
154 26 358 201; 198 26 326 179; 199 26 362 199; 

28\85_85476.jpg
400 312
16 119 301 309; 112 118 299 225; 116 119 299 241; 

28\85_85488.jpg
400 330
18 80 282 315; 187 89 363 230; 12 59 362 223; 

28\85_85490.jpg
400 293
109 64 287 248; 129 66 285 248; 108 64 285 247; 

28\85_85491.jpg
400 282
135 102 383 252; 141 108 394 253; 140 108 220 183; 

28\85_85493.jpg
399 299
38 98 365 271; 177 95 369 223; 153 97 369 225; 

28\85_85495.jpg
399 299
7 131 364 273; 125 132 347 266; 124 133 344 266; 

28\85_85496.jpg
399 299
74 110 325 253; 80 112 319 249; 77 113 319 252; 

28\85_85501.jpg
400 300
123 74 368 254; 134 74 274 198; 126 75 274 197; 

28\85_85502.jpg
266 400
81 39 227 174; 92 77 204 172; 82 45 224 182; 

28\85_85505.jpg
335 399
79 105 174 337; 72 111 172 339; 77 111 172 335; 

28\85_85518.jpg
400 300
120 95 308 251; 119 103 304 249; 116 102 303 249; 

28\85_85523.jpg
400 300
38 55 349 255; 67 58 259 143; 41 58 356 255; 

28\85_85527.jpg
301 399
95 38 219 200; 92 40 216 196; 94 40 216 364; 

28\85_85536.jpg
400 353
62 72 206 351; 58 70 209 182; 59 70 209 330; 

28\85_85539.jpg
271 400
72 51 211 366; 69 59 216 144; 69 58 211 355; 

28\85_85540.jpg
306 400
77 104 214 377; 88 59 218 203; 76 102 217 354; 

28\85_85541.jpg
315 400
78 92 225 369; 86 85 285 186; 52 83 258 355; 

28\85_85542.jpg
383 400
59 39 311 393; 166 116 252 240; 158 66 252 242; 

28\85_85551.jpg
400 350
157 107 341 306; 161 109 342 302; 160 108 342 305; 

28\85_85554.jpg
264 400
34 46 221 381; 71 139 176 268; 59 101 202 266; 

28\85_85557.jpg
400 266
35 57 218 266; 82 102 170 249; 82 104 167 186; 

28\85_85568.jpg
300 400
54 24 247 356; 88 138 219 311; 58 65 239 309; 

28\85_85569.jpg
400 273
6 6 213 216; 6 120 124 198; 2 0 210 208; 

28\85_85573.jpg
400 264
50 64 322 208; 54 64 206 209; 53 66 324 210; 

28\85_85612.jpg
320 400
65 28 297 354; 106 94 194 227; 104 60 249 349; 

28\85_85614.jpg
400 347
153 98 386 339; 154 101 387 258; 155 74 388 347; 

28\85_85617.jpg
400 384
140 113 265 269; 138 113 261 270; 140 113 261 269; 

28\85_85623.jpg
400 284
168 22 344 265; 194 63 334 214; 141 8 343 247; 

28\85_85628.jpg
400 251
147 8 263 252; 152 10 259 222; 151 10 260 221; 

28\85_85629.jpg
400 400
18 29 273 342; 71 133 195 334; 24 53 196 333; 

28\85_85630.jpg
400 266
49 69 371 226; 76 71 371 158; 74 71 369 152; 

28\85_85632.jpg
400 266
0 52 205 266; 80 52 204 201; 90 54 204 201; 

28\85_85648.jpg
300 400
81 19 258 389; 106 61 257 232; 80 46 257 353; 

28\85_85657.jpg
400 266
101 11 318 257; 101 10 314 256; 101 11 314 256; 

28\85_85659.jpg
400 368
103 22 320 368; 111 146 314 278; 114 32 314 279; 

28\85_85685.jpg
400 272
14 56 367 239; 178 56 368 233; 18 58 364 236; 

28\85_85693.jpg
351 400
33 51 249 319; 52 128 236 280; 36 51 242 321; 

28\85_85710.jpg
400 265
57 18 307 168; 156 27 310 167; 61 1 308 161; 

28\85_85713.jpg
399 294
151 86 386 287; 149 86 253 278; 149 86 286 286; 

28\85_85741.jpg
300 400
52 26 226 394; 72 64 228 298; 74 46 227 298; 

28\85_85746.jpg
400 320
204 15 373 168; 199 61 338 169; 201 19 361 170; 

28\85_85759.jpg
400 258
199 61 378 188; 169 76 362 191; 170 23 389 191; 

28\85_85760.jpg
299 399
10 22 154 386; 19 145 152 234; 9 41 155 359; 

28\85_85780.jpg
400 266
79 51 292 264; 164 71 279 238; 81 50 291 231; 

28\85_85784.jpg
400 300
173 62 345 221; 179 65 341 224; 188 69 333 222; 

28\85_85790.jpg
303 400
105 96 266 391; 163 120 265 256; 164 106 271 256; 

28\85_85819.jpg
400 386
66 30 328 358; 76 137 258 344; 56 61 328 341; 

28\85_85824.jpg
400 266
48 37 217 261; 95 84 219 183; 76 28 212 179; 

28\85_85825.jpg
400 265
124 22 318 246; 123 61 300 247; 131 22 317 244; 

28\85_85827.jpg
400 400
125 36 271 246; 127 39 265 224; 128 46 267 217; 

28\85_85829.jpg
400 381
102 6 319 382; 189 164 316 321; 102 36 315 344; 

28\85_85850.jpg
400 266
141 92 252 199; 146 94 249 194; 149 98 248 192; 

28\85_85854.jpg
266 400
66 137 221 306; 62 137 224 302; 64 139 224 259; 

28\85_85855.jpg
321 399
67 81 257 385; 70 130 257 295; 70 84 258 292; 

28\85_85858.jpg
400 266
28 36 290 253; 33 39 291 241; 35 41 288 239; 

28\85_85861.jpg
266 400
36 98 208 279; 37 110 206 279; 37 109 205 276; 

28\85_85866.jpg
400 312
18 101 384 241; 153 107 230 287; 18 45 388 286; 

28\85_85867.jpg
289 400
6 132 257 400; 8 132 184 362; 8 134 179 355; 

28\85_85878.jpg
400 300
46 63 369 277; 46 60 371 273; 47 59 370 274; 

28\85_85879.jpg
400 300
95 31 357 221; 89 71 234 226; 116 37 355 212; 

28\85_85882.jpg
300 400
9 70 273 329; 134 81 189 291; 57 69 268 311; 

28\85_85891.jpg
400 266
106 1 389 224; 172 15 385 210; 108 1 399 228; 

28\85_85893.jpg
283 400
101 96 258 332; 123 166 254 318; 107 82 255 316; 

28\85_85894.jpg
320 400
84 60 284 300; 93 57 283 294; 95 56 283 295; 

28\85_85901.jpg
400 290
47 37 156 267; 49 59 142 217; 49 61 147 216; 

28\85_85903.jpg
265 400
57 38 202 354; 114 51 200 326; 58 46 201 354; 

28\85_85925.jpg
400 300
156 7 392 180; 159 9 394 178; 159 8 394 178; 

28\85_85937.jpg
400 251
8 46 310 233; 78 122 312 235; 2 48 312 235; 

28\85_85943.jpg
360 399
36 74 256 256; 38 76 259 262; 37 75 259 261; 

28\85_85947.jpg
400 306
172 51 344 248; 173 51 340 244; 174 50 341 242; 

28\85_85953.jpg
399 259
190 46 349 259; 219 92 330 218; 190 50 347 237; 

28\85_85964.jpg
400 300
82 26 301 263; 81 28 304 263; 81 26 302 263; 

28\85_85970.jpg
314 400
90 46 236 314; 96 59 232 251; 96 46 233 248; 

28\86_86001.jpg
400 331
69 36 347 314; 127 47 229 135; 77 50 316 291; 

28\86_86002.jpg
400 331
74 33 328 309; 129 47 223 136; 86 55 311 288; 

28\86_86008.jpg
400 266
80 9 315 241; 86 9 316 242; 85 11 316 240; 

28\86_86011.jpg
400 320
181 55 319 234; 182 55 317 238; 183 55 316 234; 

28\86_86020.jpg
400 266
68 0 307 264; 70 3 307 266; 68 2 308 265; 

28\86_86029.jpg
300 400
45 118 278 360; 48 114 282 350; 58 143 266 339; 

28\86_86032.jpg
400 262
138 0 246 229; 144 4 243 231; 145 4 251 229; 

28\86_86046.jpg
301 399
46 43 243 258; 100 95 222 228; 51 48 259 203; 

28\86_86054.jpg
400 320
89 87 284 284; 92 89 278 281; 92 88 279 280; 

28\86_86060.jpg
300 400
102 61 206 224; 101 76 201 218; 102 46 212 208; 

28\86_86095.jpg
300 400
100 16 253 300; 113 44 233 203; 113 47 257 202; 

28\86_86099.jpg
400 369
43 35 326 332; 107 54 306 270; 45 35 319 322; 

28\86_86104.jpg
400 266
6 62 317 258; 111 69 313 203; 0 69 313 266; 

28\86_86107.jpg
400 266
79 6 309 265; 87 53 298 248; 74 1 302 266; 

28\86_86115.jpg
278 400
89 74 270 389; 89 75 275 336; 89 75 277 385; 

28\86_86130.jpg
400 280
24 18 226 279; 54 17 194 203; 53 18 194 201; 

28\86_86134.jpg
320 400
29 78 269 393; 105 141 258 276; 38 85 268 309; 

28\86_86137.jpg
400 300
82 39 286 296; 83 38 326 300; 82 39 213 166; 

28\86_86170.jpg
400 300
99 90 213 252; 115 93 207 251; 118 93 204 251; 

28\86_86171.jpg
400 293
32 53 220 272; 42 79 219 271; 34 56 218 272; 

28\86_86173.jpg
400 266
147 64 253 242; 144 66 252 242; 146 67 251 239; 

28\86_86176.jpg
399 303
85 66 342 240; 94 82 318 218; 96 66 341 243; 

28\86_86177.jpg
399 303
25 23 380 222; 89 68 303 198; 22 26 385 198; 

28\86_86179.jpg
399 303
50 29 278 206; 48 28 272 203; 51 28 273 202; 

28\86_86180.jpg
400 303
78 74 359 224; 79 75 359 222; 78 68 361 225; 

28\86_86182.jpg
399 303
102 8 262 269; 159 8 262 266; 161 7 242 254; 

28\86_86184.jpg
399 303
152 22 370 295; 203 42 354 231; 200 17 362 232; 

28\86_86185.jpg
399 303
161 73 385 261; 167 74 385 259; 166 74 384 262; 

28\86_86190.jpg
303 400
115 109 214 347; 115 112 214 345; 118 111 215 345; 

28\86_86196.jpg
399 303
99 23 254 292; 123 26 254 233; 120 26 255 290; 

28\86_86199.jpg
381 400
108 31 348 382; 158 104 288 224; 158 56 287 222; 

28\86_86203.jpg
248 400
50 66 204 257; 49 70 204 336; 50 71 204 336; 

28\86_86206.jpg
399 336
13 57 303 315; 12 55 298 307; 13 55 301 309; 

28\86_86208.jpg
385 400
44 42 349 317; 117 103 277 246; 103 89 289 263; 

28\86_86211.jpg
399 279
43 111 248 226; 42 110 249 226; 42 111 249 226; 

28\86_86228.jpg
300 400
28 98 267 349; 90 128 171 278; 91 86 261 266; 

28\86_86229.jpg
266 400
5 42 177 381; 39 126 162 243; 41 49 161 242; 

28\86_86231.jpg
262 400
34 31 206 259; 104 38 206 174; 107 53 193 174; 

28\86_86248.jpg
273 400
43 15 172 392; 63 101 162 272; 43 47 162 271; 

28\86_86258.jpg
266 400
21 157 258 305; 78 156 254 304; 79 154 253 303; 

28\86_86265.jpg
300 400
74 34 276 260; 82 131 268 262; 80 47 278 259; 

28\86_86272.jpg
329 400
23 35 212 362; 50 138 194 268; 31 48 193 266; 

28\86_86277.jpg
274 400
138 32 252 254; 136 72 246 196; 136 48 245 197; 

28\86_86279.jpg
315 399
77 36 233 392; 82 36 230 174; 82 36 229 171; 

28\86_86280.jpg
283 400
47 33 233 339; 49 105 232 341; 48 47 232 338; 

28\86_86281.jpg
265 400
16 69 162 391; 22 72 161 292; 26 72 159 355; 

28\86_86282.jpg
304 400
30 95 207 257; 30 96 198 253; 32 96 236 247; 

28\86_86283.jpg
277 400
106 24 266 309; 110 112 261 241; 109 47 261 241; 

28\86_86286.jpg
400 320
66 56 348 286; 61 93 351 290; 62 92 349 287; 

28\86_86291.jpg
362 400
68 17 310 372; 108 36 267 369; 96 36 313 364; 

28\86_86293.jpg
317 400
62 24 297 312; 197 118 302 309; 111 35 301 309; 

28\86_86295.jpg
400 266
126 148 316 208; 129 153 319 202; 131 154 318 203; 

28\86_86296.jpg
400 266
121 101 300 164; 124 100 298 161; 125 100 298 161; 

28\86_86297.jpg
400 266
64 81 302 171; 66 87 301 162; 66 87 301 169; 

28\86_86299.jpg
400 266
96 87 345 174; 100 84 345 172; 99 84 344 172; 

28\86_86300.jpg
400 266
81 55 391 168; 84 56 398 164; 84 55 398 164; 

28\86_86308.jpg
400 300
126 78 268 220; 128 76 285 229; 132 81 268 218; 

28\86_86311.jpg
300 400
54 81 254 294; 58 85 256 295; 58 84 256 296; 

28\86_86314.jpg
320 400
108 58 298 378; 132 145 283 287; 109 47 303 287; 

28\86_86316.jpg
320 400
70 28 258 288; 102 95 220 209; 88 47 239 211; 

28\86_86318.jpg
400 320
28 49 384 250; 136 54 382 250; 134 52 383 249; 

28\86_86322.jpg
400 266
212 1 398 176; 207 41 301 179; 208 74 299 179; 

28\86_86324.jpg
400 301
184 36 306 273; 185 31 304 271; 184 31 304 274; 

28\86_86376.jpg
400 388
108 171 281 389; 111 172 274 388; 112 174 278 349; 

28\86_86394.jpg
400 268
8 0 248 269; 38 51 206 268; 68 44 173 206; 

28\86_86397.jpg
400 286
62 33 279 236; 62 32 279 272; 62 32 278 277; 

28\86_86402.jpg
268 400
52 65 239 391; 51 66 241 347; 51 66 241 354; 

28\86_86406.jpg
400 266
26 21 208 191; 28 22 210 188; 26 24 208 186; 

28\86_86417.jpg
400 320
2 53 231 317; 72 49 232 223; 1 49 229 314; 

28\86_86425.jpg
400 266
119 32 264 238; 116 36 266 238; 118 34 261 236; 

28\86_86437.jpg
400 305
22 61 328 262; 28 62 340 301; 21 61 321 250; 

28\86_86449.jpg
400 320
114 15 373 248; 116 17 370 244; 114 18 371 243; 

28\86_86454.jpg
400 300
19 47 283 259; 106 47 281 265; 106 48 280 266; 

28\86_86466.jpg
400 242
114 87 294 225; 102 87 289 221; 89 88 291 221; 

28\86_86469.jpg
385 400
68 36 265 378; 67 37 360 387; 69 39 265 368; 

28\86_86477.jpg
400 363
29 49 346 303; 25 76 338 361; 173 41 342 194; 

28\86_86479.jpg
400 400
75 16 325 392; 96 118 274 387; 89 46 304 355; 

28\86_86482.jpg
400 300
54 32 376 205; 34 25 379 206; 35 25 377 203; 

28\86_86492.jpg
400 265
129 22 336 201; 134 24 332 204; 134 28 332 203; 

28\86_86493.jpg
400 331
130 80 282 265; 130 80 280 277; 131 80 280 277; 

28\86_86510.jpg
300 400
115 133 300 400; 117 138 300 398; 119 139 299 373; 

28\86_86511.jpg
399 270
58 21 262 266; 47 25 262 270; 50 25 262 268; 

28\86_86515.jpg
400 264
82 101 328 245; 84 110 328 245; 21 24 397 244; 

28\86_86516.jpg
400 300
109 16 352 164; 109 17 348 157; 109 18 348 158; 

28\86_86517.jpg
400 338
38 23 311 309; 31 20 245 309; 35 19 243 309; 

28\86_86527.jpg
399 265
80 56 284 199; 103 54 274 193; 103 54 271 184; 

28\86_86534.jpg
400 300
122 84 284 231; 121 82 285 224; 121 81 284 224; 

28\86_86543.jpg
278 400
78 0 272 226; 78 1 270 227; 79 46 272 228; 

28\86_86561.jpg
275 183
63 47 210 160; 63 49 211 154; 64 48 210 165; 

28\86_86569.jpg
400 300
19 57 372 224; 46 92 336 179; 48 91 335 178; 

28\86_86572.jpg
400 300
85 91 309 217; 86 91 304 209; 78 36 304 208; 

28\86_86575.jpg
399 300
179 84 391 218; 179 83 388 212; 180 83 387 214; 

28\86_86579.jpg
400 300
89 15 258 197; 157 19 255 196; 157 17 254 195; 

28\86_86580.jpg
400 266
75 28 331 243; 72 51 258 239; 72 50 288 251; 

28\86_86589.jpg
400 300
109 81 256 291; 127 79 257 221; 127 80 256 211; 

28\86_86594.jpg
268 399
120 156 226 344; 118 157 224 345; 123 156 223 345; 

28\86_86600.jpg
400 290
64 34 349 224; 61 35 354 229; 62 36 354 226; 

28\86_86605.jpg
300 400
73 3 223 390; 66 4 229 400; 67 5 226 396; 

28\86_86607.jpg
266 400
59 32 215 395; 47 29 211 349; 47 37 209 346; 

28\86_86610.jpg
400 231
43 13 145 212; 43 14 148 212; 44 14 144 214; 

28\86_86622.jpg
302 400
16 8 237 279; 27 76 193 283; 2 46 242 281; 

28\86_86623.jpg
341 400
69 57 288 236; 73 56 289 221; 75 57 288 218; 

28\86_86624.jpg
270 400
44 11 257 289; 81 69 213 230; 82 62 213 230; 

28\86_86625.jpg
400 229
42 52 368 177; 38 53 368 178; 39 54 367 176; 

28\86_86630.jpg
351 400
103 22 249 280; 98 23 246 272; 97 46 246 273; 

28\86_86631.jpg
266 400
28 44 201 351; 28 150 197 353; 58 151 191 296; 

28\86_86640.jpg
365 400
74 5 266 288; 73 71 268 248; 74 47 266 245; 

28\86_86665.jpg
400 300
36 51 288 280; 34 54 289 280; 32 53 288 299; 

28\86_86666.jpg
400 267
100 7 392 222; 62 6 391 237; 278 7 391 116; 

28\86_86682.jpg
400 300
78 49 243 179; 80 49 240 183; 82 49 241 187; 

28\86_86702.jpg
266 400
69 26 187 248; 67 90 183 248; 73 103 178 248; 

28\86_86715.jpg
400 274
61 55 279 188; 63 58 276 188; 65 54 336 240; 

28\86_86729.jpg
400 297
97 58 312 297; 148 64 267 203; 138 50 267 203; 

28\86_86732.jpg
300 400
35 21 192 397; 34 23 192 394; 34 46 190 354; 

28\86_86800.jpg
284 400
92 157 207 310; 99 163 206 314; 99 164 204 311; 

28\86_86803.jpg
245 400
48 6 176 400; 48 8 176 399; 52 46 173 355; 

28\86_86808.jpg
400 300
191 53 366 269; 192 56 370 261; 192 56 369 263; 

28\86_86814.jpg
400 266
60 56 196 191; 61 57 198 189; 62 56 196 189; 

28\86_86816.jpg
266 400
64 158 151 357; 62 160 165 372; 63 161 165 354; 

28\86_86827.jpg
400 266
128 72 259 210; 132 72 261 212; 121 72 261 211; 

28\86_86828.jpg
400 286
201 51 383 139; 200 53 383 141; 200 53 383 140; 

28\86_86832.jpg
266 400
64 51 215 363; 65 51 217 367; 66 51 215 355; 

28\86_86834.jpg
400 286
118 25 351 246; 123 24 308 238; 69 24 363 240; 

28\86_86840.jpg
400 243
98 85 301 228; 98 86 302 173; 102 87 301 174; 

28\86_86842.jpg
400 266
56 19 238 255; 98 61 217 196; 69 12 227 193; 

28\86_86852.jpg
400 266
142 2 316 252; 145 3 324 234; 144 1 322 233; 

28\86_86855.jpg
400 318
77 123 319 285; 96 124 346 302; 90 123 309 266; 

28\86_86863.jpg
300 400
11 59 260 277; 12 59 175 236; 11 61 242 234; 

28\86_86868.jpg
400 320
55 76 398 276; 159 150 330 270; 56 72 399 268; 

28\86_86904.jpg
400 355
152 10 386 305; 152 6 385 302; 153 23 385 303; 

28\86_86933.jpg
400 300
36 85 302 254; 108 91 299 251; 25 91 299 248; 

28\86_86939.jpg
315 399
121 27 245 383; 118 34 242 282; 119 38 241 362; 

28\86_86942.jpg
361 400
55 27 275 383; 79 116 285 363; 81 33 285 363; 

28\86_86945.jpg
320 400
81 112 242 375; 80 117 239 375; 81 117 241 375; 

28\86_86957.jpg
399 267
110 50 230 226; 113 49 229 226; 114 50 226 163; 

28\86_86958.jpg
400 268
192 59 349 179; 220 62 349 168; 188 62 348 178; 

28\86_86970.jpg
400 308
193 61 363 274; 200 52 364 279; 199 54 365 279; 

28\86_86973.jpg
400 266
100 33 259 263; 84 36 270 266; 86 36 261 265; 

28\86_86978.jpg
291 399
41 169 228 397; 63 170 221 269; 65 170 223 357; 

28\86_86999.jpg
400 355
136 74 299 238; 138 74 298 237; 138 74 298 237; 

