285

29\87_87007.jpg
400 266
111 28 270 220; 112 29 269 205; 112 29 270 222; 

29\87_87022.jpg
321 400
100 23 296 282; 121 38 245 180; 96 21 294 279; 

29\87_87033.jpg
400 279
54 58 174 169; 49 69 176 171; 50 69 174 171; 

29\87_87041.jpg
300 400
45 14 272 277; 74 51 232 171; 76 10 270 169; 

29\87_87077.jpg
400 300
114 72 304 256; 116 78 304 254; 116 78 306 252; 

29\87_87079.jpg
400 367
148 94 339 362; 164 92 329 253; 163 92 355 366; 

29\87_87083.jpg
400 265
133 95 228 211; 133 96 225 203; 134 96 224 203; 

29\87_87093.jpg
400 266
26 124 368 229; 28 128 368 177; 31 127 368 182; 

29\87_87097.jpg
400 248
113 113 378 185; 113 113 381 180; 115 114 381 185; 

29\87_87100.jpg
228 400
65 156 226 393; 64 159 226 280; 66 158 224 393; 

29\87_87102.jpg
299 400
39 44 254 337; 44 52 246 266; 45 49 247 262; 

29\87_87104.jpg
400 266
9 108 391 261; 205 106 339 221; 226 109 369 220; 

29\87_87141.jpg
400 333
23 86 243 299; 168 86 242 302; 167 84 242 302; 

29\87_87143.jpg
400 384
94 60 354 320; 102 61 352 322; 231 45 352 152; 

29\87_87149.jpg
400 322
58 75 372 257; 262 62 375 242; 89 74 376 242; 

29\87_87156.jpg
400 266
127 30 397 264; 125 39 393 245; 127 34 393 240; 

29\87_87202.jpg
400 270
7 46 156 235; 38 49 124 212; 37 51 122 212; 

29\87_87225.jpg
320 400
39 130 146 399; 35 132 145 364; 34 132 147 400; 

29\87_87228.jpg
286 400
22 31 216 344; 51 54 175 181; 19 33 274 381; 

29\87_87230.jpg
300 400
56 122 176 395; 68 126 168 362; 13 74 175 398; 

29\87_87245.jpg
400 266
12 10 251 262; 42 57 175 212; 16 1 236 235; 

29\87_87289.jpg
400 266
113 65 311 253; 135 86 309 251; 107 47 309 251; 

29\87_87290.jpg
400 266
137 10 266 170; 138 7 263 171; 142 4 261 167; 

29\87_87334.jpg
299 399
58 88 148 368; 59 89 154 375; 63 90 147 368; 

29\87_87569.jpg
400 266
28 58 266 194; 129 66 270 196; 31 65 269 193; 

29\87_87576.jpg
400 266
41 33 281 253; 55 23 274 229; 58 25 272 229; 

29\87_87577.jpg
400 300
59 22 345 272; 168 58 281 159; 60 26 344 273; 

29\87_87617.jpg
400 320
138 70 326 270; 136 72 311 275; 134 72 311 277; 

29\87_87619.jpg
400 320
173 29 342 296; 172 28 284 122; 174 30 284 133; 

29\87_87623.jpg
400 266
69 56 352 239; 70 56 305 100; 70 56 304 236; 

29\87_87628.jpg
400 275
19 36 202 172; 18 39 193 169; 18 39 194 169; 

29\87_87675.jpg
400 300
100 66 368 221; 99 66 369 221; 99 66 368 220; 

29\87_87677.jpg
400 303
78 90 279 259; 78 90 281 237; 80 90 280 233; 

29\87_87679.jpg
400 300
1 39 374 230; 141 80 377 236; 2 39 377 229; 

29\87_87683.jpg
400 291
163 106 302 241; 164 111 314 247; 177 116 296 232; 

29\87_87707.jpg
320 400
50 64 282 389; 105 163 268 354; 54 25 291 368; 

29\87_87719.jpg
320 400
88 66 229 369; 89 71 261 361; 111 89 193 342; 

29\87_87753.jpg
400 266
169 51 318 260; 172 55 309 266; 176 56 308 266; 

29\87_87754.jpg
400 173
187 14 331 174; 162 21 341 174; 178 22 331 172; 

29\87_87841.jpg
400 300
48 26 260 286; 166 63 246 220; 126 28 247 192; 

29\87_87842.jpg
400 300
36 24 260 298; 168 66 247 218; 126 28 247 191; 

29\87_87845.jpg
400 300
95 35 309 198; 100 42 303 203; 101 44 302 199; 

29\87_87860.jpg
381 400
57 81 339 339; 62 146 306 346; 62 84 308 345; 

29\87_87881.jpg
349 362
19 24 237 356; 8 21 236 357; 23 21 235 357; 

29\87_87894.jpg
400 300
107 134 203 279; 109 138 202 281; 111 138 201 279; 

29\87_87895.jpg
400 392
137 76 355 280; 139 75 367 284; 138 11 364 300; 

29\87_87899.jpg
291 400
95 122 211 380; 81 94 244 399; 84 98 242 399; 

29\87_87900.jpg
400 385
41 39 362 277; 44 42 359 269; 48 44 359 269; 

29\87_87902.jpg
266 400
78 23 191 344; 84 27 182 339; 83 28 182 339; 

29\87_87961.jpg
400 319
193 56 392 319; 229 59 359 197; 231 58 347 185; 

29\87_87970.jpg
321 399
67 113 262 316; 85 118 246 263; 85 119 247 305; 

29\87_87983.jpg
400 300
71 63 391 232; 69 63 393 228; 71 63 394 228; 

29\87_87995.jpg
400 300
229 72 383 243; 231 54 368 233; 231 54 372 234; 

29\88_88000.jpg
390 400
91 51 352 391; 178 80 361 371; 92 54 358 398; 

29\88_88014.jpg
400 400
166 85 246 360; 171 89 244 359; 171 90 243 359; 

29\88_88016.jpg
400 319
196 52 396 311; 229 58 359 199; 230 59 346 184; 

29\88_88017.jpg
400 266
155 12 334 266; 158 6 298 167; 159 6 287 168; 

29\88_88023.jpg
400 320
88 52 384 234; 156 51 384 192; 19 51 384 292; 

29\88_88024.jpg
400 325
63 126 372 241; 61 126 377 245; 57 127 197 234; 

29\88_88032.jpg
400 319
48 38 359 262; 31 169 214 298; 34 39 359 297; 

29\88_88042.jpg
400 266
278 81 398 266; 270 85 399 266; 269 86 398 265; 

29\88_88047.jpg
400 253
18 7 387 118; 9 8 386 106; 10 8 386 109; 

29\88_88059.jpg
400 155
47 68 362 122; 48 72 364 119; 49 72 363 118; 

29\88_88065.jpg
400 278
224 44 378 277; 224 50 379 278; 224 51 381 276; 

29\88_88066.jpg
400 300
19 16 248 275; 14 18 168 271; 3 18 251 299; 

29\88_88070.jpg
300 400
62 24 163 274; 58 29 149 176; 61 29 149 272; 

29\88_88074.jpg
262 400
171 58 229 323; 156 58 224 316; 172 58 223 318; 

29\88_88086.jpg
400 300
68 18 169 283; 68 9 166 276; 70 9 161 278; 

29\88_88090.jpg
400 300
19 14 302 215; 22 16 305 195; 21 16 304 208; 

29\88_88092.jpg
400 266
54 68 282 263; 11 69 273 266; 174 1 397 166; 

29\88_88131.jpg
300 400
113 197 200 387; 119 197 205 395; 119 201 197 395; 

29\88_88133.jpg
294 399
30 210 141 354; 25 215 138 359; 22 115 197 358; 

29\88_88159.jpg
400 320
173 29 332 313; 168 24 335 319; 169 25 334 319; 

29\88_88161.jpg
353 400
142 180 283 290; 101 153 271 293; 101 154 274 294; 

29\88_88163.jpg
400 320
88 41 246 228; 89 40 246 229; 89 41 244 228; 

29\88_88164.jpg
400 320
102 87 324 305; 121 84 271 270; 121 85 271 271; 

29\88_88167.jpg
400 320
116 62 312 261; 116 62 274 215; 116 62 274 214; 

29\88_88168.jpg
400 320
83 39 265 232; 82 39 265 229; 83 41 263 226; 

29\88_88188.jpg
400 191
78 28 305 144; 131 34 289 132; 78 34 344 132; 

29\88_88195.jpg
400 244
202 42 385 190; 201 45 384 192; 216 44 383 172; 

29\88_88198.jpg
400 305
88 39 338 284; 84 39 337 282; 84 39 334 277; 

29\88_88200.jpg
240 400
52 53 183 366; 54 53 185 366; 56 53 185 364; 

29\88_88207.jpg
400 291
6 1 202 291; 33 33 178 208; 28 2 177 209; 

29\88_88210.jpg
400 300
82 142 215 270; 91 142 212 268; 86 143 212 268; 

29\88_88242.jpg
276 400
1 44 162 396; 16 137 138 400; 0 46 171 399; 

29\88_88243.jpg
399 399
155 14 240 286; 155 12 238 277; 157 13 241 281; 

29\88_88257.jpg
399 323
55 65 263 318; 128 63 236 176; 55 65 380 322; 

29\88_88258.jpg
400 300
79 76 294 296; 76 84 298 276; 79 84 297 300; 

29\88_88262.jpg
350 400
126 37 314 379; 124 41 265 264; 126 42 350 382; 

29\88_88264.jpg
400 300
159 177 338 298; 177 178 336 279; 172 179 336 272; 

29\88_88281.jpg
285 400
154 111 278 374; 151 114 274 362; 150 114 273 362; 

29\88_88285.jpg
400 320
50 36 312 289; 66 83 288 226; 92 78 289 262; 

29\88_88290.jpg
284 400
2 64 270 305; 29 108 187 241; 0 72 281 301; 

29\88_88291.jpg
264 400
41 12 188 346; 29 12 180 343; 37 12 156 343; 

29\88_88294.jpg
400 300
22 94 382 208; 27 95 383 204; 26 96 381 212; 

29\88_88307.jpg
400 298
18 46 382 184; 11 58 389 180; 14 59 390 183; 

29\88_88308.jpg
400 324
42 26 295 244; 47 26 294 242; 42 25 294 241; 

29\88_88321.jpg
286 400
46 98 273 384; 76 51 279 386; 64 95 239 377; 

29\88_88327.jpg
400 300
28 50 234 294; 71 38 244 300; 9 38 242 298; 

29\88_88337.jpg
399 302
20 54 240 292; 74 39 242 297; 13 43 241 297; 

29\88_88339.jpg
377 400
58 25 288 373; 110 22 256 157; 121 25 244 156; 

29\88_88343.jpg
400 266
10 34 214 242; 98 38 221 211; 89 39 220 210; 

29\88_88348.jpg
266 400
45 54 199 250; 46 35 194 255; 56 56 186 254; 

29\88_88354.jpg
320 400
61 14 235 179; 61 8 246 192; 88 36 221 169; 

29\88_88366.jpg
400 291
126 10 384 279; 183 53 347 244; 183 6 348 241; 

29\88_88369.jpg
325 400
86 22 295 324; 132 0 275 220; 123 1 274 248; 

29\88_88377.jpg
399 266
8 41 325 235; 100 36 323 225; 99 39 324 240; 

29\88_88379.jpg
266 400
18 90 196 363; 15 91 195 367; 8 82 198 366; 

29\88_88380.jpg
400 300
9 78 258 286; 5 78 258 225; 6 77 258 286; 

29\88_88382.jpg
266 400
96 111 239 263; 108 117 247 265; 109 118 244 264; 

29\88_88384.jpg
400 300
228 43 345 267; 169 36 336 294; 66 37 334 298; 

29\88_88400.jpg
320 400
25 126 300 346; 28 121 299 348; 28 122 320 344; 

29\88_88401.jpg
271 400
74 142 206 242; 89 141 211 241; 96 137 206 238; 

29\88_88409.jpg
400 300
2 64 384 248; 118 61 391 164; 1 62 391 229; 

29\88_88410.jpg
301 400
41 102 246 387; 52 94 249 396; 54 94 247 399; 

29\88_88411.jpg
400 300
111 9 361 262; 99 18 386 236; 118 24 362 261; 

29\88_88415.jpg
400 262
25 24 204 172; 28 24 202 170; 27 24 202 169; 

29\88_88416.jpg
400 266
70 123 305 257; 76 124 306 250; 71 123 305 250; 

29\88_88424.jpg
400 274
264 14 330 216; 271 18 322 214; 271 18 319 216; 

29\88_88429.jpg
337 400
48 44 249 309; 48 50 248 305; 50 51 249 305; 

29\88_88528.jpg
320 400
156 16 312 359; 157 13 311 358; 158 11 312 358; 

29\88_88530.jpg
400 319
5 0 238 287; 61 9 239 212; 2 2 239 212; 

29\88_88566.jpg
266 400
34 27 232 320; 18 12 251 327; 41 34 220 226; 

29\88_88569.jpg
400 270
141 49 254 268; 142 50 246 261; 146 48 245 269; 

29\88_88570.jpg
400 266
126 33 392 248; 129 33 351 240; 129 34 351 239; 

29\88_88575.jpg
400 300
66 12 321 276; 67 9 321 276; 68 11 321 275; 

29\88_88576.jpg
400 271
142 28 378 237; 141 31 391 254; 139 29 392 254; 

29\88_88580.jpg
400 303
22 101 282 268; 21 102 281 271; 21 104 281 269; 

29\88_88584.jpg
300 399
77 82 298 318; 75 104 186 250; 75 85 300 251; 

29\88_88617.jpg
400 400
43 109 345 383; 48 113 345 264; 47 113 344 284; 

29\88_88618.jpg
400 328
4 29 176 323; 6 22 175 328; 2 21 174 328; 

29\88_88630.jpg
266 400
52 98 238 381; 68 159 197 274; 31 29 199 275; 

29\88_88633.jpg
399 299
118 103 270 214; 126 105 272 203; 122 105 271 205; 

29\88_88636.jpg
305 400
70 28 298 309; 71 128 263 291; 70 1 303 290; 

29\88_88640.jpg
329 400
88 26 193 209; 88 17 202 194; 89 15 258 381; 

29\88_88645.jpg
400 310
164 48 314 246; 164 48 316 244; 166 48 314 249; 

29\88_88652.jpg
266 400
41 23 212 268; 21 20 251 296; 44 33 225 264; 

29\88_88653.jpg
266 400
46 19 198 182; 30 17 223 188; 91 29 162 164; 

29\88_88655.jpg
266 400
56 78 212 269; 22 81 235 282; 75 102 199 251; 

29\88_88657.jpg
400 300
68 32 326 291; 149 86 375 283; 150 12 398 282; 

29\88_88659.jpg
400 329
112 20 258 292; 118 34 251 286; 116 1 259 323; 

29\88_88660.jpg
400 323
69 40 237 278; 62 41 321 290; 64 41 318 288; 

29\88_88664.jpg
400 300
98 125 253 236; 97 132 257 241; 92 134 256 239; 

29\88_88665.jpg
400 266
76 79 302 219; 76 85 299 171; 79 85 299 169; 

29\88_88667.jpg
400 266
0 52 398 206; 128 66 244 195; 1 51 400 209; 

29\88_88669.jpg
400 300
3 29 243 290; 14 25 220 195; 14 33 219 193; 

29\88_88721.jpg
400 319
28 8 249 309; 87 17 243 218; 34 15 250 311; 

29\88_88774.jpg
400 266
4 37 262 253; 63 70 250 249; 62 40 266 251; 

29\88_88818.jpg
400 303
18 31 209 295; 11 29 208 296; 11 32 209 296; 

29\88_88821.jpg
399 344
156 95 310 225; 153 94 309 224; 156 95 309 223; 

29\88_88837.jpg
400 258
18 91 332 236; 104 70 336 234; 15 71 244 233; 

29\88_88848.jpg
399 267
50 58 286 161; 39 70 303 264; 42 9 367 262; 

29\88_88874.jpg
400 266
6 79 344 226; 195 81 346 228; 1 80 344 232; 

29\88_88876.jpg
400 298
2 2 189 219; 9 4 188 219; 158 26 384 232; 

29\88_88882.jpg
400 300
16 76 299 288; 99 81 297 251; 18 74 296 256; 

29\88_88883.jpg
400 300
1 60 231 286; 74 131 232 230; 76 131 232 230; 

29\88_88888.jpg
400 300
99 111 262 251; 93 102 280 247; 98 103 281 259; 

29\88_88898.jpg
280 400
91 18 271 365; 101 107 267 343; 93 19 271 371; 

29\88_88908.jpg
399 320
175 100 281 243; 199 126 285 231; 193 125 280 236; 

29\88_88910.jpg
400 320
83 46 310 305; 96 48 301 300; 90 44 300 303; 

29\88_88911.jpg
400 300
47 119 339 204; 51 119 339 199; 49 118 339 200; 

29\88_88912.jpg
399 319
176 109 264 280; 193 104 261 280; 193 104 260 285; 

29\88_88925.jpg
400 343
206 38 378 315; 221 22 372 316; 223 27 374 312; 

29\88_88926.jpg
400 266
4 45 274 259; 66 43 275 244; 66 44 275 266; 

29\88_88927.jpg
399 372
184 100 330 286; 136 71 336 294; 138 69 379 298; 

29\88_88929.jpg
400 266
62 34 394 218; 67 101 398 210; 67 76 398 209; 

29\88_88930.jpg
400 300
82 7 322 290; 114 65 258 170; 118 65 260 170; 

29\88_88945.jpg
400 308
128 34 328 274; 158 35 268 172; 159 34 268 172; 

29\88_88973.jpg
400 266
135 54 272 213; 137 57 272 212; 137 56 234 165; 

29\88_88975.jpg
319 400
21 34 267 329; 134 34 268 396; 184 34 269 165; 

29\89_89006.jpg
400 295
109 10 307 282; 108 10 188 278; 108 9 306 295; 

29\89_89063.jpg
399 394
123 14 274 384; 122 14 274 382; 121 16 274 384; 

29\89_89079.jpg
238 400
58 15 150 304; 54 16 148 306; 57 16 148 304; 

29\89_89090.jpg
400 300
74 23 340 269; 71 24 341 270; 72 24 341 268; 

29\89_89095.jpg
400 300
29 132 279 266; 34 132 272 258; 34 133 272 262; 

29\89_89100.jpg
266 400
127 34 212 388; 128 32 211 376; 126 34 211 381; 

29\89_89101.jpg
300 400
38 111 266 387; 43 142 212 373; 43 104 264 377; 

29\89_89128.jpg
400 196
126 7 298 175; 126 8 299 179; 127 9 298 178; 

29\89_89169.jpg
400 296
163 91 388 282; 166 82 386 286; 164 84 387 284; 

29\89_89172.jpg
400 300
45 66 328 298; 75 64 288 262; 78 65 287 221; 

29\89_89180.jpg
400 263
161 47 241 258; 160 46 241 232; 161 49 239 232; 

29\89_89183.jpg
400 306
108 22 346 303; 116 107 344 304; 109 10 346 302; 

29\89_89186.jpg
285 400
21 66 245 370; 21 71 248 370; 23 65 246 372; 

29\89_89194.jpg
400 273
108 24 312 267; 155 73 291 271; 104 19 315 271; 

29\89_89200.jpg
400 300
6 85 292 262; 1 91 222 251; 177 1 399 300; 

29\89_89206.jpg
336 366
106 129 285 336; 106 132 291 331; 122 132 284 353; 

29\89_89210.jpg
400 400
39 45 176 357; 36 50 174 362; 35 49 174 357; 

29\89_89214.jpg
400 330
152 128 378 319; 151 126 378 318; 150 126 379 316; 

29\89_89216.jpg
400 300
93 7 310 261; 153 9 311 205; 94 8 309 265; 

29\89_89218.jpg
299 400
69 28 270 367; 71 29 265 356; 71 28 265 356; 

29\89_89220.jpg
400 214
9 47 339 196; 9 43 252 198; 10 30 341 196; 

29\89_89250.jpg
400 300
72 162 277 300; 66 163 276 299; 69 160 277 300; 

29\89_89254.jpg
400 266
18 141 202 261; 19 142 202 249; 21 142 202 256; 

29\89_89259.jpg
400 320
82 96 397 262; 82 102 163 261; 84 96 398 260; 

29\89_89260.jpg
400 209
102 54 273 187; 105 44 275 174; 106 16 264 205; 

29\89_89272.jpg
400 253
15 37 212 244; 14 36 212 242; 14 36 212 243; 

29\89_89273.jpg
399 357
188 29 376 274; 190 33 377 269; 190 33 375 265; 

29\89_89276.jpg
399 317
198 7 309 285; 196 11 299 279; 195 11 308 283; 

29\89_89281.jpg
400 320
40 34 261 266; 39 36 259 264; 42 35 259 261; 

29\89_89282.jpg
400 320
143 53 289 299; 146 52 291 267; 146 54 290 319; 

29\89_89283.jpg
400 320
48 36 228 227; 53 39 226 226; 54 38 228 225; 

29\89_89284.jpg
326 400
8 74 229 400; 7 74 229 399; 7 74 219 304; 

29\89_89290.jpg
266 399
171 76 231 335; 176 90 233 335; 175 81 217 334; 

29\89_89296.jpg
400 320
1 97 316 264; 234 101 318 260; 235 101 317 261; 

29\89_89297.jpg
266 400
51 100 195 223; 48 99 179 227; 36 99 179 225; 

29\89_89298.jpg
266 399
35 21 246 186; 38 23 260 152; 37 22 259 152; 

29\89_89299.jpg
266 400
6 18 171 213; 9 17 171 209; 8 16 170 209; 

29\89_89301.jpg
400 300
29 59 258 218; 29 62 259 212; 30 62 257 212; 

29\89_89305.jpg
400 378
104 76 364 372; 150 97 287 322; 150 11 286 227; 

29\89_89315.jpg
400 320
34 139 334 259; 34 139 191 261; 35 139 333 259; 

29\89_89320.jpg
400 320
20 89 318 262; 234 101 318 259; 234 101 317 261; 

29\89_89324.jpg
301 399
10 197 270 395; 127 179 269 297; 3 178 266 395; 

29\89_89325.jpg
400 384
100 107 356 332; 102 69 363 343; 108 68 365 344; 

29\89_89333.jpg
320 400
18 180 307 338; 38 222 283 332; 34 214 283 332; 

29\89_89336.jpg
400 271
56 43 356 240; 56 41 361 239; 58 42 361 234; 

29\89_89340.jpg
267 400
22 42 118 378; 24 49 119 380; 27 48 119 379; 

29\89_89341.jpg
400 265
82 21 314 251; 82 19 314 254; 82 22 312 253; 

29\89_89343.jpg
400 305
41 30 186 285; 40 32 184 288; 42 32 182 282; 

29\89_89346.jpg
317 400
14 134 237 379; 17 140 235 370; 15 140 236 367; 

29\89_89348.jpg
400 265
82 22 349 246; 76 26 347 243; 78 27 348 244; 

29\89_89355.jpg
384 399
96 91 361 389; 118 87 372 262; 120 90 353 343; 

29\89_89364.jpg
300 400
115 40 221 243; 119 39 227 241; 121 37 228 238; 

29\89_89365.jpg
400 300
185 60 292 233; 188 66 287 236; 188 65 288 236; 

29\89_89408.jpg
400 266
188 108 300 265; 170 28 302 266; 168 103 299 266; 

29\89_89410.jpg
369 245
119 54 245 213; 114 48 247 214; 116 48 256 221; 

29\89_89416.jpg
400 300
36 110 258 252; 54 103 263 251; 59 99 261 249; 

29\89_89417.jpg
400 300
16 34 280 297; 43 79 199 286; 45 79 192 285; 

29\89_89425.jpg
320 400
11 55 276 288; 7 56 284 281; 8 56 285 300; 

29\89_89429.jpg
300 400
121 42 223 239; 121 38 224 240; 121 37 225 239; 

29\89_89432.jpg
399 266
126 85 314 214; 136 96 318 199; 135 95 312 197; 

29\89_89433.jpg
400 266
64 91 347 267; 76 96 342 265; 74 94 342 265; 

29\89_89436.jpg
400 320
75 117 312 252; 73 117 346 251; 74 117 346 252; 

29\89_89456.jpg
300 400
68 203 266 375; 66 202 266 371; 56 203 272 380; 

29\89_89458.jpg
400 300
39 96 179 224; 41 101 176 218; 41 101 172 224; 

29\89_89460.jpg
400 300
217 72 369 299; 210 73 368 299; 213 73 368 299; 

29\89_89464.jpg
300 400
46 99 284 334; 43 99 284 332; 42 100 284 334; 

29\89_89482.jpg
400 273
137 47 302 235; 203 48 300 231; 109 49 325 232; 

29\89_89485.jpg
400 360
47 2 343 291; 45 13 273 240; 48 1 371 292; 

29\89_89487.jpg
400 334
154 38 390 331; 168 35 389 273; 57 35 360 333; 

29\89_89491.jpg
400 300
137 103 263 265; 73 104 263 281; 73 100 263 283; 

29\89_89493.jpg
400 239
37 35 363 203; 39 26 363 205; 38 24 365 205; 

29\89_89494.jpg
400 252
88 15 287 201; 91 49 286 200; 93 49 283 196; 

29\89_89501.jpg
400 283
71 6 324 227; 97 29 303 231; 70 7 325 231; 

29\89_89536.jpg
400 267
10 72 188 263; 0 74 198 265; 2 75 200 265; 

29\89_89566.jpg
266 400
64 65 206 371; 76 73 229 372; 91 83 159 358; 

29\89_89660.jpg
305 399
5 180 219 355; 6 181 221 352; 4 180 220 356; 

29\89_89673.jpg
238 399
30 85 197 389; 28 81 198 392; 21 81 197 391; 

29\89_89686.jpg
400 245
111 132 371 198; 109 138 370 196; 110 136 368 195; 

29\89_89688.jpg
400 266
76 2 396 170; 76 1 399 175; 77 2 398 173; 

29\89_89706.jpg
400 320
123 42 392 319; 141 76 301 249; 142 42 313 248; 

29\89_89713.jpg
300 400
158 166 229 339; 154 169 231 336; 156 168 229 335; 

29\89_89719.jpg
266 400
84 9 218 394; 63 8 217 243; 64 8 218 243; 

29\89_89721.jpg
266 400
39 65 153 389; 39 66 176 391; 38 66 175 392; 

29\89_89730.jpg
299 400
84 64 239 248; 84 64 238 244; 84 66 239 244; 

29\89_89738.jpg
299 400
40 52 178 274; 39 52 178 272; 40 52 178 271; 

29\89_89751.jpg
400 336
56 41 382 287; 132 136 365 284; 54 38 382 286; 

29\89_89788.jpg
400 260
44 96 322 229; 263 94 322 226; 41 94 321 227; 

29\89_89792.jpg
400 266
53 8 301 261; 114 31 316 204; 128 1 299 204; 

29\89_89794.jpg
400 266
29 28 254 265; 37 19 241 247; 38 0 240 246; 

29\89_89795.jpg
400 266
27 50 318 242; 24 50 316 208; 20 51 314 265; 

29\89_89844.jpg
400 300
56 46 369 238; 54 93 231 232; 58 46 367 232; 

29\89_89851.jpg
400 286
256 71 349 254; 256 72 344 255; 255 72 344 254; 

29\89_89865.jpg
400 300
184 79 389 298; 182 78 389 299; 183 79 388 298; 

29\89_89870.jpg
400 266
64 62 172 252; 59 63 181 265; 58 61 180 266; 

29\89_89875.jpg
400 266
41 112 280 232; 45 114 278 234; 42 113 278 218; 

29\89_89878.jpg
400 314
147 46 337 314; 145 42 330 314; 147 42 364 313; 

29\89_89889.jpg
254 400
38 84 199 383; 41 44 198 315; 38 42 200 394; 

29\89_89893.jpg
266 400
79 50 230 371; 70 88 188 370; 71 59 226 369; 

29\89_89894.jpg
400 266
118 106 356 259; 85 106 392 266; 88 105 391 266; 

29\89_89895.jpg
282 400
25 57 218 378; 28 58 221 375; 28 59 219 374; 

29\89_89896.jpg
316 400
34 50 267 175; 42 50 272 169; 41 51 271 168; 

29\89_89905.jpg
400 300
138 68 354 241; 141 66 353 241; 142 66 352 239; 

29\89_89914.jpg
300 400
20 171 256 400; 24 168 258 326; 27 168 256 400; 

29\89_89940.jpg
400 366
44 36 357 317; 45 41 351 314; 43 39 352 315; 

29\89_89951.jpg
320 400
72 4 249 272; 84 124 231 208; 84 123 230 208; 

29\89_89952.jpg
320 400
65 11 251 313; 68 8 251 309; 66 7 249 308; 

29\89_89954.jpg
320 400
72 19 242 295; 74 18 242 293; 72 17 242 293; 

29\89_89955.jpg
320 400
44 18 266 203; 47 21 266 197; 48 22 265 198; 

29\89_89956.jpg
320 400
4 9 314 255; 111 103 246 216; 1 10 315 254; 

29\89_89957.jpg
320 400
29 10 284 268; 106 118 193 200; 28 11 282 268; 

29\89_89961.jpg
400 299
59 105 364 254; 58 107 365 256; 51 87 367 257; 

29\89_89985.jpg
400 240
79 16 366 216; 216 130 372 217; 78 12 370 218; 

29\89_89991.jpg
400 312
32 37 289 292; 34 33 287 277; 34 35 287 284; 

29\89_89994.jpg
400 180
66 76 339 171; 66 78 338 168; 68 80 336 167; 

29\89_89997.jpg
266 400
22 49 250 325; 24 49 251 323; 25 46 251 322; 

