233

2\6_6000.jpg
266 400
22 81 173 316; 23 79 178 226; 22 80 178 227; 

2\6_6006.jpg
300 400
46 49 283 329; 46 53 297 348; 46 53 298 347; 

2\6_6007.jpg
300 400
63 110 221 337; 69 109 221 326; 65 111 214 342; 

2\6_6020.jpg
400 300
74 6 323 166; 80 51 246 168; 81 52 246 169; 

2\6_6027.jpg
300 400
86 51 274 400; 69 51 290 400; 71 52 289 399; 

2\6_6032.jpg
400 300
26 11 220 152; 27 10 220 148; 16 12 220 222; 

2\6_6048.jpg
400 300
142 60 336 258; 143 61 336 254; 141 61 334 253; 

2\6_6065.jpg
400 300
88 9 261 293; 121 26 261 215; 88 0 258 300; 

2\6_6087.jpg
400 300
24 9 199 296; 23 6 198 300; 24 8 198 299; 

2\6_6112.jpg
300 400
39 24 152 307; 37 25 151 302; 37 26 152 301; 

2\6_6132.jpg
400 300
135 72 291 208; 141 68 262 211; 139 70 261 210; 

2\6_6178.jpg
400 300
86 35 361 253; 82 51 358 258; 80 33 366 262; 

2\6_6182.jpg
400 266
48 63 252 219; 48 69 247 209; 51 71 166 208; 

2\6_6195.jpg
300 400
54 59 242 258; 53 59 241 400; 54 60 240 258; 

2\6_6204.jpg
400 300
122 83 238 189; 82 38 292 251; 81 37 289 246; 

2\6_6223.jpg
400 300
36 87 311 214; 35 94 328 211; 36 94 329 205; 

2\6_6227.jpg
400 300
69 5 281 294; 69 2 276 300; 67 4 274 300; 

2\6_6231.jpg
400 300
29 64 308 280; 4 63 331 290; 4 64 331 293; 

2\6_6241.jpg
300 400
48 35 244 312; 48 33 248 322; 45 34 247 369; 

2\6_6254.jpg
400 300
9 121 390 241; 16 126 383 236; 13 125 381 234; 

2\6_6256.jpg
300 400
34 15 216 384; 32 18 212 188; 35 19 212 382; 

2\6_6265.jpg
400 300
56 43 352 248; 35 31 369 258; 36 32 368 257; 

2\6_6267.jpg
400 300
7 127 141 291; 0 122 138 300; 1 122 137 299; 

2\6_6279.jpg
300 400
31 22 173 294; 1 18 201 400; 1 16 198 399; 

2\6_6287.jpg
400 300
98 188 380 269; 91 186 387 270; 92 186 386 269; 

2\6_6296.jpg
400 266
169 21 381 168; 157 22 400 266; 160 24 399 266; 

2\6_6311.jpg
400 300
20 136 222 291; 0 135 223 300; 21 137 221 299; 

2\6_6327.jpg
300 400
29 74 278 280; 9 69 300 281; 16 79 297 279; 

2\6_6350.jpg
300 400
42 282 250 367; 42 279 250 363; 44 281 249 370; 

2\6_6377.jpg
400 266
18 62 372 226; 12 64 373 229; 12 56 374 228; 

2\6_6378.jpg
400 300
118 66 265 166; 121 66 264 166; 120 66 270 166; 

2\6_6407.jpg
400 300
232 42 344 220; 236 41 344 218; 237 42 342 142; 

2\6_6417.jpg
400 300
118 34 263 135; 118 23 269 132; 116 25 312 209; 

2\6_6446.jpg
400 300
61 36 336 255; 79 43 328 252; 59 17 328 259; 

2\6_6448.jpg
400 300
31 56 321 204; 28 66 318 193; 31 68 316 191; 

2\6_6495.jpg
400 300
69 10 315 274; 74 6 317 283; 96 9 296 228; 

2\6_6519.jpg
400 300
165 44 290 282; 171 36 285 284; 172 39 285 256; 

2\6_6535.jpg
300 400
102 40 279 303; 139 49 266 311; 96 51 272 309; 

2\6_6574.jpg
400 300
84 42 370 273; 83 45 367 271; 88 46 366 266; 

2\6_6579.jpg
400 300
64 9 311 286; 60 8 313 286; 61 8 310 285; 

2\6_6580.jpg
400 266
171 35 364 239; 173 39 360 234; 179 39 352 234; 

2\6_6581.jpg
400 300
53 23 361 256; 72 41 352 247; 71 41 349 248; 

2\6_6583.jpg
400 300
105 102 336 265; 105 101 340 201; 108 105 342 196; 

2\6_6598.jpg
400 300
71 121 344 267; 62 122 351 263; 67 121 350 272; 

2\6_6600.jpg
300 400
47 54 256 362; 55 64 242 360; 51 60 249 359; 

2\6_6607.jpg
300 400
8 46 280 200; 3 48 282 213; 1 48 280 199; 

2\6_6618.jpg
400 300
145 8 377 166; 148 8 376 165; 152 8 370 161; 

2\6_6631.jpg
400 266
162 31 242 234; 163 4 241 233; 159 3 242 236; 

2\6_6646.jpg
400 300
62 111 189 286; 65 111 189 286; 68 113 190 283; 

2\6_6693.jpg
400 266
151 36 393 235; 152 34 398 237; 152 36 398 237; 

2\6_6712.jpg
400 300
108 84 304 229; 110 83 383 273; 111 83 383 271; 

2\6_6744.jpg
400 300
114 46 299 219; 113 48 297 214; 117 48 297 212; 

2\6_6746.jpg
400 300
68 75 299 230; 68 76 387 238; 70 77 389 238; 

2\6_6772.jpg
400 300
187 8 368 280; 188 8 376 286; 189 10 365 286; 

2\6_6791.jpg
400 266
160 96 282 261; 160 94 280 261; 160 96 281 261; 

2\6_6818.jpg
400 300
48 79 378 256; 48 79 378 251; 49 80 377 251; 

2\6_6823.jpg
400 300
161 4 396 214; 158 1 400 224; 161 3 399 219; 

2\6_6825.jpg
400 300
9 17 270 278; 15 18 272 279; 15 19 271 276; 

2\6_6826.jpg
266 400
26 196 191 374; 26 193 191 381; 25 195 190 371; 

2\6_6830.jpg
400 266
126 89 312 157; 123 91 312 159; 126 91 312 156; 

2\6_6833.jpg
400 300
56 60 354 243; 56 58 353 242; 64 59 350 242; 

2\6_6840.jpg
300 400
9 16 246 164; 10 18 234 166; 12 17 234 156; 

2\6_6847.jpg
400 300
18 42 266 276; 14 46 266 290; 18 46 265 283; 

2\6_6849.jpg
400 266
59 24 301 188; 62 23 392 239; 61 23 391 239; 

2\6_6870.jpg
400 300
197 145 356 242; 211 144 359 241; 214 146 356 240; 

2\6_6876.jpg
400 266
262 113 363 256; 261 114 362 253; 262 116 362 250; 

2\6_6903.jpg
300 400
29 109 261 276; 39 115 257 271; 37 113 258 272; 

2\6_6913.jpg
400 300
48 68 333 293; 52 69 334 299; 51 71 334 300; 

2\6_6917.jpg
300 400
155 181 253 341; 154 181 252 340; 156 182 250 339; 

2\6_6923.jpg
300 400
93 139 272 296; 93 140 272 301; 95 141 271 298; 

2\6_6942.jpg
400 300
64 33 349 283; 65 32 341 236; 65 33 356 300; 

2\6_6957.jpg
400 300
147 8 346 288; 173 6 347 216; 138 6 344 208; 

2\6_6964.jpg
300 400
64 34 254 381; 98 34 253 382; 52 36 255 303; 

2\6_6975.jpg
400 300
108 67 299 276; 102 64 299 271; 106 66 301 270; 

2\7_7000.jpg
400 300
34 8 212 230; 30 1 212 271; 29 0 209 281; 

2\7_7010.jpg
400 300
144 12 345 279; 154 51 369 300; 129 2 366 299; 

2\7_7011.jpg
400 300
130 119 361 254; 122 119 368 262; 133 120 358 240; 

2\7_7012.jpg
400 300
111 17 327 266; 69 19 326 271; 106 20 324 269; 

2\7_7015.jpg
266 400
117 19 254 344; 108 18 255 351; 110 19 254 249; 

2\7_7021.jpg
400 300
32 39 359 200; 71 91 349 186; 71 93 351 194; 

2\7_7027.jpg
400 300
97 38 359 266; 100 41 362 265; 101 43 361 265; 

2\7_7028.jpg
300 400
80 42 192 374; 77 38 196 399; 75 40 194 399; 

2\7_7029.jpg
400 300
92 86 383 262; 92 81 400 262; 93 86 320 259; 

2\7_7040.jpg
300 400
10 51 179 348; 0 49 182 400; 10 49 178 374; 

2\7_7071.jpg
400 300
136 94 357 290; 147 104 328 291; 145 102 336 289; 

2\7_7081.jpg
400 300
62 79 375 233; 66 76 396 242; 66 83 283 230; 

2\7_7129.jpg
300 400
69 180 228 352; 72 181 227 352; 72 182 224 351; 

2\7_7141.jpg
400 300
41 20 298 241; 139 6 242 215; 48 11 298 249; 

2\7_7147.jpg
400 300
81 38 234 274; 88 34 239 276; 87 38 239 272; 

2\7_7160.jpg
300 400
95 14 271 341; 101 16 273 352; 101 18 268 335; 

2\7_7165.jpg
400 300
139 61 296 208; 147 62 294 210; 146 64 290 207; 

2\7_7167.jpg
400 300
42 22 231 217; 42 19 230 220; 46 21 228 214; 

2\7_7192.jpg
400 300
121 49 265 291; 118 19 277 298; 118 19 275 296; 

2\7_7196.jpg
400 300
82 51 324 264; 83 4 330 300; 81 11 326 300; 

2\7_7270.jpg
400 300
78 18 328 279; 80 16 322 281; 81 17 321 279; 

2\7_7328.jpg
300 400
76 101 225 286; 82 110 227 281; 79 107 227 283; 

2\7_7339.jpg
400 300
165 74 283 283; 167 89 382 300; 166 71 268 261; 

2\7_7341.jpg
400 300
116 93 241 292; 113 60 245 300; 92 19 299 280; 

2\7_7356.jpg
400 300
91 72 222 194; 88 73 224 199; 91 72 221 199; 

2\7_7373.jpg
400 300
105 19 313 274; 103 75 320 284; 103 2 321 282; 

2\7_7375.jpg
400 300
61 64 199 286; 61 64 201 194; 64 64 197 192; 

2\7_7384.jpg
400 300
138 30 254 204; 138 30 253 175; 139 31 251 172; 

2\7_7392.jpg
400 300
74 88 166 289; 67 89 168 298; 72 91 168 300; 

2\7_7408.jpg
400 300
172 108 379 284; 161 111 389 283; 159 111 388 282; 

2\7_7436.jpg
400 300
93 83 314 268; 90 86 320 261; 91 82 287 259; 

2\7_7472.jpg
300 400
101 53 266 214; 102 55 264 306; 103 57 264 264; 

2\7_7478.jpg
300 400
6 61 138 370; 0 61 138 372; 0 63 136 368; 

2\7_7480.jpg
400 300
142 21 391 268; 141 16 389 300; 140 17 389 299; 

2\7_7499.jpg
300 400
65 64 271 296; 54 70 251 296; 54 72 252 294; 

2\7_7527.jpg
300 400
69 61 246 208; 68 65 242 204; 70 67 241 204; 

2\7_7540.jpg
400 300
32 61 248 204; 35 61 251 201; 36 61 251 198; 

2\7_7544.jpg
400 300
116 22 273 213; 111 5 277 216; 117 11 272 214; 

2\7_7586.jpg
300 400
94 15 234 322; 85 19 233 321; 89 19 233 319; 

2\7_7590.jpg
400 300
79 55 346 272; 90 71 332 278; 76 0 333 273; 

2\7_7595.jpg
300 400
20 139 158 356; 19 181 159 355; 21 142 158 354; 

2\7_7604.jpg
400 300
58 33 201 255; 118 83 184 238; 82 54 186 235; 

2\7_7605.jpg
300 400
50 18 256 348; 38 18 273 376; 31 18 271 370; 

2\7_7609.jpg
400 300
69 68 386 254; 73 69 385 258; 73 70 384 254; 

2\7_7637.jpg
300 400
29 24 238 280; 29 24 238 384; 30 24 234 382; 

2\7_7645.jpg
400 300
87 116 218 251; 85 116 218 252; 85 116 216 249; 

2\7_7677.jpg
300 400
38 111 236 278; 37 110 235 279; 39 110 234 277; 

2\7_7682.jpg
400 300
116 12 341 281; 74 84 301 300; 71 86 297 300; 

2\7_7688.jpg
400 300
152 78 324 219; 142 71 328 240; 149 81 326 229; 

2\7_7697.jpg
300 400
68 178 289 394; 70 180 291 396; 72 181 290 394; 

2\7_7702.jpg
300 400
100 91 208 346; 96 89 207 348; 99 91 207 346; 

2\7_7771.jpg
400 300
199 23 359 288; 168 26 373 300; 203 26 363 299; 

2\7_7785.jpg
400 300
144 12 326 275; 145 6 342 300; 144 10 326 300; 

2\7_7796.jpg
300 400
21 69 212 252; 22 69 212 253; 21 69 211 251; 

2\7_7799.jpg
300 400
102 104 214 274; 100 110 214 268; 82 2 212 267; 

2\7_7804.jpg
266 400
36 159 248 349; 36 160 248 351; 36 159 245 349; 

2\7_7817.jpg
400 300
76 109 213 244; 78 110 212 242; 78 110 211 242; 

2\7_7819.jpg
400 300
192 84 314 206; 191 85 312 204; 193 86 312 204; 

2\7_7821.jpg
300 400
53 138 231 311; 59 139 229 311; 61 140 228 309; 

2\7_7822.jpg
300 400
122 48 274 276; 129 28 272 261; 58 30 291 296; 

2\7_7830.jpg
400 300
190 105 357 256; 187 82 354 259; 189 108 356 254; 

2\7_7833.jpg
300 400
15 32 288 290; 32 63 282 291; 11 31 293 296; 

2\7_7837.jpg
266 400
18 15 232 297; 56 36 204 291; 5 9 240 296; 

2\7_7843.jpg
400 300
11 121 391 272; 11 121 390 273; 10 122 390 272; 

2\7_7892.jpg
400 300
74 73 345 256; 38 72 345 258; 39 74 345 257; 

2\7_7896.jpg
400 300
238 161 383 295; 222 162 383 294; 243 164 382 292; 

2\7_7900.jpg
400 300
197 38 362 189; 201 38 361 200; 198 39 361 256; 

2\7_7904.jpg
400 300
182 41 384 294; 182 38 383 300; 184 41 383 300; 

2\7_7905.jpg
400 300
84 69 332 226; 62 20 324 300; 88 65 326 231; 

2\7_7909.jpg
400 300
102 24 366 262; 98 23 367 199; 102 25 365 287; 

2\7_7917.jpg
400 300
248 140 385 278; 247 140 382 274; 248 141 381 274; 

2\7_7920.jpg
400 300
111 46 301 248; 117 45 301 248; 119 46 304 246; 

2\7_7923.jpg
400 300
32 8 181 280; 35 3 178 291; 32 4 178 279; 

2\7_7933.jpg
400 300
79 71 291 207; 58 61 312 218; 76 76 306 210; 

2\7_7935.jpg
400 300
66 144 178 265; 88 178 182 261; 65 145 178 260; 

2\7_7941.jpg
400 300
58 48 248 291; 72 60 247 300; 59 36 246 299; 

2\7_7951.jpg
400 300
89 84 282 190; 81 85 282 211; 105 90 282 148; 

2\7_7954.jpg
400 300
119 16 351 281; 119 16 348 283; 121 16 348 283; 

2\7_7967.jpg
400 300
56 35 282 171; 9 24 392 228; 8 39 393 228; 

2\7_7981.jpg
300 400
10 166 198 347; 10 165 195 351; 9 172 194 347; 

2\7_7985.jpg
400 300
182 16 396 268; 183 16 395 189; 184 18 397 270; 

2\7_7986.jpg
400 300
78 62 301 238; 80 59 307 238; 79 58 309 238; 

2\7_7995.jpg
300 400
31 82 226 371; 18 56 232 370; 23 52 228 371; 

2\8_8006.jpg
266 400
65 139 253 297; 68 139 251 296; 68 141 250 295; 

2\8_8016.jpg
400 300
91 7 350 256; 90 1 351 280; 89 6 350 278; 

2\8_8023.jpg
400 300
136 56 297 228; 105 46 328 223; 108 44 328 221; 

2\8_8029.jpg
400 300
42 48 294 276; 46 38 308 274; 112 42 306 263; 

2\8_8032.jpg
400 300
22 74 373 216; 23 65 372 194; 24 69 371 194; 

2\8_8039.jpg
400 300
42 5 238 185; 42 6 243 186; 43 5 215 185; 

2\8_8040.jpg
400 300
89 160 204 281; 89 161 201 278; 91 160 200 277; 

2\8_8078.jpg
300 400
66 94 234 366; 69 202 232 365; 69 202 233 364; 

2\8_8088.jpg
400 300
137 120 313 229; 135 123 312 225; 136 124 312 222; 

2\8_8103.jpg
300 400
106 159 256 359; 98 170 270 360; 104 172 237 316; 

2\8_8105.jpg
400 300
124 135 345 255; 112 139 343 270; 114 140 341 265; 

2\8_8106.jpg
300 400
70 152 296 378; 53 154 300 378; 58 156 300 379; 

2\8_8108.jpg
300 400
117 168 283 328; 119 171 282 328; 120 171 281 325; 

2\8_8109.jpg
400 300
191 11 391 246; 189 2 398 250; 188 6 398 250; 

2\8_8114.jpg
400 300
82 36 270 156; 50 32 328 238; 51 47 202 248; 

2\8_8116.jpg
400 300
122 41 248 159; 125 33 346 279; 126 35 308 222; 

2\8_8121.jpg
266 400
14 27 172 189; 5 16 192 199; 4 14 192 198; 

2\8_8122.jpg
400 300
88 24 274 229; 87 21 276 300; 88 22 273 229; 

2\8_8127.jpg
266 400
54 45 201 296; 50 42 212 306; 48 81 198 298; 

2\8_8151.jpg
400 300
25 27 279 280; 22 28 278 280; 24 28 277 282; 

2\8_8163.jpg
300 400
44 40 244 390; 44 39 242 391; 47 41 242 390; 

2\8_8190.jpg
400 266
181 18 330 242; 184 14 334 256; 184 17 332 248; 

2\8_8237.jpg
400 300
84 96 239 200; 85 98 241 203; 85 99 238 205; 

2\8_8238.jpg
400 300
237 40 338 251; 234 41 336 252; 237 41 335 251; 

2\8_8240.jpg
400 300
41 91 251 250; 6 89 249 268; 78 94 248 239; 

2\8_8241.jpg
400 300
61 32 340 288; 59 31 344 293; 61 34 343 292; 

2\8_8242.jpg
400 300
109 40 338 149; 1 12 338 300; 8 15 336 208; 

2\8_8248.jpg
400 300
131 52 276 292; 132 54 276 293; 135 54 276 291; 

2\8_8249.jpg
400 300
32 48 202 262; 43 51 192 265; 22 37 215 204; 

2\8_8254.jpg
400 300
78 46 389 196; 14 24 392 191; 57 66 388 214; 

2\8_8262.jpg
300 400
49 28 291 289; 115 110 282 289; 52 28 299 286; 

2\8_8266.jpg
400 300
124 71 379 290; 122 73 378 295; 124 73 380 294; 

2\8_8271.jpg
400 266
107 13 298 244; 110 3 318 266; 111 0 318 242; 

2\8_8280.jpg
400 266
131 19 256 247; 131 19 256 241; 134 20 256 241; 

2\8_8284.jpg
400 300
7 36 331 228; 2 105 318 228; 0 79 317 228; 

2\8_8303.jpg
400 300
100 81 316 186; 107 34 331 226; 108 35 328 224; 

2\8_8304.jpg
400 300
161 46 339 198; 162 46 330 196; 163 49 329 193; 

2\8_8305.jpg
400 300
26 66 373 236; 27 66 371 236; 29 67 371 234; 

2\8_8421.jpg
300 400
139 34 276 359; 169 21 247 293; 135 32 276 362; 

2\8_8424.jpg
300 400
54 103 245 306; 48 108 256 316; 50 79 252 315; 

2\8_8425.jpg
400 300
230 37 383 210; 231 34 382 214; 232 74 381 208; 

2\8_8446.jpg
400 300
71 48 342 254; 59 50 340 256; 74 49 341 218; 

2\8_8451.jpg
400 300
25 49 273 296; 24 49 275 300; 25 51 272 296; 

2\8_8454.jpg
400 300
104 39 289 268; 108 41 288 266; 109 41 287 266; 

2\8_8471.jpg
300 400
6 37 204 356; 0 35 202 355; 1 36 201 352; 

2\8_8487.jpg
400 300
96 34 322 283; 99 38 322 281; 99 39 320 281; 

2\8_8506.jpg
400 300
101 112 362 270; 102 115 398 244; 102 115 358 246; 

2\8_8511.jpg
300 400
45 38 278 207; 48 58 277 205; 48 38 278 208; 

2\8_8545.jpg
400 300
12 49 306 236; 13 48 306 175; 15 63 302 172; 

2\8_8581.jpg
300 400
22 45 142 174; 21 46 140 345; 22 48 138 164; 

2\8_8611.jpg
400 300
122 99 284 234; 121 108 284 236; 124 109 281 233; 

2\8_8623.jpg
400 300
38 8 226 222; 0 5 222 244; 74 30 271 246; 

2\8_8636.jpg
300 400
28 84 268 355; 80 82 241 358; 28 83 276 344; 

2\8_8637.jpg
400 266
64 26 198 168; 64 24 323 212; 67 26 322 212; 

2\8_8648.jpg
300 400
28 49 259 287; 26 48 258 278; 26 47 257 277; 

2\8_8654.jpg
400 300
43 52 201 187; 65 54 139 183; 66 56 136 181; 

2\8_8668.jpg
400 300
62 86 327 232; 67 113 329 231; 68 118 328 196; 

2\8_8694.jpg
400 300
22 144 164 244; 30 144 164 244; 1 128 243 275; 

2\8_8711.jpg
400 300
129 22 375 279; 127 28 372 283; 128 27 372 284; 

2\8_8742.jpg
300 400
77 29 260 324; 47 30 275 366; 76 29 258 329; 

2\8_8762.jpg
400 300
54 59 341 295; 58 58 394 300; 56 61 339 294; 

2\8_8814.jpg
400 300
15 78 344 228; 12 78 344 230; 12 79 342 234; 

2\8_8828.jpg
300 400
30 45 199 376; 30 43 202 399; 31 46 201 366; 

2\8_8859.jpg
400 300
61 15 216 211; 61 13 217 211; 61 12 216 208; 

2\8_8860.jpg
300 400
92 24 232 378; 93 21 238 378; 94 22 239 375; 

2\8_8871.jpg
400 300
116 68 270 201; 115 66 269 203; 117 67 269 199; 

2\8_8872.jpg
300 400
68 60 186 309; 68 61 181 254; 68 62 184 321; 

2\8_8881.jpg
300 400
66 105 231 320; 61 102 239 328; 59 102 239 329; 

2\8_8882.jpg
400 300
67 156 319 272; 76 149 367 268; 74 154 366 269; 

2\8_8885.jpg
400 300
26 24 250 202; 24 26 252 201; 24 26 250 200; 

2\8_8916.jpg
400 300
55 32 320 289; 32 28 352 291; 56 33 321 289; 

2\8_8919.jpg
300 400
76 52 211 171; 78 65 208 151; 91 67 204 148; 

2\8_8954.jpg
400 300
174 31 388 291; 175 4 399 299; 176 15 394 292; 

2\8_8976.jpg
400 300
90 23 299 283; 90 24 302 273; 91 25 299 271; 

2\8_8988.jpg
400 300
106 19 301 234; 2 8 333 300; 62 9 379 247; 

2\8_8989.jpg
400 266
147 44 230 246; 148 44 230 261; 148 44 228 262; 

