210

37\111_111005.jpg
400 299
30 122 382 229; 22 121 399 233; 0 121 400 299; 

37\111_111006.jpg
320 400
28 51 291 309; 37 119 276 272; 20 54 294 287; 

37\111_111011.jpg
400 300
41 63 346 228; 43 66 246 236; 11 64 389 238; 

37\111_111012.jpg
400 346
218 41 316 318; 218 39 356 314; 218 41 359 316; 

37\111_111014.jpg
320 400
54 75 218 352; 58 72 220 371; 58 74 220 373; 

37\111_111052.jpg
266 400
46 14 215 381; 41 13 217 383; 39 13 210 385; 

37\111_111060.jpg
400 269
34 11 239 263; 48 64 237 251; 39 6 237 249; 

37\111_111062.jpg
400 238
134 22 263 195; 132 13 260 194; 131 14 261 238; 

37\111_111063.jpg
400 265
131 12 333 261; 210 14 321 230; 210 13 320 230; 

37\111_111078.jpg
266 400
95 97 187 296; 97 99 185 282; 95 101 186 285; 

37\111_111106.jpg
299 399
54 23 178 372; 19 28 175 379; 21 27 175 381; 

37\111_111112.jpg
300 400
75 52 208 372; 82 43 209 316; 11 45 206 236; 

37\111_111113.jpg
400 400
6 118 360 382; 4 119 362 384; 2 119 363 389; 

37\111_111117.jpg
281 400
82 32 253 324; 48 32 267 366; 163 34 266 124; 

37\111_111120.jpg
399 266
112 81 274 194; 109 83 279 197; 112 84 279 196; 

37\111_111124.jpg
320 399
38 4 281 258; 39 8 277 252; 41 7 276 252; 

37\111_111140.jpg
400 286
106 70 210 242; 110 70 217 283; 111 67 214 245; 

37\111_111149.jpg
400 261
90 26 371 229; 109 22 366 251; 74 9 378 242; 

37\111_111177.jpg
373 400
98 9 339 380; 78 9 358 297; 193 8 302 146; 

37\111_111179.jpg
400 300
37 21 134 236; 27 30 121 226; 31 23 122 225; 

37\111_111207.jpg
300 400
4 48 286 234; 2 86 291 239; 3 87 291 239; 

37\111_111208.jpg
400 300
150 82 387 266; 123 78 388 270; 127 80 389 269; 

37\111_111213.jpg
400 300
230 37 371 164; 229 36 382 166; 229 37 370 165; 

37\111_111221.jpg
400 266
151 19 378 244; 202 18 381 99; 152 16 379 244; 

37\111_111223.jpg
400 300
35 89 267 270; 35 91 268 264; 38 92 267 264; 

37\111_111228.jpg
400 341
122 9 356 251; 114 54 219 254; 111 54 216 256; 

37\111_111246.jpg
400 300
102 38 315 216; 90 36 310 214; 89 36 311 215; 

37\111_111247.jpg
400 320
32 127 226 280; 35 131 226 283; 34 131 227 283; 

37\111_111249.jpg
400 286
101 67 365 246; 100 67 363 249; 101 69 375 260; 

37\111_111298.jpg
266 400
46 40 254 315; 47 42 256 307; 46 42 256 323; 

37\111_111308.jpg
302 400
51 104 295 394; 145 102 288 244; 146 102 283 246; 

37\111_111383.jpg
400 265
19 18 225 205; 24 17 228 204; 21 18 227 203; 

37\111_111388.jpg
273 400
24 35 191 292; 41 158 141 283; 12 21 229 281; 

37\111_111409.jpg
278 400
42 58 248 281; 51 59 246 232; 44 59 246 276; 

37\111_111413.jpg
400 300
109 14 366 294; 113 109 324 298; 113 6 322 293; 

37\111_111454.jpg
400 266
137 16 344 259; 179 130 319 260; 123 12 371 259; 

37\111_111461.jpg
400 375
219 86 307 293; 222 87 309 289; 222 88 308 288; 

37\111_111481.jpg
392 400
56 110 350 258; 25 110 375 341; 15 98 376 341; 

37\111_111493.jpg
400 400
19 9 241 384; 56 6 241 246; 19 6 239 384; 

37\111_111494.jpg
400 299
99 30 385 259; 101 49 334 259; 92 4 397 274; 

37\111_111511.jpg
266 400
26 124 255 381; 26 124 222 332; 26 124 220 348; 

37\111_111574.jpg
400 276
19 35 311 256; 22 48 308 254; 23 48 309 223; 

37\111_111579.jpg
300 400
71 115 191 281; 71 118 192 281; 71 117 202 280; 

37\111_111586.jpg
375 400
103 9 318 370; 146 11 359 388; 73 11 359 389; 

37\111_111589.jpg
261 400
109 19 255 351; 132 137 261 353; 111 38 261 353; 

37\111_111615.jpg
400 299
91 3 254 256; 94 2 254 257; 93 1 254 256; 

37\111_111626.jpg
400 300
133 78 259 244; 141 71 246 238; 141 40 244 300; 

37\111_111631.jpg
393 400
39 34 303 274; 54 93 281 265; 52 57 282 265; 

37\111_111636.jpg
400 299
108 61 304 257; 107 62 302 255; 104 64 303 255; 

37\111_111641.jpg
400 300
63 7 321 223; 64 4 327 218; 64 4 326 279; 

37\111_111651.jpg
400 266
22 6 261 249; 34 3 218 207; 34 4 219 206; 

37\111_111657.jpg
400 300
43 17 291 287; 37 14 287 300; 70 15 237 172; 

37\111_111687.jpg
400 400
110 144 269 399; 110 144 266 399; 111 142 266 390; 

37\111_111690.jpg
400 325
111 5 353 312; 109 67 345 301; 108 2 347 299; 

37\111_111692.jpg
400 266
18 49 236 258; 20 49 238 258; 19 48 238 256; 

37\111_111693.jpg
400 278
134 6 374 271; 142 1 381 224; 138 1 380 226; 

37\111_111694.jpg
400 266
18 49 237 257; 18 50 239 258; 19 48 238 258; 

37\111_111705.jpg
399 226
18 21 354 182; 97 43 218 161; 20 47 320 160; 

37\111_111726.jpg
400 400
28 26 298 312; 27 38 300 309; 28 32 299 306; 

37\111_111739.jpg
301 400
41 41 247 349; 51 44 244 349; 56 42 223 248; 

37\111_111745.jpg
339 399
20 68 289 370; 37 76 293 361; 40 73 295 360; 

37\111_111750.jpg
250 400
51 19 196 368; 49 24 188 362; 49 22 189 367; 

37\111_111764.jpg
266 400
65 25 198 351; 62 32 148 228; 66 26 168 333; 

37\111_111770.jpg
399 299
125 12 388 284; 126 9 357 262; 126 11 357 265; 

37\111_111772.jpg
400 266
16 37 343 214; 98 71 230 191; 25 46 374 215; 

37\111_111804.jpg
285 399
61 9 218 393; 63 11 224 318; 64 11 223 396; 

37\111_111807.jpg
400 291
90 82 331 287; 90 79 328 258; 91 78 399 291; 

37\111_111812.jpg
351 400
40 38 281 277; 109 162 207 224; 86 141 226 232; 

37\111_111817.jpg
400 267
11 58 388 194; 13 80 191 182; 11 79 396 188; 

37\111_111826.jpg
400 220
66 52 356 128; 67 44 364 171; 62 41 360 152; 

37\111_111851.jpg
400 266
184 80 296 261; 173 82 304 265; 172 82 304 265; 

37\111_111862.jpg
300 400
115 102 189 327; 121 104 189 325; 121 103 188 326; 

37\111_111869.jpg
400 291
13 158 296 286; 0 157 288 291; 2 156 288 291; 

37\111_111870.jpg
400 160
243 14 346 157; 246 15 346 160; 244 16 344 160; 

37\111_111873.jpg
266 400
54 28 181 392; 59 35 179 400; 59 35 179 400; 

37\111_111877.jpg
337 400
45 78 182 306; 46 82 182 312; 47 82 181 313; 

37\111_111888.jpg
400 333
123 8 334 331; 123 75 308 332; 121 1 339 332; 

37\111_111945.jpg
400 300
105 4 327 296; 106 66 330 255; 105 1 331 252; 

37\111_111946.jpg
325 400
44 22 196 285; 66 21 196 284; 44 22 194 283; 

37\111_111947.jpg
400 375
85 22 336 332; 86 21 336 228; 86 21 337 351; 

37\111_111949.jpg
266 400
68 202 196 319; 70 203 197 400; 71 203 196 317; 

37\111_111955.jpg
400 298
176 71 396 289; 177 74 393 284; 176 74 394 284; 

37\111_111956.jpg
400 266
216 37 351 237; 218 36 352 241; 218 35 352 238; 

37\111_111959.jpg
266 400
26 22 175 360; 24 84 131 359; 22 24 174 358; 

37\111_111962.jpg
400 303
133 42 340 266; 135 44 343 263; 134 46 344 264; 

37\111_111965.jpg
400 357
152 16 334 279; 155 17 332 281; 154 19 331 279; 

37\111_111968.jpg
399 319
23 8 269 311; 86 16 286 318; 88 19 285 320; 

37\111_111976.jpg
400 270
29 31 366 221; 88 110 369 221; 8 3 368 224; 

37\111_111980.jpg
400 266
84 23 227 234; 82 22 226 234; 83 22 225 235; 

37\111_111981.jpg
400 200
124 30 387 161; 124 30 391 162; 125 31 391 160; 

37\111_111984.jpg
315 400
148 137 304 286; 150 139 306 283; 151 140 304 283; 

37\111_111987.jpg
266 400
99 22 238 378; 98 25 238 374; 96 23 240 375; 

37\112_112004.jpg
317 399
54 60 211 376; 51 60 212 376; 52 60 211 379; 

37\112_112012.jpg
400 253
223 21 393 207; 222 19 383 204; 224 19 399 204; 

37\112_112024.jpg
266 400
172 46 265 333; 172 45 266 334; 173 46 266 335; 

37\112_112046.jpg
300 400
142 48 249 341; 135 48 254 346; 138 49 254 348; 

37\112_112098.jpg
400 266
85 111 353 221; 84 111 368 218; 84 111 366 216; 

37\112_112102.jpg
299 399
78 34 227 263; 79 37 226 264; 81 41 224 263; 

37\112_112121.jpg
266 400
67 120 258 386; 68 118 267 390; 67 119 266 388; 

37\112_112122.jpg
266 400
69 132 258 352; 70 132 266 354; 70 133 266 355; 

37\112_112123.jpg
266 400
11 143 228 396; 10 142 229 376; 9 142 228 400; 

37\112_112124.jpg
400 266
57 84 276 241; 53 82 272 242; 56 82 268 190; 

37\112_112125.jpg
400 300
115 29 315 233; 122 28 314 231; 121 29 314 235; 

37\112_112131.jpg
400 356
83 24 324 278; 82 25 324 269; 84 24 323 282; 

37\112_112135.jpg
300 400
63 31 250 377; 68 31 247 377; 67 29 247 377; 

37\112_112136.jpg
252 400
24 4 159 190; 25 5 149 159; 27 5 148 159; 

37\112_112138.jpg
400 336
6 38 189 318; 34 5 186 221; 0 6 186 336; 

37\112_112188.jpg
348 399
25 19 333 170; 11 31 333 148; 21 37 339 150; 

37\112_112190.jpg
266 400
70 64 210 232; 44 33 207 235; 45 35 206 236; 

37\112_112193.jpg
266 400
5 9 169 244; 9 18 183 260; 2 11 181 257; 

37\112_112198.jpg
400 304
8 110 307 298; 12 112 305 298; 11 111 304 303; 

37\112_112202.jpg
400 326
140 61 316 321; 141 60 316 326; 140 59 322 326; 

37\112_112209.jpg
266 400
86 21 234 392; 90 39 231 389; 88 18 229 400; 

37\112_112212.jpg
266 400
56 52 171 246; 53 59 170 234; 56 52 171 280; 

37\112_112213.jpg
266 400
91 34 251 396; 87 60 254 400; 91 26 254 400; 

37\112_112244.jpg
400 400
32 88 306 343; 32 84 305 341; 32 88 304 341; 

37\112_112248.jpg
400 300
129 98 380 181; 134 104 392 172; 134 104 394 179; 

37\112_112249.jpg
400 300
146 52 260 247; 146 54 264 272; 148 55 266 272; 

37\112_112252.jpg
400 320
70 66 323 242; 73 62 321 239; 72 64 320 242; 

37\112_112268.jpg
400 304
54 50 349 260; 65 46 336 246; 51 51 347 266; 

37\112_112283.jpg
266 400
29 21 151 370; 28 18 148 211; 26 18 147 368; 

37\112_112302.jpg
400 266
130 120 296 202; 127 119 298 212; 128 119 297 211; 

37\112_112381.jpg
400 320
125 24 376 310; 122 26 351 291; 124 26 399 320; 

37\112_112383.jpg
400 332
74 41 350 266; 78 21 251 267; 28 22 368 267; 

37\112_112389.jpg
400 274
189 28 356 246; 190 29 357 263; 190 29 356 241; 

37\112_112391.jpg
400 300
49 36 294 293; 47 29 299 288; 49 31 300 288; 

37\112_112397.jpg
400 343
95 116 317 292; 91 118 310 295; 92 118 325 302; 

37\112_112436.jpg
266 400
10 92 239 344; 100 92 212 343; 11 91 240 350; 

37\112_112449.jpg
400 354
203 32 370 205; 200 35 383 210; 201 36 381 209; 

37\112_112469.jpg
319 400
18 103 235 331; 14 29 264 338; 14 29 263 335; 

37\112_112493.jpg
399 389
204 60 386 387; 201 65 391 389; 203 62 390 389; 

37\112_112494.jpg
296 400
81 8 191 395; 79 8 189 216; 80 8 191 391; 

37\112_112495.jpg
300 400
55 14 227 393; 57 14 227 235; 57 14 227 392; 

37\112_112500.jpg
306 400
91 73 281 385; 84 73 270 322; 84 66 286 321; 

37\112_112511.jpg
400 273
31 52 337 228; 152 51 333 226; 176 51 325 211; 

37\112_112515.jpg
400 273
102 56 328 228; 151 52 331 221; 176 51 326 214; 

37\112_112517.jpg
284 399
122 1 276 288; 129 2 277 287; 129 3 276 399; 

37\112_112535.jpg
400 320
102 76 262 222; 91 75 339 252; 89 75 341 252; 

37\112_112591.jpg
399 259
120 59 394 256; 124 83 399 259; 123 62 400 259; 

37\112_112598.jpg
400 266
126 8 331 209; 135 13 324 203; 128 6 331 211; 

37\112_112618.jpg
400 378
162 176 290 374; 160 178 322 378; 161 177 321 378; 

37\112_112621.jpg
400 160
65 34 332 109; 68 35 329 111; 68 35 328 111; 

37\112_112688.jpg
255 400
52 92 245 392; 56 91 251 392; 53 62 251 390; 

37\112_112691.jpg
400 304
32 22 225 264; 33 23 225 266; 33 24 224 264; 

37\112_112710.jpg
400 273
39 57 329 225; 148 52 330 225; 171 51 326 217; 

37\112_112751.jpg
400 300
191 93 299 224; 195 93 295 225; 195 93 297 225; 

37\112_112772.jpg
400 266
129 63 287 255; 127 61 289 259; 135 66 283 258; 

37\112_112820.jpg
400 300
129 24 366 299; 124 20 366 300; 142 22 364 225; 

37\112_112855.jpg
400 358
62 74 320 288; 65 76 317 280; 65 72 316 279; 

37\112_112857.jpg
266 399
56 118 204 388; 63 106 205 400; 64 108 204 398; 

37\112_112860.jpg
400 300
38 83 350 286; 142 81 350 286; 38 81 351 286; 

37\112_112861.jpg
400 300
50 59 338 278; 44 58 341 284; 43 58 339 282; 

37\112_112884.jpg
400 273
48 56 333 228; 158 52 331 221; 172 56 324 212; 

37\112_112887.jpg
399 210
43 28 368 180; 43 56 253 180; 42 30 364 180; 

37\112_112913.jpg
400 373
19 24 300 232; 26 34 294 229; 28 34 293 229; 

37\112_112939.jpg
400 268
10 16 216 260; 44 65 202 260; 8 16 242 268; 

37\112_112981.jpg
400 313
96 29 284 292; 102 32 282 286; 101 32 282 287; 

37\113_113079.jpg
400 300
16 54 356 236; 197 52 358 205; 197 53 358 205; 

37\113_113094.jpg
399 342
23 13 169 162; 43 42 164 131; 24 16 167 157; 

37\113_113101.jpg
400 400
70 190 226 346; 73 190 223 336; 77 190 221 334; 

37\113_113125.jpg
376 400
48 28 328 344; 48 27 330 341; 48 28 328 340; 

37\113_113175.jpg
400 280
46 5 212 277; 60 29 212 271; 59 1 212 269; 

37\113_113178.jpg
400 267
35 53 359 188; 45 52 360 166; 48 54 360 167; 

37\113_113205.jpg
266 400
56 22 244 263; 74 35 236 288; 54 36 236 219; 

37\113_113215.jpg
317 400
134 6 281 389; 122 7 291 198; 138 8 290 387; 

37\113_113361.jpg
286 400
51 44 218 346; 52 43 214 341; 52 45 212 340; 

37\113_113371.jpg
228 400
63 111 178 276; 62 112 177 274; 63 113 176 272; 

37\113_113372.jpg
326 400
61 82 282 391; 59 82 286 252; 60 83 285 400; 

37\113_113375.jpg
400 247
129 28 367 234; 129 28 372 202; 131 29 372 202; 

37\113_113388.jpg
399 268
62 56 358 263; 66 65 362 265; 62 65 362 266; 

37\113_113414.jpg
228 400
62 113 176 273; 62 112 178 272; 62 113 177 272; 

37\113_113418.jpg
266 399
94 48 252 301; 95 48 250 301; 91 49 267 322; 

37\113_113455.jpg
400 300
71 86 257 227; 74 79 254 227; 74 81 253 228; 

37\113_113476.jpg
400 200
146 1 389 179; 147 122 389 178; 147 1 389 178; 

37\113_113484.jpg
400 283
10 82 344 201; 11 82 341 199; 12 82 398 199; 

37\113_113486.jpg
400 283
75 64 312 206; 76 64 311 201; 77 65 312 201; 

37\113_113487.jpg
400 283
41 46 365 226; 39 48 366 226; 40 48 366 225; 

37\113_113488.jpg
400 283
65 32 343 274; 66 30 344 278; 65 29 344 276; 

37\113_113491.jpg
400 266
12 64 388 172; 10 61 388 172; 11 61 388 172; 

37\113_113493.jpg
400 283
100 74 282 188; 36 69 346 184; 37 72 347 184; 

37\113_113506.jpg
400 266
213 68 326 211; 211 69 328 209; 213 70 326 266; 

37\113_113525.jpg
400 303
74 33 334 271; 114 94 291 220; 78 36 339 278; 

37\113_113538.jpg
400 340
104 63 317 253; 89 71 306 260; 107 98 297 253; 

37\113_113560.jpg
400 346
68 31 321 336; 131 104 277 208; 164 124 286 338; 

37\113_113628.jpg
291 400
48 78 244 354; 45 138 241 275; 47 136 242 360; 

37\113_113665.jpg
300 400
78 41 222 349; 78 42 219 184; 79 43 219 354; 

37\113_113721.jpg
400 266
87 3 298 224; 94 16 269 212; 89 1 322 221; 

37\113_113738.jpg
400 266
90 58 292 207; 90 57 296 206; 91 58 294 207; 

37\113_113739.jpg
400 266
86 66 330 203; 86 65 328 204; 87 66 398 204; 

37\113_113740.jpg
400 276
58 112 323 195; 58 113 323 196; 58 113 324 195; 

37\113_113742.jpg
400 266
95 89 327 186; 94 86 326 188; 95 87 398 187; 

37\113_113783.jpg
301 399
20 121 235 352; 88 121 214 281; 11 121 244 357; 

37\113_113788.jpg
400 300
99 7 358 238; 117 20 302 154; 112 1 302 153; 

37\113_113791.jpg
400 300
108 14 321 291; 110 14 322 224; 111 14 321 224; 

37\113_113793.jpg
400 300
16 5 254 278; 48 3 238 228; 46 4 240 214; 

37\113_113832.jpg
315 400
42 186 126 393; 45 190 123 391; 44 188 122 390; 

37\113_113841.jpg
400 266
152 51 337 232; 170 87 284 195; 149 69 324 234; 

37\113_113855.jpg
400 266
137 41 307 238; 138 39 306 237; 138 40 305 237; 

37\113_113858.jpg
400 266
134 14 314 207; 135 16 314 209; 136 16 314 209; 

37\113_113861.jpg
400 273
110 26 371 220; 136 23 308 221; 103 23 306 220; 

37\113_113865.jpg
300 400
39 211 178 384; 38 209 177 388; 39 212 176 386; 

37\113_113879.jpg
400 320
83 9 263 249; 89 6 264 249; 86 5 265 250; 

37\113_113905.jpg
319 399
38 103 290 298; 33 102 286 314; 35 102 290 315; 

37\113_113906.jpg
320 400
84 40 290 376; 84 41 217 272; 86 42 217 272; 

37\113_113913.jpg
400 266
114 42 312 199; 97 39 335 201; 98 3 335 247; 

37\113_113916.jpg
400 266
153 92 377 241; 12 49 318 219; 150 88 375 239; 

37\113_113919.jpg
332 400
67 39 318 319; 70 83 327 302; 63 36 326 309; 

37\113_113938.jpg
399 266
147 39 339 264; 163 36 344 183; 149 36 346 267; 

37\113_113943.jpg
266 400
30 64 232 375; 69 56 234 262; 91 58 231 169; 

37\113_113953.jpg
399 300
140 3 389 261; 152 4 399 272; 146 2 399 267; 

