246

38\114_114022.jpg
399 300
53 67 338 219; 61 37 333 214; 67 57 333 215; 

38\114_114029.jpg
400 300
59 96 296 214; 58 95 295 215; 58 96 294 214; 

38\114_114033.jpg
399 300
135 11 387 287; 129 19 399 287; 134 3 399 286; 

38\114_114035.jpg
400 304
92 46 394 261; 87 48 287 171; 87 48 395 285; 

38\114_114047.jpg
310 400
64 103 244 322; 56 99 255 319; 55 99 255 322; 

38\114_114048.jpg
400 266
201 5 364 177; 211 10 329 172; 194 1 399 179; 

38\114_114100.jpg
400 266
68 83 311 200; 67 81 316 201; 67 82 316 200; 

38\114_114110.jpg
400 266
49 78 382 195; 50 79 378 198; 51 79 379 196; 

38\114_114130.jpg
400 274
41 16 171 151; 44 16 172 149; 44 17 173 149; 

38\114_114135.jpg
400 266
169 72 292 168; 173 80 292 147; 175 79 291 152; 

38\114_114136.jpg
400 266
40 50 359 241; 100 28 331 121; 32 28 359 226; 

38\114_114141.jpg
320 400
52 16 254 303; 92 127 226 243; 44 1 256 241; 

38\114_114204.jpg
400 284
139 75 341 266; 145 75 314 271; 146 74 315 268; 

38\114_114210.jpg
400 241
67 84 344 238; 73 79 367 241; 73 79 365 241; 

38\114_114212.jpg
399 282
68 35 375 241; 95 36 250 171; 96 36 264 177; 

38\114_114243.jpg
320 400
7 32 170 366; 31 122 142 309; 31 46 172 361; 

38\114_114292.jpg
400 353
52 18 198 349; 24 44 171 352; 29 48 169 352; 

38\114_114293.jpg
400 331
112 6 339 200; 114 14 336 199; 114 14 337 304; 

38\114_114305.jpg
400 299
23 44 374 234; 22 38 370 216; 22 38 399 236; 

38\114_114328.jpg
400 310
96 34 294 265; 107 102 282 263; 47 51 284 263; 

38\114_114332.jpg
400 266
101 41 354 259; 108 42 326 262; 109 41 354 266; 

38\114_114338.jpg
399 303
26 25 337 234; 37 26 207 166; 37 27 206 168; 

38\114_114352.jpg
228 400
64 113 178 273; 64 112 178 273; 64 114 177 272; 

38\114_114376.jpg
400 298
64 34 326 249; 63 32 326 251; 63 32 326 251; 

38\114_114377.jpg
400 330
78 20 323 295; 79 19 322 296; 80 19 323 296; 

38\114_114379.jpg
218 400
46 13 189 328; 42 195 191 292; 44 11 191 292; 

38\114_114380.jpg
178 400
39 26 136 329; 41 25 138 306; 40 25 137 305; 

38\114_114382.jpg
218 400
71 9 169 314; 71 10 168 304; 72 10 168 304; 

38\114_114388.jpg
400 266
148 54 288 261; 178 57 255 211; 114 19 317 211; 

38\114_114394.jpg
400 262
99 18 332 236; 159 46 283 231; 159 46 285 230; 

38\114_114436.jpg
320 400
33 121 217 310; 34 123 217 306; 35 122 216 307; 

38\114_114522.jpg
400 278
36 65 276 195; 82 62 271 197; 37 70 345 196; 

38\114_114537.jpg
400 236
14 67 158 206; 18 69 142 204; 19 69 141 204; 

38\114_114589.jpg
400 285
114 110 334 280; 163 120 322 273; 114 108 363 285; 

38\114_114594.jpg
400 263
6 12 251 202; 26 11 229 200; 26 11 248 199; 

38\114_114598.jpg
400 266
88 41 361 228; 89 41 361 225; 91 42 369 224; 

38\114_114670.jpg
400 338
100 7 310 332; 99 5 311 296; 99 6 311 338; 

38\114_114679.jpg
266 400
62 83 178 312; 66 84 176 316; 63 82 175 315; 

38\114_114708.jpg
308 400
93 27 238 372; 91 42 234 317; 91 41 238 379; 

38\114_114749.jpg
300 400
77 179 270 354; 76 186 271 353; 78 187 272 355; 

38\114_114781.jpg
400 266
185 116 363 220; 186 116 361 219; 186 118 361 219; 

38\114_114789.jpg
400 266
61 40 319 194; 146 65 322 206; 53 46 326 206; 

38\114_114842.jpg
400 269
158 16 341 262; 158 13 344 268; 157 22 344 269; 

38\114_114850.jpg
399 399
64 50 311 350; 69 52 311 353; 69 53 311 356; 

38\114_114855.jpg
275 399
43 165 205 371; 47 163 213 370; 47 165 213 372; 

38\114_114859.jpg
300 400
7 138 251 391; 51 177 253 399; 1 137 254 400; 

38\114_114891.jpg
270 400
69 101 217 301; 67 105 208 303; 63 109 203 303; 

38\114_114903.jpg
266 400
48 22 206 396; 59 22 200 164; 48 23 206 400; 

38\114_114930.jpg
400 266
160 31 370 222; 145 20 378 224; 151 34 381 223; 

38\114_114940.jpg
400 320
87 8 317 317; 90 2 322 290; 92 4 321 289; 

38\114_114941.jpg
400 266
106 10 283 264; 101 5 294 245; 102 6 292 244; 

38\114_114942.jpg
400 266
73 30 304 262; 70 27 305 266; 108 27 199 140; 

38\114_114959.jpg
353 400
76 11 324 316; 73 109 321 310; 72 4 337 311; 

38\114_114960.jpg
400 266
146 100 265 231; 147 99 264 233; 148 101 262 234; 

38\114_114969.jpg
399 399
124 133 384 384; 126 134 345 224; 126 136 346 233; 

38\114_114988.jpg
400 384
60 25 336 327; 55 29 331 288; 58 28 365 384; 

38\114_114993.jpg
400 266
31 81 168 199; 33 82 168 199; 33 82 168 204; 

38\114_114995.jpg
400 266
31 99 348 253; 130 99 319 214; 130 100 320 216; 

38\115_115002.jpg
400 266
60 121 334 260; 59 124 251 265; 59 113 282 266; 

38\115_115007.jpg
400 300
9 46 297 141; 82 81 159 123; 0 48 304 131; 

38\115_115009.jpg
400 266
139 19 380 258; 141 38 365 259; 141 18 380 258; 

38\115_115010.jpg
400 266
82 101 232 262; 1 112 231 266; 2 113 230 266; 

38\115_115012.jpg
400 266
12 74 212 261; 1 72 216 266; 107 72 214 191; 

38\115_115015.jpg
400 266
163 78 338 232; 159 73 338 236; 160 75 338 235; 

38\115_115016.jpg
400 266
84 28 246 253; 85 20 242 224; 84 22 242 223; 

38\115_115023.jpg
400 365
54 48 313 303; 106 90 291 270; 105 92 285 271; 

38\115_115034.jpg
400 300
39 46 271 212; 39 54 270 207; 38 11 272 207; 

38\115_115035.jpg
400 266
181 15 370 248; 209 57 356 246; 178 17 370 245; 

38\115_115039.jpg
400 283
10 86 382 189; 11 88 382 189; 12 88 382 188; 

38\115_115077.jpg
400 366
36 80 196 355; 39 79 198 352; 36 79 198 351; 

38\115_115087.jpg
400 300
32 71 294 262; 36 68 305 261; 34 68 249 262; 

38\115_115094.jpg
300 400
56 51 251 341; 61 53 243 338; 54 52 264 337; 

38\115_115103.jpg
393 400
27 110 359 391; 26 106 360 399; 27 106 361 350; 

38\115_115125.jpg
400 261
236 104 361 221; 234 101 359 224; 236 101 361 222; 

38\115_115131.jpg
400 266
28 72 382 248; 116 79 386 246; 28 76 386 256; 

38\115_115134.jpg
400 266
104 64 309 196; 116 69 302 184; 115 70 301 184; 

38\115_115137.jpg
400 316
20 19 234 288; 52 16 215 221; 52 16 241 240; 

38\115_115142.jpg
320 400
38 79 283 210; 98 154 231 213; 38 80 234 207; 

38\115_115151.jpg
400 287
157 6 384 201; 158 7 384 198; 156 7 383 198; 

38\115_115161.jpg
400 285
20 41 306 274; 101 66 228 259; 16 42 308 274; 

38\115_115174.jpg
338 399
9 21 206 271; 83 189 297 370; 12 24 207 272; 

38\115_115185.jpg
345 400
129 35 320 316; 129 34 329 276; 130 37 298 155; 

38\115_115189.jpg
327 400
26 23 247 324; 25 47 194 316; 24 46 191 178; 

38\115_115199.jpg
400 300
106 59 302 234; 105 62 302 194; 106 63 301 192; 

38\115_115200.jpg
400 254
192 40 347 238; 196 33 347 240; 196 33 347 239; 

38\115_115205.jpg
266 400
36 51 191 303; 33 55 166 169; 33 3 203 321; 

38\115_115318.jpg
286 400
14 127 259 396; 44 125 261 379; 44 126 261 375; 

38\115_115336.jpg
400 296
105 69 372 280; 107 68 371 262; 106 69 370 278; 

38\115_115355.jpg
400 285
11 46 227 264; 10 45 233 268; 11 19 254 269; 

38\115_115358.jpg
400 271
37 83 353 209; 39 83 354 209; 38 83 354 211; 

38\115_115373.jpg
400 266
59 8 292 217; 112 8 293 208; 113 8 294 241; 

38\115_115374.jpg
400 370
58 76 336 334; 152 85 271 265; 58 75 336 313; 

38\115_115389.jpg
301 400
41 43 258 266; 24 53 281 273; 21 29 281 273; 

38\115_115396.jpg
400 300
133 74 302 213; 131 76 302 212; 132 75 301 212; 

38\115_115398.jpg
400 300
134 99 284 196; 132 99 282 189; 132 100 281 190; 

38\115_115400.jpg
400 300
40 66 368 258; 78 49 292 191; 22 49 386 276; 

38\115_115401.jpg
400 300
136 40 368 295; 169 18 289 162; 175 24 276 164; 

38\115_115405.jpg
400 300
181 65 392 295; 263 77 354 182; 252 58 362 186; 

38\115_115412.jpg
400 300
37 56 328 297; 99 64 202 192; 86 46 214 199; 

38\115_115418.jpg
400 300
122 75 273 225; 118 77 278 223; 116 76 311 225; 

38\115_115430.jpg
400 250
35 73 384 228; 34 76 216 232; 34 74 386 232; 

38\115_115445.jpg
325 399
78 79 236 386; 78 95 235 309; 78 44 236 386; 

38\115_115449.jpg
400 285
13 156 131 278; 14 158 130 276; 16 158 130 268; 

38\115_115450.jpg
266 400
18 45 155 394; 18 42 155 318; 18 44 151 324; 

38\115_115473.jpg
400 265
46 9 299 257; 51 60 249 218; 51 2 247 218; 

38\115_115476.jpg
400 327
160 68 330 325; 159 67 319 301; 161 69 331 327; 

38\115_115478.jpg
400 300
9 106 368 286; 157 123 379 300; 2 124 379 300; 

38\115_115479.jpg
400 282
32 42 234 249; 14 45 233 263; 14 17 254 264; 

38\115_115491.jpg
300 400
18 114 278 382; 91 125 171 222; 67 114 201 234; 

38\115_115534.jpg
400 266
41 14 219 241; 41 16 219 241; 41 17 220 241; 

38\115_115537.jpg
400 333
9 91 226 310; 2 90 224 312; 2 89 223 310; 

38\115_115547.jpg
400 266
73 29 203 192; 72 27 204 191; 74 27 202 191; 

38\115_115548.jpg
266 400
36 47 230 291; 37 47 231 292; 37 47 230 291; 

38\115_115550.jpg
400 266
41 24 226 244; 38 25 229 245; 41 25 228 244; 

38\115_115551.jpg
266 400
28 48 245 324; 27 48 246 325; 29 48 244 324; 

38\115_115554.jpg
400 266
265 55 372 196; 264 54 371 200; 265 56 372 199; 

38\115_115555.jpg
400 266
36 3 206 220; 38 1 207 221; 38 1 206 219; 

38\115_115560.jpg
400 301
86 38 286 261; 86 52 291 204; 87 39 291 301; 

38\115_115567.jpg
400 358
210 37 378 353; 216 79 347 261; 207 42 348 260; 

38\115_115573.jpg
400 296
118 43 353 219; 118 42 355 218; 118 43 352 218; 

38\115_115603.jpg
400 300
16 16 270 269; 68 5 236 232; 71 5 242 236; 

38\115_115606.jpg
400 246
56 7 354 198; 53 25 371 201; 35 27 369 204; 

38\115_115619.jpg
400 266
68 63 315 241; 62 57 322 242; 62 56 320 244; 

38\115_115626.jpg
343 400
35 88 304 354; 38 120 243 358; 38 82 328 359; 

38\115_115650.jpg
400 266
30 78 238 252; 29 98 251 250; 47 84 385 253; 

38\115_115657.jpg
400 266
59 52 328 242; 61 56 327 244; 62 57 328 245; 

38\115_115669.jpg
399 271
94 26 323 226; 142 102 323 219; 108 30 323 230; 

38\115_115670.jpg
400 300
45 53 348 274; 136 70 254 250; 47 55 347 274; 

38\115_115685.jpg
300 400
28 139 279 369; 74 155 252 319; 76 141 252 318; 

38\115_115711.jpg
400 368
93 16 300 356; 86 16 299 368; 87 18 299 368; 

38\115_115723.jpg
400 299
70 9 326 257; 69 11 331 259; 68 8 331 265; 

38\115_115735.jpg
400 337
60 121 362 294; 101 124 326 308; 56 124 371 312; 

38\115_115740.jpg
290 400
94 83 235 336; 105 81 234 334; 90 81 232 335; 

38\115_115743.jpg
400 276
22 29 258 222; 21 30 264 219; 21 31 264 225; 

38\115_115757.jpg
400 331
24 126 371 271; 25 129 310 239; 28 129 377 279; 

38\115_115758.jpg
400 300
192 39 363 191; 189 39 362 178; 189 40 361 194; 

38\115_115765.jpg
400 300
22 89 397 263; 152 120 308 223; 1 84 399 268; 

38\115_115766.jpg
400 266
114 32 279 236; 111 31 287 243; 113 32 260 242; 

38\115_115793.jpg
400 305
181 24 375 212; 182 24 371 210; 181 25 370 198; 

38\115_115809.jpg
400 240
45 36 319 188; 47 36 319 191; 46 37 318 199; 

38\115_115811.jpg
400 400
92 84 302 297; 91 84 300 299; 91 86 301 298; 

38\115_115853.jpg
266 400
6 13 212 309; 2 46 212 222; 1 2 212 220; 

38\115_115881.jpg
400 320
122 30 373 292; 131 28 371 283; 89 0 400 299; 

38\115_115885.jpg
400 308
79 71 253 308; 81 73 254 257; 74 6 252 254; 

38\115_115886.jpg
400 301
43 33 319 284; 102 26 361 205; 95 28 360 209; 

38\115_115898.jpg
267 400
18 99 225 376; 16 75 195 381; 18 73 198 382; 

38\115_115909.jpg
399 301
215 23 377 262; 224 23 382 256; 224 25 379 262; 

38\115_115911.jpg
266 400
21 86 220 393; 66 89 177 400; 67 2 201 235; 

38\115_115912.jpg
400 283
62 130 218 247; 64 128 218 246; 62 129 218 246; 

38\115_115926.jpg
400 266
134 53 256 183; 132 54 255 181; 133 54 255 181; 

38\115_115927.jpg
286 400
59 141 242 352; 59 142 241 352; 58 141 242 352; 

38\115_115928.jpg
400 312
29 111 162 306; 19 106 249 312; 42 108 142 218; 

38\115_115958.jpg
400 266
221 126 384 234; 214 126 388 233; 215 126 388 235; 

38\115_115965.jpg
400 271
2 3 284 177; 4 2 285 171; 2 3 285 171; 

38\115_115974.jpg
400 266
35 16 222 258; 68 74 206 254; 42 14 223 254; 

38\115_115979.jpg
312 400
41 76 238 391; 75 89 219 356; 79 34 197 173; 

38\115_115980.jpg
400 275
6 6 228 268; 124 18 216 118; 116 0 249 118; 

38\115_115982.jpg
400 398
24 28 280 378; 127 31 219 216; 95 14 227 210; 

38\116_116000.jpg
400 385
124 113 281 275; 119 113 277 278; 116 115 278 276; 

38\116_116015.jpg
400 300
217 27 369 178; 211 27 368 185; 211 27 368 184; 

38\116_116018.jpg
400 293
212 32 358 179; 211 32 358 181; 210 33 356 180; 

38\116_116036.jpg
400 315
194 105 312 291; 215 102 312 279; 197 98 338 299; 

38\116_116037.jpg
400 240
158 74 381 233; 159 69 352 231; 159 69 390 239; 

38\116_116068.jpg
400 400
76 46 342 310; 142 75 280 269; 68 40 389 341; 

38\116_116075.jpg
400 265
81 42 288 234; 86 41 302 245; 83 42 301 244; 

38\116_116091.jpg
400 300
21 76 255 269; 32 76 252 271; 21 76 252 271; 

38\116_116136.jpg
400 283
126 41 364 251; 160 82 281 208; 114 31 314 257; 

38\116_116148.jpg
266 400
10 68 262 312; 19 86 145 283; 14 86 158 312; 

38\116_116150.jpg
400 254
69 20 297 213; 75 19 298 183; 76 21 298 183; 

38\116_116175.jpg
400 325
109 123 341 228; 114 129 342 229; 112 24 344 230; 

38\116_116180.jpg
400 271
38 14 232 266; 41 13 234 200; 41 14 233 199; 

38\116_116181.jpg
400 266
82 62 246 192; 82 62 242 191; 83 63 245 191; 

38\116_116184.jpg
351 400
79 26 308 392; 76 36 338 250; 76 37 338 254; 

38\116_116212.jpg
400 266
52 20 319 198; 54 119 321 199; 54 2 321 201; 

38\116_116216.jpg
400 300
41 49 332 152; 26 51 376 146; 5 49 376 145; 

38\116_116217.jpg
376 400
111 82 274 397; 122 86 263 399; 121 87 266 400; 

38\116_116223.jpg
400 300
82 72 263 296; 83 77 251 300; 83 79 254 300; 

38\116_116227.jpg
400 300
78 18 257 284; 80 15 253 262; 79 18 315 300; 

38\116_116229.jpg
400 300
56 9 284 296; 97 54 264 210; 57 2 281 211; 

38\116_116231.jpg
300 400
69 67 205 397; 77 66 201 399; 77 67 200 398; 

38\116_116233.jpg
400 300
134 34 331 294; 132 34 321 231; 133 33 329 299; 

38\116_116237.jpg
400 300
141 133 351 266; 141 131 352 267; 141 131 352 266; 

38\116_116277.jpg
350 400
17 46 216 329; 92 46 216 333; 18 46 216 338; 

38\116_116279.jpg
300 400
36 84 281 346; 36 83 161 344; 36 86 291 347; 

38\116_116351.jpg
400 300
57 41 328 239; 58 40 327 243; 59 39 326 244; 

38\116_116355.jpg
400 301
106 144 340 229; 107 140 341 234; 107 141 340 231; 

38\116_116365.jpg
299 224
37 18 223 217; 38 16 230 219; 39 19 228 217; 

38\116_116408.jpg
293 400
93 13 253 321; 93 36 220 231; 94 11 244 316; 

38\116_116417.jpg
400 378
34 129 384 371; 138 126 388 346; 36 126 389 378; 

38\116_116425.jpg
400 264
161 49 342 234; 164 52 357 188; 164 51 356 188; 

38\116_116448.jpg
400 320
101 71 325 285; 101 86 330 285; 102 85 330 286; 

38\116_116452.jpg
400 278
166 48 369 236; 167 122 343 238; 167 123 342 239; 

38\116_116495.jpg
400 300
16 52 322 249; 235 54 341 241; 0 54 341 248; 

38\116_116499.jpg
300 400
68 9 164 212; 71 9 163 212; 70 11 164 211; 

38\116_116503.jpg
400 246
6 22 312 173; 89 24 315 168; 4 24 315 168; 

38\116_116517.jpg
400 263
97 49 315 244; 96 46 314 242; 97 46 316 259; 

38\116_116520.jpg
309 400
102 91 277 389; 94 102 184 385; 96 81 275 388; 

38\116_116536.jpg
328 400
19 81 286 372; 29 82 292 242; 18 82 292 363; 

38\116_116539.jpg
400 271
105 99 368 252; 161 97 368 234; 161 97 368 235; 

38\116_116562.jpg
400 300
102 31 316 252; 105 33 313 242; 109 32 312 240; 

38\116_116571.jpg
400 275
141 68 379 255; 140 68 380 255; 140 68 380 254; 

38\116_116591.jpg
400 278
77 85 331 268; 76 104 331 268; 76 84 331 278; 

38\116_116611.jpg
400 300
169 12 391 289; 171 10 390 170; 169 10 391 300; 

38\116_116612.jpg
400 233
8 9 128 226; 7 9 130 232; 8 10 129 232; 

38\116_116627.jpg
399 299
57 58 346 258; 61 63 368 263; 58 54 384 263; 

38\116_116628.jpg
341 400
107 76 296 309; 98 179 289 302; 95 76 303 326; 

38\116_116634.jpg
300 400
61 91 261 306; 59 92 258 304; 59 94 258 312; 

38\116_116649.jpg
400 320
73 10 315 313; 114 90 271 216; 95 6 288 291; 

38\116_116651.jpg
320 400
164 134 309 396; 150 137 311 400; 148 138 311 399; 

38\116_116660.jpg
399 317
82 14 267 305; 90 15 256 289; 85 1 309 309; 

38\116_116668.jpg
400 285
46 12 261 277; 167 12 261 247; 44 14 261 275; 

38\116_116684.jpg
400 266
95 31 301 266; 95 32 231 267; 99 33 229 266; 

38\116_116696.jpg
243 400
88 17 218 382; 82 14 209 219; 81 16 210 398; 

38\116_116699.jpg
400 324
122 39 371 230; 128 39 214 205; 125 40 399 227; 

38\116_116703.jpg
400 320
37 132 356 288; 62 137 368 283; 67 138 351 283; 

38\116_116725.jpg
399 360
49 38 228 245; 78 114 222 258; 47 27 226 259; 

38\116_116744.jpg
400 293
37 45 345 231; 37 43 354 229; 37 42 356 230; 

38\116_116747.jpg
400 400
108 214 288 363; 112 213 289 368; 113 213 290 371; 

38\116_116758.jpg
400 304
64 62 344 192; 99 121 304 190; 52 41 345 205; 

38\116_116779.jpg
400 307
108 34 306 275; 141 37 229 224; 111 39 319 224; 

38\116_116791.jpg
400 266
33 49 317 201; 36 92 215 210; 33 92 214 211; 

38\116_116793.jpg
400 336
31 30 292 302; 30 29 301 312; 30 32 302 315; 

38\116_116795.jpg
320 400
39 97 241 278; 38 101 234 272; 37 100 294 276; 

38\116_116799.jpg
266 400
39 36 221 386; 34 36 216 289; 37 38 262 289; 

38\116_116800.jpg
400 300
21 128 374 296; 91 131 366 291; 18 130 376 290; 

38\116_116805.jpg
396 400
92 122 246 356; 138 124 301 379; 91 12 301 379; 

38\116_116837.jpg
400 266
37 25 274 255; 37 23 160 266; 38 26 278 266; 

38\116_116842.jpg
378 400
18 39 329 302; 117 92 302 267; 14 38 344 304; 

38\116_116843.jpg
399 300
117 63 301 245; 118 59 301 252; 116 59 298 250; 

38\116_116846.jpg
400 312
48 20 276 309; 57 50 252 308; 44 13 252 311; 

38\116_116855.jpg
379 400
48 95 296 293; 126 171 277 298; 49 94 296 299; 

38\116_116856.jpg
400 394
92 107 297 327; 174 114 282 376; 36 58 378 373; 

38\116_116875.jpg
300 400
58 32 249 393; 58 34 241 304; 59 34 242 304; 

38\116_116878.jpg
400 266
59 18 334 241; 114 65 293 186; 114 30 294 186; 

38\116_116884.jpg
399 299
136 62 290 237; 132 60 292 222; 136 63 290 207; 

38\116_116890.jpg
400 308
34 60 209 283; 52 52 203 228; 65 54 200 208; 

38\116_116914.jpg
365 400
49 42 303 342; 135 108 291 304; 54 28 306 347; 

38\116_116915.jpg
400 326
61 11 334 284; 59 12 273 234; 59 14 343 284; 

38\116_116927.jpg
400 400
112 58 366 356; 114 56 366 236; 113 58 328 238; 

38\116_116934.jpg
400 355
26 84 268 348; 57 141 229 347; 26 85 266 342; 

38\116_116935.jpg
319 399
48 26 258 343; 83 155 220 327; 55 108 256 319; 

38\116_116959.jpg
300 400
114 116 236 295; 115 116 230 283; 114 117 229 285; 

38\116_116975.jpg
400 400
66 26 318 376; 66 114 312 327; 66 26 319 400; 

38\116_116977.jpg
400 266
122 16 336 247; 124 12 339 249; 124 16 336 248; 

38\116_116979.jpg
400 266
73 82 286 170; 79 89 288 172; 77 89 288 171; 

38\116_116980.jpg
399 339
160 7 372 270; 161 8 396 268; 162 6 396 271; 

