314

53\159_159002.jpg
400 265
170 2 304 186; 175 1 306 179; 175 1 300 187; 

53\159_159008.jpg
400 273
114 54 248 182; 115 54 253 183; 115 56 252 184; 

53\159_159009.jpg
316 400
34 140 299 375; 27 147 294 369; 28 146 296 371; 

53\159_159016.jpg
400 400
190 28 392 324; 164 32 258 306; 74 32 304 391; 

53\159_159026.jpg
400 292
28 20 312 266; 28 41 242 259; 29 16 314 271; 

53\159_159027.jpg
266 400
26 16 219 348; 19 15 203 231; 33 17 218 283; 

53\159_159028.jpg
400 323
74 48 350 267; 79 44 178 186; 76 45 325 269; 

53\159_159048.jpg
400 300
96 46 300 296; 88 49 314 300; 89 48 313 300; 

53\159_159069.jpg
400 262
12 124 176 223; 10 124 177 223; 11 124 176 226; 

53\159_159080.jpg
360 400
94 112 228 310; 94 111 223 288; 55 71 241 314; 

53\159_159081.jpg
400 320
80 132 250 268; 24 131 246 299; 25 131 247 297; 

53\159_159082.jpg
400 352
86 68 310 301; 87 67 313 227; 79 69 371 283; 

53\159_159083.jpg
400 324
134 108 305 297; 101 107 265 271; 101 107 273 271; 

53\159_159091.jpg
400 286
94 69 269 173; 89 74 268 172; 90 74 269 174; 

53\159_159135.jpg
400 366
101 88 257 282; 97 89 272 296; 94 89 270 295; 

53\159_159141.jpg
293 400
71 74 292 356; 62 70 261 248; 61 71 293 357; 

53\159_159148.jpg
275 400
116 220 195 374; 119 218 194 374; 120 220 194 373; 

53\159_159161.jpg
400 293
56 64 382 185; 59 67 386 184; 60 66 386 184; 

53\159_159206.jpg
266 400
14 134 212 338; 14 115 232 341; 17 118 234 339; 

53\159_159253.jpg
400 266
144 14 388 261; 146 14 326 258; 139 12 388 266; 

53\159_159254.jpg
400 255
4 8 234 253; 44 3 216 183; 1 3 240 255; 

53\159_159257.jpg
400 268
36 28 288 217; 29 28 291 221; 29 26 293 219; 

53\159_159267.jpg
400 300
154 102 265 266; 149 101 258 268; 148 101 256 278; 

53\159_159277.jpg
399 328
60 19 322 290; 57 20 372 298; 60 19 372 295; 

53\159_159278.jpg
400 300
62 72 372 239; 66 71 247 237; 62 73 250 238; 

53\159_159285.jpg
400 300
56 46 316 254; 59 46 316 252; 58 45 317 252; 

53\159_159354.jpg
400 300
32 128 243 292; 35 112 246 300; 31 95 244 300; 

53\159_159360.jpg
400 342
79 18 226 299; 78 12 228 281; 68 14 226 302; 

53\159_159363.jpg
400 278
150 102 269 208; 138 101 274 208; 139 102 272 206; 

53\159_159364.jpg
400 288
120 98 224 234; 120 99 231 236; 120 98 231 235; 

53\159_159393.jpg
400 266
38 37 291 214; 38 36 138 215; 38 34 292 225; 

53\159_159397.jpg
400 320
122 88 372 282; 124 156 374 278; 124 38 372 297; 

53\159_159400.jpg
400 305
129 62 245 239; 132 58 240 221; 132 57 241 246; 

53\159_159405.jpg
400 299
30 36 354 209; 18 36 260 206; 14 35 387 209; 

53\159_159409.jpg
400 265
4 69 266 247; 2 70 270 246; 0 68 274 249; 

53\159_159413.jpg
278 400
42 112 156 318; 42 114 174 344; 41 116 176 346; 

53\159_159443.jpg
400 270
35 49 212 221; 34 56 214 218; 32 58 214 219; 

53\159_159444.jpg
399 266
81 27 251 252; 85 66 250 252; 81 10 252 252; 

53\159_159450.jpg
400 291
129 22 277 288; 130 6 276 236; 129 3 276 234; 

53\159_159470.jpg
320 400
128 12 250 358; 131 12 249 216; 119 10 249 384; 

53\159_159472.jpg
400 266
22 24 214 241; 101 8 209 186; 8 9 245 266; 

53\159_159474.jpg
400 266
114 23 392 230; 131 74 312 187; 112 76 379 239; 

53\159_159479.jpg
400 294
46 68 216 152; 46 71 216 162; 46 70 217 166; 

53\159_159505.jpg
400 300
76 4 296 294; 73 7 298 295; 73 1 298 293; 

53\159_159527.jpg
320 400
38 141 262 366; 38 151 264 366; 39 149 262 366; 

53\159_159606.jpg
400 243
252 81 352 211; 221 58 346 216; 274 81 376 185; 

53\159_159615.jpg
286 400
42 38 252 364; 93 37 255 367; 15 37 254 365; 

53\159_159616.jpg
286 400
44 26 244 348; 43 25 249 349; 43 27 249 349; 

53\159_159617.jpg
285 400
70 32 223 210; 71 5 225 195; 72 5 224 196; 

53\159_159644.jpg
266 400
18 72 171 326; 4 73 169 339; 1 58 171 337; 

53\159_159649.jpg
400 307
52 64 368 271; 54 72 372 271; 52 64 372 272; 

53\159_159653.jpg
365 399
142 155 315 270; 143 164 301 262; 142 165 301 263; 

53\159_159663.jpg
300 400
62 30 222 354; 62 23 223 359; 63 25 220 357; 

53\159_159672.jpg
400 283
96 16 332 274; 99 17 331 220; 100 18 331 219; 

53\159_159675.jpg
266 400
52 80 247 284; 68 133 190 279; 71 135 237 278; 

53\159_159681.jpg
320 400
58 104 174 384; 58 106 178 378; 56 106 176 381; 

53\159_159741.jpg
400 277
132 104 352 219; 131 102 392 222; 134 105 392 221; 

53\159_159743.jpg
400 301
180 32 300 298; 74 25 298 296; 160 24 298 297; 

53\159_159744.jpg
400 320
68 26 279 303; 21 28 336 277; 20 25 332 291; 

53\159_159753.jpg
294 400
72 221 274 321; 44 220 278 321; 72 238 276 319; 

53\159_159755.jpg
266 400
122 208 198 360; 118 208 199 365; 114 209 197 365; 

53\159_159790.jpg
400 298
34 90 212 282; 34 89 211 279; 34 89 211 276; 

53\159_159803.jpg
400 266
28 36 240 202; 32 40 244 203; 34 43 243 202; 

53\159_159816.jpg
400 299
136 88 218 278; 129 78 214 263; 138 81 217 262; 

53\159_159829.jpg
400 266
60 32 246 242; 45 29 257 203; 66 39 232 195; 

53\159_159831.jpg
400 266
50 39 218 235; 39 35 231 186; 50 42 212 172; 

53\159_159858.jpg
400 266
62 60 194 251; 66 78 189 256; 66 76 190 254; 

53\159_159860.jpg
400 266
29 50 270 263; 130 72 248 241; 1 44 269 266; 

53\159_159861.jpg
400 266
124 14 262 209; 113 16 264 208; 117 1 265 214; 

53\159_159862.jpg
400 266
42 36 262 265; 85 48 230 266; 32 36 265 266; 

53\159_159864.jpg
266 400
33 30 249 259; 73 31 252 264; 28 29 249 261; 

53\159_159867.jpg
323 400
52 60 263 274; 9 60 170 278; 11 59 311 276; 

53\159_159888.jpg
270 400
84 58 176 274; 86 61 177 272; 86 60 176 382; 

53\159_159900.jpg
400 266
62 66 334 263; 154 66 271 198; 141 9 290 195; 

53\159_159908.jpg
320 400
92 54 286 382; 141 54 280 254; 141 54 283 294; 

53\159_159913.jpg
277 185
71 45 217 129; 71 44 222 129; 74 47 218 129; 

53\159_159925.jpg
400 300
55 123 186 230; 54 119 186 229; 56 118 186 228; 

53\159_159926.jpg
400 373
52 50 186 288; 46 48 188 299; 51 46 188 299; 

53\159_159927.jpg
370 400
124 79 305 358; 128 81 304 364; 126 79 303 362; 

53\159_159928.jpg
381 400
142 46 351 287; 184 48 348 281; 184 48 357 329; 

53\159_159940.jpg
400 266
156 86 271 219; 158 84 272 219; 158 48 270 218; 

53\159_159941.jpg
400 266
120 76 244 201; 120 77 240 202; 121 49 261 201; 

53\159_159943.jpg
400 266
70 50 346 221; 129 53 346 224; 101 42 347 222; 

53\159_159945.jpg
400 266
26 61 346 242; 24 68 271 246; 26 62 346 245; 

53\159_159951.jpg
400 316
142 94 284 248; 140 95 289 248; 141 94 290 249; 

53\159_159957.jpg
375 400
102 126 334 380; 101 91 331 378; 103 94 331 378; 

53\159_159958.jpg
400 275
24 44 278 274; 92 44 276 208; 26 45 275 275; 

53\159_159974.jpg
320 400
82 30 235 379; 94 31 241 391; 94 32 242 385; 

53\159_159980.jpg
400 266
69 86 278 184; 61 86 262 196; 60 84 260 209; 

53\159_159995.jpg
400 278
81 69 238 172; 77 69 241 158; 79 72 241 197; 

53\159_159998.jpg
400 267
31 89 306 209; 16 78 349 206; 29 86 332 212; 

53\160_160006.jpg
400 266
174 21 327 253; 175 20 326 258; 176 21 323 258; 

53\160_160012.jpg
400 285
157 26 319 279; 151 27 324 281; 151 26 322 281; 

53\160_160035.jpg
400 293
40 26 300 279; 41 26 298 199; 38 25 299 293; 

53\160_160054.jpg
400 299
11 57 228 227; 43 77 227 186; 41 57 227 186; 

53\160_160059.jpg
199 300
32 62 149 272; 32 61 196 298; 31 61 140 165; 

53\160_160060.jpg
266 400
86 106 232 386; 86 110 234 400; 87 111 234 234; 

53\160_160061.jpg
256 400
40 108 246 394; 40 114 248 288; 39 111 247 289; 

53\160_160069.jpg
399 300
50 52 234 273; 51 53 237 272; 52 54 235 272; 

53\160_160098.jpg
400 266
58 26 224 230; 58 24 225 235; 56 25 226 232; 

53\160_160101.jpg
400 300
139 16 256 288; 139 1 261 288; 134 0 262 285; 

53\160_160104.jpg
400 321
48 30 218 249; 49 34 221 255; 49 32 218 256; 

53\160_160115.jpg
400 266
50 58 330 237; 49 61 329 233; 51 63 327 238; 

53\160_160127.jpg
288 400
131 36 252 333; 129 38 249 332; 129 40 248 322; 

53\160_160128.jpg
391 400
154 74 373 358; 154 74 386 360; 153 72 386 359; 

53\160_160129.jpg
400 396
222 34 367 350; 229 34 370 354; 229 33 369 354; 

53\160_160208.jpg
400 268
172 104 322 226; 174 104 321 224; 174 104 321 224; 

53\160_160209.jpg
400 300
182 60 392 296; 178 59 400 299; 179 59 400 300; 

53\160_160210.jpg
400 256
129 54 278 202; 129 51 279 203; 131 47 277 201; 

53\160_160211.jpg
400 367
72 0 310 349; 68 45 314 298; 53 1 316 361; 

53\160_160212.jpg
400 320
164 4 334 290; 171 42 335 243; 144 2 334 241; 

53\160_160230.jpg
320 400
66 37 244 367; 64 39 245 379; 66 40 241 376; 

53\160_160233.jpg
400 265
70 109 352 218; 65 107 354 214; 63 108 354 216; 

53\160_160249.jpg
400 266
8 132 130 238; 8 130 133 259; 4 131 131 261; 

53\160_160254.jpg
400 291
184 39 360 277; 186 38 362 234; 187 39 362 233; 

53\160_160255.jpg
399 399
44 98 276 318; 39 192 280 348; 35 1 280 351; 

53\160_160256.jpg
399 362
67 36 276 312; 12 25 249 266; 14 22 382 343; 

53\160_160260.jpg
400 266
28 66 244 242; 28 68 248 244; 29 70 246 245; 

53\160_160267.jpg
400 266
106 12 348 263; 114 8 304 123; 102 9 400 266; 

53\160_160278.jpg
400 266
172 56 346 257; 144 57 346 259; 145 58 346 262; 

53\160_160280.jpg
400 266
86 14 238 249; 84 17 234 248; 59 17 234 252; 

53\160_160297.jpg
400 191
9 87 206 175; 2 88 209 178; 0 87 209 179; 

53\160_160300.jpg
400 300
26 78 344 245; 19 79 343 243; 17 81 342 244; 

53\160_160314.jpg
399 267
56 23 244 259; 55 25 245 258; 14 26 244 267; 

53\160_160316.jpg
400 266
36 50 354 222; 36 51 387 228; 38 50 385 228; 

53\160_160330.jpg
400 301
12 26 318 238; 2 26 320 239; 2 27 320 241; 

53\160_160331.jpg
400 298
142 72 305 176; 139 69 302 178; 137 71 302 180; 

53\160_160343.jpg
369 400
142 10 337 379; 147 8 342 381; 144 9 344 378; 

53\160_160345.jpg
400 266
72 42 309 214; 59 42 309 222; 61 44 309 219; 

53\160_160348.jpg
400 266
66 42 306 218; 59 40 312 219; 60 42 308 219; 

53\160_160349.jpg
400 266
73 42 306 220; 58 41 310 223; 59 42 309 219; 

53\160_160350.jpg
400 266
68 40 308 216; 58 42 309 220; 57 42 309 219; 

53\160_160376.jpg
284 400
68 61 242 390; 69 61 212 306; 70 63 284 400; 

53\160_160385.jpg
400 266
20 29 329 222; 79 39 328 215; 85 39 326 222; 

53\160_160386.jpg
400 320
106 101 239 198; 60 105 238 202; 59 103 237 210; 

53\160_160388.jpg
400 320
208 96 358 242; 214 100 366 250; 212 100 368 241; 

53\160_160390.jpg
320 400
38 147 214 396; 32 148 218 399; 38 148 216 400; 

53\160_160391.jpg
400 266
72 74 246 263; 72 72 246 266; 72 74 246 266; 

53\160_160392.jpg
400 320
170 38 290 230; 160 35 292 234; 162 34 291 230; 

53\160_160393.jpg
400 320
102 128 244 306; 104 132 244 320; 103 134 244 320; 

53\160_160395.jpg
400 320
121 43 309 318; 117 44 308 320; 118 44 307 320; 

53\160_160396.jpg
400 266
18 56 329 220; 12 59 358 205; 6 59 356 266; 

53\160_160397.jpg
400 266
146 101 397 263; 147 98 400 266; 147 99 400 266; 

53\160_160423.jpg
400 320
210 96 356 234; 212 99 369 243; 212 99 368 241; 

53\160_160431.jpg
400 241
16 64 274 239; 19 53 274 241; 18 54 273 241; 

53\160_160446.jpg
400 300
100 59 302 296; 98 66 309 300; 98 67 307 300; 

53\160_160447.jpg
292 400
12 112 256 384; 10 78 226 294; 9 11 291 301; 

53\160_160449.jpg
400 169
130 22 236 127; 130 23 234 127; 131 24 231 128; 

53\160_160450.jpg
400 322
152 56 320 246; 151 55 335 311; 161 56 319 311; 

53\160_160453.jpg
400 285
146 24 359 285; 133 20 369 280; 166 24 334 226; 

53\160_160460.jpg
400 311
80 40 286 255; 83 41 281 241; 81 41 286 249; 

53\160_160462.jpg
400 248
8 9 168 216; 8 8 167 213; 8 8 167 214; 

53\160_160469.jpg
400 300
110 111 250 252; 111 110 251 254; 112 112 251 256; 

53\160_160480.jpg
288 400
43 184 222 384; 44 184 222 387; 42 182 221 387; 

53\160_160499.jpg
300 400
70 22 216 298; 58 25 229 312; 56 24 226 310; 

53\160_160520.jpg
400 308
194 52 356 186; 188 41 358 260; 189 39 356 258; 

53\160_160553.jpg
400 260
218 67 302 252; 219 69 310 258; 219 68 311 260; 

53\160_160555.jpg
400 300
150 146 352 254; 145 146 353 258; 148 146 353 282; 

53\160_160557.jpg
400 368
122 29 377 274; 143 129 302 277; 143 128 301 276; 

53\160_160577.jpg
399 266
197 82 370 246; 200 83 346 245; 201 81 382 246; 

53\160_160591.jpg
399 400
139 94 271 326; 140 96 271 324; 140 95 271 332; 

53\160_160595.jpg
266 400
64 132 188 394; 67 136 190 399; 65 135 189 400; 

53\160_160596.jpg
400 300
171 26 336 276; 182 26 331 271; 176 26 329 259; 

53\160_160598.jpg
400 320
96 64 259 249; 57 65 256 276; 57 64 256 276; 

53\160_160618.jpg
326 400
11 64 186 391; 10 62 182 396; 1 62 184 396; 

53\160_160640.jpg
400 266
96 56 280 265; 96 39 276 266; 95 42 276 266; 

53\160_160650.jpg
400 266
238 38 345 182; 240 33 358 257; 241 33 354 256; 

53\160_160662.jpg
399 319
216 94 382 316; 215 97 392 320; 212 96 390 320; 

53\160_160680.jpg
266 400
38 86 154 364; 34 85 152 366; 33 85 157 366; 

53\160_160682.jpg
266 400
10 76 196 398; 8 82 201 400; 9 81 203 400; 

53\160_160685.jpg
266 400
85 108 262 380; 85 105 267 375; 55 105 267 400; 

53\160_160707.jpg
400 267
210 114 344 199; 211 116 343 200; 211 118 342 182; 

53\160_160718.jpg
400 235
122 38 336 182; 138 34 340 185; 0 36 339 235; 

53\160_160719.jpg
300 400
86 6 205 363; 106 0 169 326; 44 240 238 400; 

53\160_160726.jpg
400 300
170 30 296 244; 171 30 298 246; 171 31 298 244; 

53\160_160773.jpg
355 400
56 58 311 342; 52 58 312 324; 55 60 355 324; 

53\160_160777.jpg
400 266
64 48 336 225; 66 53 339 223; 66 52 338 223; 

53\160_160779.jpg
266 400
48 61 204 238; 51 61 208 227; 49 62 206 226; 

53\160_160802.jpg
400 281
126 8 348 239; 184 59 349 241; 121 0 348 244; 

53\160_160812.jpg
267 400
13 62 216 233; 9 61 214 232; 12 61 214 231; 

53\160_160818.jpg
400 321
79 54 314 307; 112 68 278 302; 76 56 319 304; 

53\160_160822.jpg
400 396
109 72 292 312; 111 72 298 324; 110 72 298 321; 

53\160_160826.jpg
400 360
18 52 292 266; 8 52 293 349; 7 52 291 352; 

53\160_160851.jpg
320 400
10 90 264 391; 0 139 265 400; 9 141 215 391; 

53\160_160855.jpg
267 400
82 46 246 372; 82 46 244 365; 84 47 246 398; 

53\160_160856.jpg
267 400
81 46 251 390; 84 46 243 366; 84 47 243 367; 

53\160_160866.jpg
400 300
182 18 314 229; 186 19 316 229; 184 19 315 231; 

53\160_160877.jpg
266 400
44 88 209 244; 44 90 208 248; 45 91 208 245; 

53\160_160879.jpg
400 358
40 8 254 326; 55 66 233 299; 54 8 256 308; 

53\160_160906.jpg
339 400
166 218 312 395; 157 220 331 399; 154 216 332 400; 

53\160_160930.jpg
300 400
58 98 222 388; 59 98 222 364; 59 98 222 364; 

53\160_160941.jpg
400 271
124 32 270 187; 92 32 271 188; 6 32 271 271; 

53\160_160955.jpg
400 266
96 37 273 231; 98 38 271 239; 98 39 271 240; 

53\160_160962.jpg
400 390
177 88 374 312; 179 89 376 311; 179 85 376 314; 

53\160_160970.jpg
400 260
58 24 310 244; 48 19 310 254; 49 20 310 252; 

53\160_160989.jpg
400 297
180 29 321 238; 159 41 328 298; 156 42 326 298; 

53\160_160997.jpg
266 400
52 26 181 270; 52 29 181 248; 50 29 179 248; 

53\161_161031.jpg
400 266
49 49 282 252; 56 50 271 226; 56 50 271 258; 

53\161_161053.jpg
266 400
10 40 197 362; 53 42 198 230; 53 39 199 228; 

53\161_161055.jpg
300 399
94 104 270 354; 101 60 272 286; 97 62 272 279; 

53\161_161058.jpg
300 399
12 115 250 394; 8 114 228 307; 9 114 227 308; 

53\161_161060.jpg
400 271
52 82 282 254; 42 82 284 256; 0 83 285 261; 

53\161_161072.jpg
400 146
10 58 218 139; 8 58 219 143; 8 59 218 141; 

53\161_161076.jpg
400 266
6 33 287 217; 8 35 376 256; 7 34 376 254; 

53\161_161089.jpg
400 264
90 40 368 262; 91 39 390 174; 94 39 390 258; 

53\161_161091.jpg
266 400
101 84 221 326; 100 72 222 326; 102 72 221 328; 

53\161_161104.jpg
400 179
54 58 282 176; 49 57 283 166; 50 58 288 166; 

53\161_161112.jpg
400 283
191 71 340 256; 196 74 339 257; 195 73 341 255; 

53\161_161116.jpg
400 267
90 20 282 243; 117 19 274 204; 119 22 275 203; 

53\161_161123.jpg
400 400
22 78 286 256; 21 81 184 256; 23 79 184 256; 

53\161_161126.jpg
400 256
24 22 296 214; 21 28 299 218; 22 21 298 218; 

53\161_161139.jpg
399 363
94 44 350 357; 100 50 336 306; 100 43 335 307; 

53\161_161178.jpg
400 300
30 60 348 258; 27 61 215 228; 26 62 201 224; 

53\161_161186.jpg
400 300
16 14 252 296; 68 15 199 239; 84 14 191 236; 

53\161_161205.jpg
400 301
72 4 316 296; 60 6 316 263; 71 3 316 273; 

53\161_161208.jpg
266 400
54 18 259 294; 47 15 228 266; 46 14 236 266; 

53\161_161211.jpg
400 395
52 86 200 249; 54 85 196 245; 54 88 196 245; 

53\161_161229.jpg
400 266
48 6 280 254; 45 3 262 238; 43 1 322 266; 

53\161_161231.jpg
400 266
52 128 232 244; 49 127 234 246; 39 124 234 245; 

53\161_161264.jpg
400 300
4 88 328 260; 68 89 331 256; 1 89 331 266; 

53\161_161276.jpg
400 266
68 0 299 245; 38 1 289 233; 76 0 285 214; 

53\161_161293.jpg
221 400
36 156 189 368; 21 161 203 369; 21 162 201 368; 

53\161_161312.jpg
400 300
88 106 291 290; 90 115 286 292; 88 114 284 279; 

53\161_161320.jpg
400 265
62 44 372 244; 64 35 336 260; 63 2 379 265; 

53\161_161321.jpg
400 320
116 96 356 290; 216 172 358 291; 120 92 359 291; 

53\161_161332.jpg
266 400
54 60 247 332; 57 165 247 335; 52 59 247 336; 

53\161_161342.jpg
400 266
26 46 274 248; 31 68 275 249; 29 65 273 251; 

53\161_161351.jpg
400 334
84 40 352 304; 84 42 359 316; 81 40 358 314; 

53\161_161352.jpg
266 400
68 110 192 314; 61 111 196 316; 42 81 217 315; 

53\161_161359.jpg
400 302
112 90 256 208; 125 104 261 207; 111 91 259 204; 

53\161_161365.jpg
266 400
59 11 199 399; 65 9 192 385; 66 10 179 136; 

53\161_161381.jpg
400 280
126 148 358 242; 128 151 389 249; 126 151 388 247; 

53\161_161389.jpg
400 381
63 17 294 297; 61 17 296 299; 54 12 293 298; 

53\161_161406.jpg
307 399
36 52 237 228; 35 54 241 230; 35 55 240 230; 

53\161_161410.jpg
400 266
118 90 378 215; 76 97 378 216; 112 98 381 221; 

53\161_161414.jpg
400 266
92 60 216 177; 89 59 220 201; 88 59 220 199; 

53\161_161417.jpg
394 400
34 42 326 290; 28 39 359 268; 31 38 291 268; 

53\161_161422.jpg
400 266
132 86 324 219; 140 86 342 251; 139 88 341 250; 

53\161_161424.jpg
400 266
168 92 326 171; 171 92 339 170; 172 92 338 171; 

53\161_161428.jpg
400 266
154 50 261 257; 160 51 250 258; 161 50 250 261; 

53\161_161429.jpg
400 266
151 55 256 260; 159 58 252 266; 156 59 251 266; 

53\161_161431.jpg
400 300
120 22 332 264; 129 20 299 168; 131 19 298 170; 

53\161_161438.jpg
400 266
209 59 354 239; 207 59 352 217; 209 58 363 240; 

53\161_161449.jpg
338 400
76 58 231 316; 86 58 226 306; 86 57 225 306; 

53\161_161454.jpg
313 400
42 126 272 360; 73 156 242 312; 40 142 278 370; 

53\161_161456.jpg
400 300
76 22 334 292; 77 23 285 282; 76 23 285 300; 

53\161_161469.jpg
400 290
68 16 320 266; 100 17 308 209; 93 17 317 249; 

53\161_161470.jpg
400 281
172 12 336 210; 174 11 329 158; 175 1 336 178; 

53\161_161481.jpg
400 296
94 38 354 283; 155 127 281 292; 130 72 338 289; 

53\161_161482.jpg
400 266
130 29 377 180; 132 29 375 212; 134 31 376 211; 

53\161_161498.jpg
400 362
36 32 366 292; 37 29 200 250; 39 28 319 247; 

53\161_161501.jpg
400 320
42 98 360 211; 39 101 362 216; 41 101 362 214; 

53\161_161511.jpg
400 266
78 28 256 217; 81 28 255 229; 81 28 255 215; 

53\161_161513.jpg
342 400
42 40 289 306; 92 135 221 270; 74 24 282 268; 

53\161_161520.jpg
400 320
66 36 334 256; 93 69 335 256; 53 20 356 271; 

53\161_161521.jpg
400 380
84 106 282 379; 85 46 284 381; 86 43 380 381; 

53\161_161535.jpg
286 400
61 72 240 294; 65 70 249 302; 63 68 247 304; 

53\161_161541.jpg
400 266
27 131 252 251; 24 136 252 257; 25 134 251 248; 

53\161_161566.jpg
400 271
118 50 289 260; 118 91 263 222; 44 1 309 221; 

53\161_161576.jpg
400 300
43 58 352 234; 49 115 349 219; 48 70 350 219; 

53\161_161602.jpg
400 266
10 56 316 255; 94 56 275 256; 10 55 317 258; 

53\161_161640.jpg
300 400
97 54 285 389; 71 54 271 294; 70 54 273 265; 

53\161_161663.jpg
400 300
82 72 330 211; 68 72 334 213; 72 72 332 209; 

53\161_161684.jpg
331 400
87 21 238 326; 67 16 241 320; 71 15 240 319; 

53\161_161686.jpg
399 253
180 80 379 243; 181 89 383 239; 183 87 379 241; 

53\161_161689.jpg
400 266
19 27 362 193; 8 29 364 211; 8 28 365 212; 

53\161_161700.jpg
320 400
21 260 308 352; 23 265 318 351; 24 264 305 351; 

53\161_161725.jpg
400 266
70 44 292 239; 70 61 278 242; 69 15 276 241; 

53\161_161727.jpg
400 326
59 77 319 281; 59 75 315 279; 60 45 389 291; 

53\161_161728.jpg
400 365
164 34 319 339; 165 32 334 266; 81 32 332 329; 

53\161_161734.jpg
399 311
213 27 334 286; 219 28 331 287; 219 28 328 287; 

53\161_161736.jpg
400 298
159 2 346 278; 173 6 344 271; 169 6 345 271; 

53\161_161741.jpg
366 400
63 60 295 388; 62 52 168 166; 62 41 296 391; 

53\161_161761.jpg
400 266
108 36 284 262; 109 36 289 265; 110 36 288 266; 

53\161_161777.jpg
400 400
28 56 221 342; 19 55 214 345; 17 54 214 344; 

53\161_161784.jpg
228 400
48 52 192 250; 58 32 183 219; 58 46 182 219; 

53\161_161788.jpg
294 400
68 34 259 352; 52 31 144 354; 68 31 142 173; 

53\161_161793.jpg
400 266
106 54 298 262; 104 54 298 245; 102 53 302 266; 

53\161_161812.jpg
400 300
132 34 296 282; 139 135 257 272; 139 20 290 276; 

53\161_161817.jpg
266 400
72 26 255 228; 61 24 258 256; 12 25 256 285; 

53\161_161831.jpg
400 298
38 30 320 244; 152 28 249 209; 152 28 269 208; 

53\161_161838.jpg
326 400
42 10 278 319; 94 51 224 175; 44 7 277 314; 

53\161_161850.jpg
400 246
120 88 296 206; 131 88 298 199; 131 87 295 202; 

53\161_161861.jpg
345 400
26 21 216 366; 30 24 214 240; 31 28 213 239; 

53\161_161869.jpg
400 385
94 10 343 380; 141 114 258 259; 97 3 281 261; 

53\161_161879.jpg
400 266
231 42 387 264; 230 43 368 244; 234 44 370 249; 

53\161_161881.jpg
400 315
122 24 387 307; 211 28 381 315; 118 28 400 315; 

53\161_161898.jpg
400 266
52 64 354 252; 108 10 361 253; 54 97 358 252; 

53\161_161901.jpg
400 266
90 24 310 240; 92 24 311 242; 91 25 309 244; 

53\161_161904.jpg
400 311
118 32 280 265; 117 29 283 268; 119 31 281 268; 

53\161_161908.jpg
400 308
88 88 190 216; 91 88 192 211; 89 89 191 211; 

53\161_161920.jpg
400 258
231 71 341 246; 229 69 336 257; 229 69 338 258; 

53\161_161921.jpg
400 266
82 61 210 262; 82 65 219 266; 82 68 219 266; 

53\161_161922.jpg
400 266
70 8 306 248; 68 7 305 249; 70 8 304 249; 

53\161_161926.jpg
400 268
184 54 313 174; 181 54 314 176; 179 42 314 177; 

53\161_161927.jpg
400 266
82 14 326 256; 81 14 331 263; 81 14 328 262; 

53\161_161931.jpg
400 236
122 2 342 200; 162 81 389 206; 73 0 389 203; 

53\161_161935.jpg
400 275
230 28 344 152; 232 29 334 152; 232 31 347 151; 

53\161_161940.jpg
400 300
56 34 248 210; 58 34 230 209; 57 36 246 209; 

53\161_161945.jpg
266 400
8 27 233 247; 10 27 234 242; 8 31 234 244; 

53\161_161952.jpg
266 400
11 26 236 248; 9 28 233 244; 8 26 233 243; 

53\161_161954.jpg
288 400
64 94 227 376; 61 71 236 377; 59 72 234 373; 

53\161_161955.jpg
295 399
42 26 271 300; 42 73 268 294; 43 75 264 292; 

53\161_161956.jpg
267 400
34 179 212 368; 29 179 212 399; 41 179 211 397; 

53\161_161963.jpg
400 286
10 56 332 230; 104 53 334 204; 1 55 332 204; 

53\161_161964.jpg
266 400
72 46 242 190; 70 45 244 186; 72 48 243 196; 

53\161_161965.jpg
323 400
16 42 235 380; 112 46 221 159; 0 41 235 382; 

53\161_161971.jpg
400 266
104 44 337 246; 107 39 232 111; 108 39 248 139; 

53\161_161972.jpg
399 365
138 82 272 211; 139 83 274 213; 139 86 274 213; 

53\161_161973.jpg
400 291
70 28 270 223; 72 15 273 223; 2 16 272 271; 

53\161_161983.jpg
400 300
24 94 372 258; 22 94 376 261; 22 95 376 260; 

53\161_161985.jpg
400 278
122 26 366 274; 118 20 370 213; 122 23 369 277; 

53\161_161998.jpg
400 271
202 127 368 253; 202 128 372 256; 201 127 371 256; 

53\161_161999.jpg
265 400
49 85 223 280; 36 81 227 289; 39 81 236 296; 

