401

54\162_162005.jpg
270 179
47 50 213 141; 106 67 174 125; 44 23 233 159; 

54\162_162013.jpg
308 400
16 10 301 254; 16 162 119 256; 17 6 300 254; 

54\162_162014.jpg
400 300
122 84 342 284; 121 78 344 282; 122 78 346 281; 

54\162_162020.jpg
399 268
61 32 302 257; 117 55 304 231; 118 57 301 228; 

54\162_162028.jpg
266 400
0 115 180 396; 1 114 177 319; 1 113 226 400; 

54\162_162046.jpg
400 300
80 68 304 228; 80 70 248 233; 81 71 246 229; 

54\162_162062.jpg
400 324
6 62 286 311; 76 66 287 299; 75 67 286 307; 

54\162_162074.jpg
400 213
6 62 358 186; 0 62 361 179; 1 62 361 178; 

54\162_162079.jpg
400 267
180 22 370 239; 181 22 374 241; 180 22 372 242; 

54\162_162084.jpg
400 320
88 98 354 232; 87 101 304 231; 88 100 356 190; 

54\162_162086.jpg
400 300
214 44 308 196; 199 44 316 196; 201 45 315 198; 

54\162_162087.jpg
399 296
70 32 272 260; 72 29 275 262; 72 30 274 261; 

54\162_162090.jpg
400 282
110 43 341 251; 110 102 259 254; 51 47 390 252; 

54\162_162094.jpg
323 400
60 246 201 386; 64 246 198 388; 1 87 322 386; 

54\162_162108.jpg
400 400
26 20 358 182; 28 49 360 193; 13 0 360 189; 

54\162_162112.jpg
320 400
12 12 166 162; 11 13 161 152; 11 16 161 158; 

54\162_162119.jpg
400 270
28 44 326 236; 31 42 331 238; 32 44 330 238; 

54\162_162122.jpg
300 400
30 72 285 255; 30 72 290 246; 29 72 291 317; 

54\162_162125.jpg
400 306
162 30 372 201; 161 32 376 199; 163 33 376 198; 

54\162_162126.jpg
400 316
26 12 206 240; 26 10 206 244; 26 11 205 242; 

54\162_162154.jpg
361 400
30 202 251 382; 33 201 252 339; 33 202 253 373; 

54\162_162160.jpg
277 400
68 72 217 218; 62 74 230 228; 59 72 232 227; 

54\162_162165.jpg
400 273
34 54 308 227; 34 56 311 226; 34 57 283 229; 

54\162_162166.jpg
400 299
100 28 370 289; 98 27 375 293; 100 27 374 292; 

54\162_162177.jpg
400 318
22 44 312 294; 21 47 316 299; 21 45 315 297; 

54\162_162197.jpg
400 282
149 134 384 272; 142 137 392 278; 144 137 392 279; 

54\162_162198.jpg
400 317
40 44 348 268; 25 42 349 270; 21 42 348 270; 

54\162_162217.jpg
400 266
64 82 278 217; 79 81 283 214; 79 81 244 212; 

54\162_162224.jpg
400 309
69 68 236 266; 62 69 235 264; 64 67 235 264; 

54\162_162225.jpg
400 373
192 81 334 328; 193 81 338 332; 193 83 336 332; 

54\162_162226.jpg
266 400
50 86 219 336; 55 86 220 332; 21 85 219 335; 

54\162_162228.jpg
266 400
12 24 229 250; 10 24 236 231; 10 26 235 346; 

54\162_162231.jpg
300 400
46 50 252 354; 49 48 250 351; 49 49 251 349; 

54\162_162233.jpg
400 266
54 121 232 221; 51 118 232 222; 49 116 232 221; 

54\162_162234.jpg
400 266
64 82 278 217; 51 81 281 215; 79 81 244 202; 

54\162_162272.jpg
400 350
87 17 298 248; 109 77 261 252; 87 9 288 223; 

54\162_162275.jpg
400 300
46 70 316 298; 83 69 322 246; 84 70 319 256; 

54\162_162283.jpg
400 377
192 52 338 333; 187 52 343 335; 188 53 343 333; 

54\162_162284.jpg
277 400
75 84 211 290; 76 154 211 304; 75 82 210 298; 

54\162_162286.jpg
400 358
160 100 344 287; 156 98 346 291; 156 101 347 315; 

54\162_162312.jpg
400 369
114 28 296 317; 111 49 314 320; 112 48 301 319; 

54\162_162322.jpg
266 400
44 170 251 382; 29 168 256 384; 29 166 256 385; 

54\162_162325.jpg
400 320
58 52 252 306; 59 50 246 303; 59 48 248 306; 

54\162_162349.jpg
400 266
38 84 392 199; 28 84 396 200; 30 83 395 200; 

54\162_162354.jpg
400 302
74 20 306 287; 68 18 308 286; 66 18 308 288; 

54\162_162366.jpg
400 267
88 76 260 228; 86 73 263 228; 88 75 262 230; 

54\162_162370.jpg
400 266
96 28 314 262; 94 19 325 266; 98 24 326 266; 

54\162_162376.jpg
300 400
100 26 229 394; 84 19 236 396; 85 17 235 396; 

54\162_162379.jpg
400 267
126 20 390 261; 122 52 396 268; 126 12 396 268; 

54\162_162381.jpg
400 267
78 0 310 266; 88 45 291 252; 89 1 322 251; 

54\162_162384.jpg
267 400
56 36 189 398; 54 30 199 400; 51 31 196 400; 

54\162_162390.jpg
391 400
24 58 261 365; 30 60 231 362; 28 58 249 362; 

54\162_162392.jpg
400 266
30 26 294 265; 124 23 272 205; 125 22 272 206; 

54\162_162402.jpg
266 400
62 26 232 346; 61 27 239 346; 63 26 238 346; 

54\162_162408.jpg
266 400
96 84 261 292; 91 84 266 294; 88 84 266 296; 

54\162_162409.jpg
400 266
79 25 204 128; 10 24 218 168; 9 24 218 168; 

54\162_162410.jpg
400 266
130 24 328 229; 112 20 341 226; 238 21 341 226; 

54\162_162420.jpg
400 396
58 124 160 364; 58 126 174 368; 57 127 174 368; 

54\162_162421.jpg
400 267
14 56 242 264; 0 54 249 266; 2 54 249 265; 

54\162_162422.jpg
304 400
43 129 256 360; 14 129 260 364; 14 129 263 364; 

54\162_162423.jpg
289 400
69 58 209 325; 65 62 196 346; 58 58 211 357; 

54\162_162434.jpg
400 300
222 26 362 263; 221 25 362 269; 222 23 362 269; 

54\162_162441.jpg
310 400
79 202 256 385; 16 46 289 331; 81 204 255 386; 

54\162_162442.jpg
400 241
116 33 251 197; 24 60 383 199; 27 37 381 198; 

54\162_162476.jpg
400 266
132 8 371 262; 134 3 274 258; 136 1 400 266; 

54\162_162483.jpg
400 285
42 64 350 218; 40 93 317 221; 46 66 321 222; 

54\162_162515.jpg
400 281
44 52 322 245; 43 53 332 262; 40 52 334 261; 

54\162_162516.jpg
399 332
74 38 286 260; 74 38 288 263; 74 38 291 261; 

54\162_162517.jpg
295 400
88 92 205 260; 88 94 204 258; 88 92 204 258; 

54\162_162533.jpg
266 400
42 128 227 344; 43 123 225 345; 41 125 238 365; 

54\162_162537.jpg
266 400
68 144 199 274; 72 145 195 271; 77 147 188 272; 

54\162_162550.jpg
400 333
38 78 228 291; 45 78 229 293; 46 78 228 297; 

54\162_162553.jpg
285 400
99 74 199 274; 101 72 194 274; 101 73 196 274; 

54\162_162555.jpg
400 320
26 102 348 284; 24 101 351 284; 22 102 352 287; 

54\162_162556.jpg
320 400
200 82 299 381; 196 79 296 385; 198 79 298 382; 

54\162_162559.jpg
324 400
36 94 272 375; 101 119 247 299; 79 92 252 291; 

54\162_162566.jpg
400 267
166 67 302 175; 167 71 306 181; 165 69 305 181; 

54\162_162567.jpg
300 400
58 9 262 272; 57 6 258 272; 54 6 259 282; 

54\162_162570.jpg
400 305
84 14 312 300; 96 82 256 274; 74 15 306 272; 

54\162_162575.jpg
400 300
180 78 315 230; 139 79 374 300; 167 81 316 213; 

54\162_162579.jpg
399 300
63 21 258 262; 66 21 245 222; 66 20 245 218; 

54\162_162589.jpg
398 400
32 54 272 396; 32 53 281 400; 31 55 280 208; 

54\162_162591.jpg
400 266
30 38 290 235; 29 39 296 234; 28 38 370 234; 

54\162_162596.jpg
266 400
96 136 221 378; 98 137 222 384; 97 136 222 377; 

54\162_162598.jpg
400 273
33 32 224 229; 32 32 199 129; 31 32 196 141; 

54\162_162600.jpg
400 289
76 35 338 265; 174 34 338 289; 175 35 338 221; 

54\162_162610.jpg
341 400
41 12 231 382; 48 9 228 300; 45 10 226 301; 

54\162_162614.jpg
400 254
46 42 362 214; 44 43 368 216; 26 39 364 216; 

54\162_162621.jpg
400 288
60 71 324 249; 79 76 321 250; 79 76 322 251; 

54\162_162652.jpg
400 309
122 24 222 293; 124 24 224 294; 125 22 222 294; 

54\162_162684.jpg
399 299
180 64 307 262; 183 66 283 268; 174 60 304 263; 

54\162_162691.jpg
300 400
58 52 210 334; 61 44 212 338; 61 51 210 338; 

54\162_162694.jpg
266 400
46 114 161 394; 28 116 173 400; 29 119 171 400; 

54\162_162698.jpg
400 337
172 46 308 329; 158 29 327 337; 158 29 327 338; 

54\162_162706.jpg
400 275
18 108 209 241; 18 108 208 243; 17 109 208 242; 

54\162_162708.jpg
400 314
12 38 374 244; 5 37 383 236; 0 40 392 245; 

54\162_162712.jpg
400 266
84 14 303 226; 81 12 305 239; 83 10 303 241; 

54\162_162717.jpg
400 298
8 64 228 264; 64 106 229 270; 2 21 228 268; 

54\162_162722.jpg
291 399
0 93 214 396; 97 92 216 274; 97 93 216 250; 

54\162_162724.jpg
400 266
99 88 396 211; 100 89 400 198; 100 88 400 198; 

54\162_162726.jpg
400 280
76 34 262 205; 79 36 262 205; 78 38 259 194; 

54\162_162730.jpg
400 400
132 146 262 270; 135 151 265 269; 133 151 264 270; 

54\162_162733.jpg
400 366
50 50 296 272; 49 51 298 259; 49 49 298 269; 

54\162_162737.jpg
354 399
48 118 272 376; 91 118 280 357; 39 25 314 367; 

54\162_162739.jpg
400 266
104 112 298 251; 102 111 288 266; 107 113 287 252; 

54\162_162769.jpg
399 315
128 21 360 283; 185 13 339 182; 189 15 340 173; 

54\162_162771.jpg
400 383
131 10 330 369; 173 6 327 314; 135 7 329 311; 

54\162_162773.jpg
400 381
110 64 366 327; 126 92 325 309; 109 83 336 315; 

54\162_162776.jpg
400 266
70 24 338 257; 71 29 338 258; 71 31 338 258; 

54\162_162792.jpg
305 400
68 6 254 292; 71 4 258 264; 69 5 256 264; 

54\162_162794.jpg
281 400
88 86 281 339; 143 132 262 279; 66 89 277 331; 

54\162_162813.jpg
400 266
94 8 324 257; 92 4 321 252; 121 4 319 203; 

54\162_162820.jpg
400 276
52 52 294 271; 96 51 323 249; 116 52 294 198; 

54\162_162827.jpg
265 400
56 108 202 338; 54 107 207 354; 56 109 203 354; 

54\162_162830.jpg
265 400
26 41 216 368; 23 39 212 368; 25 40 214 366; 

54\162_162831.jpg
400 265
96 75 208 236; 96 76 208 235; 96 76 211 234; 

54\162_162837.jpg
400 266
54 22 251 256; 24 27 251 256; 31 27 252 257; 

54\162_162862.jpg
400 320
82 60 380 308; 81 52 377 309; 83 51 378 309; 

54\162_162906.jpg
345 400
46 104 327 341; 44 107 256 271; 45 107 259 262; 

54\162_162907.jpg
266 400
32 36 232 247; 29 2 229 254; 31 2 230 249; 

54\162_162913.jpg
400 300
127 84 302 283; 129 79 301 280; 130 79 301 282; 

54\162_162919.jpg
400 224
56 39 241 196; 12 55 199 203; 12 52 189 205; 

54\162_162941.jpg
400 300
40 54 292 266; 36 53 295 269; 36 54 295 271; 

54\162_162943.jpg
400 266
60 56 320 246; 62 51 321 250; 61 35 323 248; 

54\162_162950.jpg
400 300
132 22 394 290; 138 24 312 290; 126 24 398 290; 

54\162_162952.jpg
399 300
35 22 258 266; 66 20 244 222; 66 20 244 218; 

54\162_162954.jpg
400 266
48 78 290 262; 91 81 301 266; 91 79 270 182; 

54\162_162958.jpg
400 266
12 24 370 202; 8 20 381 216; 11 20 382 212; 

54\162_162961.jpg
288 400
10 20 272 268; 29 21 275 257; 28 21 274 255; 

54\162_162962.jpg
288 400
14 24 272 266; 19 24 274 255; 21 21 274 256; 

54\162_162963.jpg
300 400
26 46 260 292; 82 104 220 271; 26 36 252 270; 

54\162_162965.jpg
285 400
54 64 207 208; 79 62 211 179; 78 64 209 199; 

54\162_162966.jpg
251 400
84 80 222 390; 86 78 224 394; 88 79 226 392; 

54\162_162967.jpg
266 400
34 88 188 386; 33 85 192 390; 35 86 192 391; 

54\162_162981.jpg
400 357
132 42 270 293; 133 39 261 309; 128 39 259 309; 

54\162_162986.jpg
252 400
154 196 252 308; 150 184 251 302; 150 186 251 302; 

54\162_162987.jpg
326 400
87 28 254 385; 88 31 198 386; 88 30 265 389; 

54\162_162990.jpg
400 334
59 68 344 334; 94 65 344 256; 88 69 343 252; 

54\162_162995.jpg
400 341
62 54 384 279; 60 50 299 273; 60 53 276 272; 

54\163_163002.jpg
400 275
148 97 374 228; 139 98 374 219; 138 99 373 236; 

54\163_163043.jpg
400 278
156 16 354 275; 154 16 356 226; 154 17 356 214; 

54\163_163048.jpg
308 400
76 72 237 294; 116 94 206 308; 118 94 206 240; 

54\163_163049.jpg
330 400
52 44 294 354; 51 149 235 293; 52 176 209 298; 

54\163_163052.jpg
291 400
32 44 238 364; 32 47 241 362; 34 48 239 362; 

54\163_163065.jpg
400 265
52 48 238 229; 25 55 218 228; 28 16 371 229; 

54\163_163074.jpg
400 300
140 145 354 262; 135 146 359 265; 133 147 354 265; 

54\163_163078.jpg
356 400
20 12 331 282; 23 15 331 286; 22 15 329 281; 

54\163_163079.jpg
400 389
54 124 355 376; 51 124 355 376; 40 124 354 375; 

54\163_163083.jpg
400 300
132 92 296 226; 154 31 336 229; 137 78 289 224; 

54\163_163085.jpg
400 337
84 34 294 309; 61 35 295 331; 58 32 293 327; 

54\163_163089.jpg
320 400
100 148 214 290; 99 146 219 292; 78 124 242 306; 

54\163_163102.jpg
400 351
90 72 350 350; 90 70 388 252; 92 72 388 252; 

54\163_163114.jpg
264 400
42 34 234 364; 44 26 236 369; 44 24 236 366; 

54\163_163129.jpg
400 268
94 11 359 202; 90 9 360 206; 88 9 360 204; 

54\163_163130.jpg
400 267
52 51 244 164; 51 52 248 172; 48 52 246 174; 

54\163_163132.jpg
400 266
69 23 284 232; 66 12 284 235; 68 11 284 233; 

54\163_163133.jpg
400 266
36 54 314 144; 38 57 313 147; 38 57 312 144; 

54\163_163134.jpg
400 266
64 40 336 212; 68 41 334 212; 66 42 335 212; 

54\163_163135.jpg
400 266
32 54 382 151; 29 59 392 154; 28 58 390 154; 

54\163_163136.jpg
400 266
24 50 372 184; 24 52 383 188; 24 51 384 189; 

54\163_163137.jpg
400 266
100 18 362 221; 98 19 366 226; 96 19 365 226; 

54\163_163140.jpg
400 266
48 44 320 257; 49 44 324 260; 47 46 323 261; 

54\163_163141.jpg
400 267
26 38 388 145; 23 37 398 141; 23 38 398 144; 

54\163_163144.jpg
400 266
21 18 320 221; 14 6 341 226; 13 6 341 228; 

54\163_163145.jpg
400 267
26 107 380 177; 16 104 386 178; 16 105 384 176; 

54\163_163146.jpg
400 267
42 76 346 259; 32 69 362 262; 31 69 360 205; 

54\163_163148.jpg
400 266
50 26 328 156; 36 20 330 158; 39 22 329 158; 

54\163_163150.jpg
400 267
20 38 356 177; 22 36 354 178; 22 38 356 179; 

54\163_163151.jpg
400 267
20 26 298 229; 14 28 304 234; 14 28 305 236; 

54\163_163158.jpg
400 266
16 52 175 264; 2 56 201 266; 0 54 200 266; 

54\163_163165.jpg
400 320
154 82 245 319; 158 86 245 319; 161 84 245 315; 

54\163_163193.jpg
266 400
80 20 180 396; 79 20 181 399; 78 19 182 399; 

54\163_163197.jpg
320 400
32 62 310 296; 35 62 219 211; 34 62 219 234; 

54\163_163210.jpg
400 266
60 36 318 232; 59 36 319 241; 30 38 319 242; 

54\163_163211.jpg
400 266
80 62 270 258; 79 62 279 266; 79 62 279 266; 

54\163_163223.jpg
379 400
141 134 351 298; 138 133 354 304; 141 136 353 301; 

54\163_163229.jpg
273 400
44 22 253 292; 49 21 252 304; 50 21 252 302; 

54\163_163234.jpg
400 266
132 36 274 217; 136 89 276 211; 132 87 323 216; 

54\163_163235.jpg
400 266
96 28 249 204; 85 26 229 189; 30 26 250 201; 

54\163_163237.jpg
400 294
144 48 281 176; 150 68 283 256; 148 66 283 258; 

54\163_163238.jpg
400 296
92 74 214 174; 79 76 238 179; 78 77 234 172; 

54\163_163239.jpg
400 266
211 103 314 210; 202 106 329 209; 204 108 327 206; 

54\163_163241.jpg
400 266
86 84 206 207; 19 39 254 209; 20 39 256 204; 

54\163_163256.jpg
290 400
80 84 221 330; 78 84 223 332; 78 86 223 332; 

54\163_163260.jpg
400 314
99 56 389 235; 130 6 398 237; 138 66 300 236; 

54\163_163263.jpg
400 266
230 54 384 217; 243 74 387 217; 245 74 387 218; 

54\163_163274.jpg
400 300
134 26 362 296; 137 19 381 299; 161 24 364 284; 

54\163_163277.jpg
400 346
36 28 356 276; 65 38 355 288; 40 35 352 242; 

54\163_163280.jpg
400 365
8 4 298 271; 4 4 297 260; 11 2 297 365; 

54\163_163302.jpg
306 400
36 44 240 390; 35 46 244 180; 37 44 218 207; 

54\163_163304.jpg
400 219
182 38 298 124; 184 39 301 118; 184 39 300 119; 

54\163_163312.jpg
400 320
148 98 316 244; 151 62 316 241; 151 63 316 242; 

54\163_163313.jpg
261 400
14 4 179 254; 4 6 181 159; 4 4 180 254; 

54\163_163331.jpg
234 399
22 46 209 264; 21 46 211 292; 19 44 212 296; 

54\163_163333.jpg
320 400
76 42 256 390; 60 36 259 378; 59 35 258 400; 

54\163_163364.jpg
400 320
204 23 379 276; 207 28 379 312; 206 26 376 310; 

54\163_163374.jpg
328 400
108 56 299 241; 102 57 298 239; 107 57 297 240; 

54\163_163378.jpg
400 299
70 78 346 286; 113 81 347 248; 113 81 348 246; 

54\163_163389.jpg
272 400
58 60 216 304; 58 38 218 239; 60 39 218 400; 

54\163_163434.jpg
400 230
168 12 337 226; 169 11 338 230; 170 11 336 230; 

54\163_163438.jpg
400 306
102 90 356 302; 99 87 392 306; 102 88 379 289; 

54\163_163456.jpg
399 279
184 14 393 276; 187 13 394 279; 189 13 397 279; 

54\163_163459.jpg
320 400
50 56 252 244; 50 29 256 246; 50 28 254 399; 

54\163_163463.jpg
266 400
58 20 165 262; 56 18 164 263; 56 17 165 262; 

54\163_163464.jpg
266 400
54 14 166 260; 56 16 162 264; 56 18 166 261; 

54\163_163465.jpg
400 266
124 60 272 187; 126 59 270 188; 126 62 272 186; 

54\163_163466.jpg
344 400
74 18 185 216; 73 19 186 216; 74 16 186 218; 

54\163_163489.jpg
285 400
118 126 213 309; 126 132 202 317; 125 132 202 318; 

54\163_163507.jpg
400 344
82 56 264 328; 116 56 289 325; 118 57 288 326; 

54\163_163513.jpg
399 315
122 69 257 273; 126 73 257 269; 131 72 255 270; 

54\163_163522.jpg
400 355
36 141 344 261; 34 139 344 255; 36 139 346 285; 

54\163_163534.jpg
400 266
29 49 264 227; 21 49 265 211; 13 50 264 209; 

54\163_163539.jpg
266 400
74 30 238 306; 76 32 238 313; 76 30 237 312; 

54\163_163545.jpg
400 299
98 18 322 265; 100 19 325 270; 98 19 324 267; 

54\163_163548.jpg
400 300
116 71 258 276; 107 78 278 275; 147 108 228 204; 

54\163_163552.jpg
299 400
51 74 266 318; 57 73 268 321; 41 22 268 321; 

54\163_163554.jpg
283 400
58 50 247 334; 56 45 253 337; 56 45 252 335; 

54\163_163557.jpg
400 276
144 94 254 204; 146 85 255 205; 147 86 252 181; 

54\163_163572.jpg
400 266
70 20 332 253; 156 108 248 199; 70 17 334 254; 

54\163_163573.jpg
400 266
42 74 222 245; 16 76 222 248; 13 76 222 247; 

54\163_163578.jpg
400 266
152 34 348 263; 152 36 351 266; 154 35 349 266; 

54\163_163588.jpg
400 300
128 14 340 188; 131 7 342 189; 129 0 341 189; 

54\163_163594.jpg
126 400
28 150 98 394; 26 150 100 400; 26 151 100 400; 

54\163_163607.jpg
246 400
10 112 227 302; 8 112 240 302; 6 113 240 302; 

54\163_163615.jpg
400 400
92 118 292 292; 89 119 294 294; 91 118 294 294; 

54\163_163621.jpg
400 386
25 57 252 252; 31 65 209 239; 20 46 216 249; 

54\163_163624.jpg
400 238
166 4 375 201; 2 62 369 239; 159 117 328 239; 

54\163_163627.jpg
400 300
12 78 364 282; 14 76 364 276; 9 76 364 279; 

54\163_163642.jpg
400 225
76 77 375 181; 66 78 379 187; 66 80 379 188; 

54\163_163646.jpg
266 400
2 40 235 286; 138 43 220 284; 1 42 219 282; 

54\163_163670.jpg
400 284
63 5 215 265; 64 4 212 267; 66 0 214 266; 

54\163_163673.jpg
400 266
64 102 380 229; 66 78 398 246; 65 114 396 239; 

54\163_163674.jpg
251 400
44 36 203 348; 42 39 205 348; 43 38 204 348; 

54\163_163675.jpg
400 266
134 18 366 250; 133 21 372 252; 136 19 369 252; 

54\163_163679.jpg
400 300
164 56 352 271; 164 55 344 266; 162 42 360 269; 

54\163_163692.jpg
325 400
43 37 217 394; 45 36 218 394; 45 36 218 392; 

54\163_163694.jpg
400 266
196 28 361 227; 194 28 362 224; 196 27 304 221; 

54\163_163696.jpg
400 317
159 36 358 229; 159 38 358 229; 166 38 354 229; 

54\163_163703.jpg
300 400
22 134 254 398; 22 136 254 400; 24 136 254 400; 

54\163_163704.jpg
300 400
77 92 266 396; 70 92 282 400; 69 94 282 400; 

54\163_163707.jpg
310 399
46 36 267 354; 32 37 271 357; 36 38 268 355; 

54\163_163713.jpg
266 400
92 21 189 374; 91 15 189 383; 92 15 189 383; 

54\163_163714.jpg
266 400
68 22 194 384; 66 14 198 398; 66 11 194 400; 

54\163_163715.jpg
266 400
56 36 172 396; 76 38 174 242; 55 5 181 400; 

54\163_163716.jpg
266 400
80 28 217 386; 71 28 217 393; 70 4 218 394; 

54\163_163717.jpg
266 399
72 24 177 374; 77 27 176 241; 79 8 194 390; 

54\163_163718.jpg
266 400
80 32 182 380; 79 36 183 229; 80 6 186 392; 

54\163_163719.jpg
266 399
50 18 213 390; 92 19 217 177; 24 8 217 396; 

54\163_163729.jpg
400 320
210 80 314 214; 211 80 315 209; 212 82 314 212; 

54\163_163733.jpg
285 400
64 142 185 354; 7 141 192 387; 65 141 194 388; 

54\163_163741.jpg
400 266
220 60 361 248; 218 61 354 244; 212 46 369 246; 

54\163_163763.jpg
400 266
131 49 331 252; 111 48 334 247; 128 48 332 250; 

54\163_163771.jpg
300 400
18 2 230 319; 18 2 228 319; 18 1 229 317; 

54\163_163816.jpg
400 255
104 56 278 169; 112 44 285 162; 111 45 296 164; 

54\163_163838.jpg
266 400
16 20 208 350; 18 32 206 263; 17 34 203 258; 

54\163_163839.jpg
266 400
14 18 172 317; 16 18 171 221; 16 18 169 186; 

54\163_163840.jpg
266 400
40 8 192 302; 54 4 188 212; 61 4 189 212; 

54\163_163841.jpg
266 400
52 16 244 310; 53 16 248 242; 54 20 247 242; 

54\163_163842.jpg
266 400
50 24 240 322; 50 40 258 323; 51 14 256 322; 

54\163_163848.jpg
400 266
100 38 302 263; 98 37 263 231; 101 13 371 266; 

54\163_163850.jpg
400 266
66 14 276 262; 62 46 282 239; 64 12 281 266; 

54\163_163855.jpg
400 266
82 14 159 176; 92 18 156 169; 94 18 158 169; 

54\163_163869.jpg
400 266
68 0 314 257; 73 28 268 252; 66 1 311 251; 

54\163_163893.jpg
400 266
128 70 310 221; 132 69 314 220; 131 70 313 219; 

54\163_163896.jpg
388 400
130 16 382 243; 130 17 381 240; 131 18 381 242; 

54\163_163903.jpg
400 266
168 18 314 263; 171 14 312 232; 171 10 312 230; 

54\163_163922.jpg
400 290
96 54 310 288; 136 52 256 218; 138 54 258 208; 

54\163_163924.jpg
284 400
28 86 242 398; 85 61 189 207; 86 65 185 191; 

54\163_163926.jpg
400 395
106 69 289 326; 106 63 278 326; 107 66 290 395; 

54\163_163927.jpg
400 252
149 72 239 249; 146 78 237 253; 149 76 239 253; 

54\163_163956.jpg
400 301
80 76 396 243; 81 78 400 244; 88 77 399 244; 

54\163_163957.jpg
400 283
8 66 381 236; 2 66 398 235; 1 68 400 234; 

54\163_163962.jpg
301 400
64 80 197 384; 65 81 216 400; 66 81 194 400; 

54\163_163964.jpg
400 365
182 197 328 301; 184 198 331 305; 186 200 331 306; 

54\163_163965.jpg
400 297
12 58 190 271; 10 58 281 276; 6 59 279 291; 

54\163_163966.jpg
399 299
192 132 371 265; 195 133 370 266; 195 132 368 264; 

54\163_163967.jpg
400 328
70 58 346 312; 70 58 349 309; 71 59 349 311; 

54\163_163968.jpg
400 301
29 42 231 290; 31 39 291 266; 31 41 289 296; 

54\163_163970.jpg
301 400
76 32 265 396; 77 32 206 317; 78 31 301 400; 

54\163_163972.jpg
400 311
20 22 378 208; 16 21 379 226; 16 22 379 290; 

54\163_163989.jpg
400 266
15 80 244 261; 6 86 246 263; 6 84 245 260; 

54\163_163990.jpg
400 266
72 46 302 231; 111 100 259 234; 71 1 319 229; 

54\164_164002.jpg
400 266
128 58 278 208; 130 58 278 209; 129 59 279 209; 

54\164_164010.jpg
289 400
2 30 199 336; 138 31 228 345; 1 34 194 349; 

54\164_164023.jpg
400 245
112 24 317 166; 113 24 385 179; 116 25 391 178; 

54\164_164025.jpg
400 258
48 40 328 240; 34 32 248 232; 43 27 359 241; 

54\164_164041.jpg
400 268
28 21 301 245; 30 22 270 245; 29 22 341 242; 

54\164_164045.jpg
400 266
108 72 270 194; 107 74 272 194; 111 72 270 266; 

54\164_164064.jpg
400 333
222 26 344 303; 221 30 330 296; 220 32 328 294; 

54\164_164076.jpg
400 287
164 124 381 279; 81 6 382 280; 81 9 394 282; 

54\164_164077.jpg
400 382
218 150 389 378; 168 154 393 377; 219 153 395 378; 

54\164_164088.jpg
320 400
13 86 271 354; 13 82 266 355; 11 84 272 352; 

54\164_164091.jpg
400 266
76 74 235 264; 76 71 238 266; 76 72 232 177; 

54\164_164114.jpg
400 300
26 46 374 244; 29 52 375 248; 27 46 376 249; 

54\164_164147.jpg
400 306
10 14 231 236; 0 6 235 239; 0 6 235 235; 

54\164_164151.jpg
400 270
206 2 392 264; 208 58 362 241; 208 4 395 239; 

54\164_164162.jpg
400 266
18 14 266 212; 6 14 267 214; 8 13 264 219; 

54\164_164187.jpg
400 266
44 45 238 266; 45 46 246 266; 46 46 246 266; 

54\164_164191.jpg
400 266
140 22 260 265; 121 22 251 266; 131 21 259 266; 

54\164_164212.jpg
300 400
92 12 184 341; 88 12 187 339; 89 11 188 342; 

54\164_164217.jpg
400 334
20 18 329 133; 23 16 331 132; 21 14 329 282; 

54\164_164224.jpg
400 266
131 50 327 248; 134 52 327 241; 132 51 327 242; 

54\164_164225.jpg
266 400
3 4 253 236; 2 2 254 239; 1 0 252 230; 

54\164_164226.jpg
400 283
205 81 306 229; 208 72 306 242; 207 72 308 244; 

54\164_164231.jpg
400 266
74 26 301 262; 94 28 189 132; 95 26 187 130; 

54\164_164234.jpg
366 400
48 40 310 306; 53 41 311 296; 44 30 310 370; 

54\164_164235.jpg
400 258
64 88 358 217; 66 119 360 219; 21 18 364 235; 

54\164_164238.jpg
400 350
85 8 296 341; 117 9 298 334; 118 9 290 150; 

54\164_164264.jpg
400 300
271 70 380 294; 274 20 345 300; 246 22 400 300; 

54\164_164276.jpg
400 306
84 6 348 224; 81 32 338 210; 84 33 359 216; 

54\164_164278.jpg
400 314
142 60 258 264; 124 4 244 228; 150 58 244 225; 

54\164_164283.jpg
400 266
148 16 246 227; 151 11 267 229; 149 11 268 229; 

54\164_164294.jpg
400 300
64 52 246 300; 45 40 248 300; 42 42 248 300; 

54\164_164374.jpg
400 266
148 38 320 217; 145 25 322 238; 149 24 323 238; 

54\164_164379.jpg
400 300
56 88 310 282; 64 89 319 284; 62 89 317 286; 

54\164_164390.jpg
400 291
186 88 380 286; 184 88 383 286; 185 89 382 291; 

54\164_164391.jpg
400 268
148 16 345 239; 148 15 344 238; 150 16 342 239; 

54\164_164392.jpg
400 267
156 40 328 225; 158 39 331 231; 158 41 328 229; 

54\164_164393.jpg
400 266
8 32 288 237; 75 34 287 239; 76 34 287 239; 

54\164_164404.jpg
400 266
72 90 253 193; 73 94 250 188; 72 92 253 191; 

54\164_164407.jpg
400 262
112 31 227 259; 111 31 223 256; 112 29 222 256; 

54\164_164409.jpg
287 400
40 90 243 396; 38 32 228 343; 39 31 246 400; 

54\164_164411.jpg
285 400
28 80 209 341; 22 22 211 332; 24 21 225 390; 

54\164_164412.jpg
237 400
51 26 201 387; 51 27 204 272; 52 25 202 394; 

54\164_164413.jpg
270 400
84 134 174 274; 87 84 171 266; 86 84 236 400; 

54\164_164419.jpg
275 400
21 38 205 340; 15 36 202 339; 16 36 262 400; 

54\164_164429.jpg
400 345
64 38 268 321; 66 16 269 339; 65 16 268 338; 

54\164_164433.jpg
266 399
44 80 248 382; 54 63 265 399; 2 63 265 399; 

54\164_164434.jpg
290 400
176 116 282 340; 179 100 290 341; 178 103 290 340; 

54\164_164436.jpg
400 266
2 115 372 222; 8 119 369 222; 9 118 369 216; 

54\164_164441.jpg
400 289
30 30 170 148; 30 29 170 150; 31 28 172 151; 

54\164_164442.jpg
400 255
142 26 378 149; 143 28 381 155; 141 29 379 155; 

54\164_164443.jpg
400 216
12 88 108 184; 13 92 109 186; 12 90 109 159; 

54\164_164451.jpg
400 278
46 32 254 248; 41 16 259 241; 46 18 259 241; 

54\164_164467.jpg
400 310
78 28 309 238; 76 27 309 240; 76 28 309 239; 

54\164_164472.jpg
400 300
27 65 351 281; 27 65 351 282; 26 68 348 281; 

54\164_164477.jpg
285 400
74 68 179 266; 72 66 192 386; 70 46 194 383; 

54\164_164481.jpg
400 265
128 36 292 262; 148 41 296 208; 25 27 295 260; 

54\164_164484.jpg
300 400
86 85 248 399; 86 87 254 269; 89 53 254 256; 

54\164_164486.jpg
363 400
11 73 318 356; 42 59 321 362; 2 58 321 361; 

54\164_164500.jpg
400 266
124 99 397 239; 109 92 400 267; 120 95 399 257; 

54\164_164502.jpg
400 266
34 24 248 227; 32 24 252 182; 32 23 253 182; 

54\164_164505.jpg
399 299
40 60 352 268; 54 62 358 246; 56 61 358 246; 

54\164_164508.jpg
400 300
256 74 380 292; 272 22 344 300; 271 23 400 300; 

54\164_164537.jpg
320 400
60 130 260 256; 63 131 257 261; 62 17 259 257; 

54\164_164544.jpg
400 266
150 12 312 264; 151 4 310 266; 158 18 312 266; 

54\164_164560.jpg
400 300
67 51 392 234; 62 51 283 234; 64 51 396 233; 

54\164_164570.jpg
400 300
84 16 318 262; 87 16 319 265; 88 16 319 262; 

54\164_164571.jpg
300 400
46 48 281 274; 44 48 279 274; 46 48 280 274; 

54\164_164580.jpg
400 266
0 58 254 249; 8 63 256 254; 6 63 291 254; 

54\164_164581.jpg
400 266
86 48 324 257; 89 48 324 258; 88 50 324 258; 

54\164_164582.jpg
400 266
181 41 326 263; 186 38 334 266; 186 37 331 266; 

54\164_164583.jpg
400 296
118 78 304 216; 118 82 306 221; 120 81 304 222; 

54\164_164595.jpg
400 300
250 74 376 292; 244 8 346 300; 248 9 399 300; 

54\164_164598.jpg
400 300
82 66 322 242; 46 63 312 243; 45 64 317 243; 

54\164_164601.jpg
400 274
176 46 304 190; 177 9 321 190; 178 9 319 191; 

54\164_164602.jpg
400 300
70 18 280 296; 66 22 279 300; 65 18 282 300; 

54\164_164617.jpg
221 400
22 28 199 266; 22 30 196 271; 26 30 194 268; 

54\164_164619.jpg
400 300
81 16 310 240; 86 57 309 247; 83 52 310 261; 

54\164_164621.jpg
400 307
60 32 306 243; 60 28 306 248; 61 31 306 241; 

54\164_164623.jpg
300 400
98 66 236 270; 91 66 242 229; 92 66 242 229; 

54\164_164625.jpg
266 400
144 190 204 370; 12 21 181 379; 146 191 204 371; 

54\164_164634.jpg
400 301
202 74 394 296; 193 22 394 298; 206 86 391 279; 

54\164_164643.jpg
400 266
50 66 342 236; 53 66 346 239; 48 66 342 237; 

54\164_164648.jpg
266 400
43 133 263 350; 14 136 266 348; 43 136 266 349; 

54\164_164654.jpg
400 276
168 32 342 244; 146 21 369 253; 145 22 368 254; 

54\164_164662.jpg
400 304
106 16 358 222; 75 111 357 265; 73 17 359 265; 

54\164_164666.jpg
400 265
71 66 280 245; 68 66 279 242; 68 64 281 246; 

54\164_164674.jpg
341 400
73 56 319 351; 81 57 305 226; 8 59 338 351; 

54\164_164679.jpg
399 265
114 58 376 238; 121 61 378 232; 121 61 380 236; 

54\164_164686.jpg
400 384
58 48 368 320; 49 20 364 305; 49 22 362 308; 

54\164_164691.jpg
400 266
119 24 328 236; 118 27 331 216; 118 27 336 214; 

54\164_164695.jpg
285 400
46 32 251 268; 29 30 260 271; 29 31 258 271; 

54\164_164702.jpg
400 266
12 28 198 227; 4 21 208 230; 8 21 208 232; 

54\164_164708.jpg
400 307
126 64 248 235; 113 64 250 251; 114 67 249 255; 

54\164_164713.jpg
400 266
44 86 331 236; 45 91 331 232; 43 91 331 231; 

54\164_164714.jpg
400 300
72 92 300 272; 87 94 291 281; 72 94 291 263; 

54\164_164722.jpg
400 326
97 12 335 316; 102 12 338 322; 104 11 336 323; 

54\164_164725.jpg
400 400
38 98 357 288; 24 98 351 191; 24 98 376 312; 

54\164_164747.jpg
301 400
58 54 225 356; 64 53 223 341; 62 55 222 353; 

54\164_164750.jpg
309 400
26 92 278 354; 22 92 281 355; 21 91 278 357; 

54\164_164763.jpg
400 261
16 22 376 138; 19 19 375 139; 21 21 379 142; 

54\164_164771.jpg
280 400
42 124 218 324; 45 126 203 309; 42 125 202 306; 

54\164_164773.jpg
305 400
68 134 202 318; 66 134 204 301; 68 135 204 298; 

54\164_164811.jpg
300 400
24 224 230 336; 25 158 269 278; 26 156 269 345; 

54\164_164815.jpg
300 400
16 94 262 334; 14 96 263 301; 14 93 269 338; 

54\164_164822.jpg
375 399
93 52 327 386; 91 56 219 383; 93 54 324 400; 

54\164_164832.jpg
313 400
66 62 165 260; 70 60 165 258; 71 62 164 258; 

54\164_164855.jpg
300 400
18 103 254 292; 2 94 248 311; 8 94 299 400; 

54\164_164859.jpg
400 266
28 24 266 221; 28 26 244 247; 28 24 399 256; 

54\164_164903.jpg
400 300
80 112 304 218; 69 112 306 221; 71 114 309 216; 

54\164_164904.jpg
400 300
92 170 371 284; 92 168 377 280; 92 171 375 286; 

54\164_164915.jpg
400 400
54 18 328 344; 51 21 329 250; 52 19 328 390; 

54\164_164923.jpg
400 266
32 8 266 264; 25 6 265 265; 30 5 265 265; 

54\164_164934.jpg
400 300
132 46 262 158; 122 41 274 159; 126 41 272 158; 

54\164_164935.jpg
400 299
74 74 199 214; 74 77 214 222; 73 76 211 225; 

54\164_164945.jpg
400 282
121 84 298 170; 118 86 379 182; 122 86 379 180; 

54\164_164950.jpg
266 399
50 60 206 336; 51 61 208 336; 53 61 206 336; 

54\164_164959.jpg
400 257
88 0 339 241; 84 141 373 244; 84 1 372 246; 

54\164_164968.jpg
400 300
56 30 372 230; 47 29 316 226; 52 29 396 237; 

54\164_164983.jpg
400 200
44 64 319 174; 42 66 319 172; 42 68 318 171; 

