357

60\180_180004.jpg
400 260
46 102 338 226; 50 99 339 225; 49 100 339 225; 

60\180_180008.jpg
400 345
158 96 322 319; 160 98 323 319; 162 99 322 322; 

60\180_180009.jpg
260 383
41 34 153 362; 39 35 150 361; 37 36 149 358; 

60\180_180013.jpg
400 305
132 117 390 259; 130 126 391 262; 132 108 389 262; 

60\180_180014.jpg
263 400
69 96 219 302; 68 94 221 299; 17 96 220 389; 

60\180_180015.jpg
400 400
98 106 380 358; 98 102 248 370; 97 104 399 369; 

60\180_180016.jpg
400 354
12 91 234 346; 56 86 236 239; 1 89 237 354; 

60\180_180017.jpg
400 400
37 17 372 271; 94 15 279 271; 34 0 389 284; 

60\180_180022.jpg
300 400
74 88 260 386; 116 140 258 309; 54 82 258 310; 

60\180_180026.jpg
400 300
36 144 212 232; 40 147 209 232; 39 148 209 232; 

60\180_180032.jpg
399 399
124 4 329 272; 134 1 327 270; 113 1 329 268; 

60\180_180036.jpg
400 263
56 102 264 211; 55 125 226 198; 58 128 224 211; 

60\180_180054.jpg
285 400
91 10 197 386; 90 8 197 389; 90 9 197 389; 

60\180_180055.jpg
286 400
74 10 198 390; 75 8 201 392; 75 9 202 391; 

60\180_180059.jpg
320 400
72 6 198 394; 69 7 199 400; 69 7 199 400; 

60\180_180060.jpg
320 400
76 14 266 347; 71 15 259 382; 72 16 306 400; 

60\180_180070.jpg
400 285
56 58 338 271; 55 60 201 271; 54 61 329 271; 

60\180_180073.jpg
320 400
86 10 224 386; 86 9 226 400; 89 9 225 400; 

60\180_180074.jpg
320 400
24 12 228 382; 23 10 238 382; 23 11 236 400; 

60\180_180080.jpg
400 300
84 42 308 254; 85 40 314 255; 89 45 309 254; 

60\180_180093.jpg
400 266
100 79 237 263; 98 78 182 225; 101 78 184 244; 

60\180_180098.jpg
400 275
94 40 374 267; 91 39 375 269; 92 38 375 266; 

60\180_180136.jpg
400 266
94 42 364 235; 94 40 396 205; 95 41 395 217; 

60\180_180142.jpg
400 266
25 24 264 239; 22 21 261 207; 26 23 264 249; 

60\180_180144.jpg
400 266
93 42 362 223; 96 41 395 205; 95 41 394 225; 

60\180_180145.jpg
400 266
43 71 328 266; 38 33 331 266; 37 34 331 266; 

60\180_180157.jpg
400 266
106 42 364 237; 94 41 395 207; 94 41 395 220; 

60\180_180160.jpg
400 320
18 100 338 298; 18 99 338 299; 16 98 381 299; 

60\180_180161.jpg
400 400
62 44 314 291; 59 42 313 290; 60 41 314 290; 

60\180_180163.jpg
400 320
8 18 184 214; 6 16 181 214; 6 16 181 216; 

60\180_180170.jpg
400 320
118 76 276 226; 119 75 276 225; 121 76 276 226; 

60\180_180178.jpg
400 300
142 44 384 212; 145 47 370 215; 144 46 389 215; 

60\180_180180.jpg
400 300
92 44 332 212; 113 85 289 224; 31 36 362 226; 

60\180_180182.jpg
400 300
108 104 365 251; 128 104 362 251; 126 104 359 252; 

60\180_180190.jpg
400 400
110 92 274 242; 110 92 276 244; 109 93 275 244; 

60\180_180211.jpg
400 268
20 114 324 260; 18 108 321 261; 1 112 329 269; 

60\180_180223.jpg
300 400
102 186 258 396; 101 185 261 399; 103 186 261 400; 

60\180_180224.jpg
400 273
202 56 391 268; 206 56 400 272; 204 58 398 272; 

60\180_180239.jpg
400 350
99 116 302 276; 101 117 296 274; 100 115 309 272; 

60\180_180251.jpg
400 266
208 84 378 263; 209 71 380 265; 209 84 379 266; 

60\180_180252.jpg
399 396
136 80 396 395; 134 113 399 396; 135 116 399 397; 

60\180_180254.jpg
400 246
52 58 236 159; 54 61 240 157; 54 62 237 157; 

60\180_180257.jpg
400 248
218 22 372 172; 220 21 374 174; 221 22 372 172; 

60\180_180258.jpg
400 317
184 30 354 311; 231 74 328 212; 217 25 360 226; 

60\180_180282.jpg
400 386
66 36 350 309; 67 27 357 315; 69 28 357 314; 

60\180_180315.jpg
400 252
52 30 370 216; 42 31 371 218; 44 31 370 215; 

60\180_180369.jpg
400 341
86 18 376 258; 83 28 274 204; 84 0 400 258; 

60\180_180375.jpg
296 400
98 70 282 351; 94 71 289 354; 93 73 289 352; 

60\180_180377.jpg
290 400
80 67 240 374; 75 70 246 372; 76 72 248 375; 

60\180_180398.jpg
400 300
150 31 308 268; 152 54 311 268; 161 56 309 269; 

60\180_180400.jpg
300 400
94 140 234 382; 102 142 229 362; 105 137 228 362; 

60\180_180401.jpg
300 400
94 36 228 370; 101 34 224 370; 101 34 222 368; 

60\180_180405.jpg
400 265
62 44 266 263; 60 38 268 265; 60 36 268 265; 

60\180_180406.jpg
266 400
26 30 232 166; 14 21 248 165; 14 21 251 384; 

60\180_180414.jpg
400 266
136 52 282 216; 142 53 283 213; 142 53 282 216; 

60\180_180432.jpg
266 400
50 53 143 219; 53 59 144 183; 43 61 159 218; 

60\180_180433.jpg
266 400
91 56 229 262; 89 63 227 200; 89 44 228 291; 

60\180_180439.jpg
266 400
5 80 204 364; 4 82 174 319; 1 82 206 368; 

60\180_180440.jpg
266 400
50 28 188 250; 51 25 186 222; 2 26 266 400; 

60\180_180442.jpg
313 400
121 14 277 362; 127 21 282 347; 121 18 281 349; 

60\180_180449.jpg
356 400
78 39 318 386; 106 44 321 380; 147 44 309 204; 

60\180_180459.jpg
253 400
49 19 189 392; 43 24 188 392; 43 28 187 395; 

60\180_180462.jpg
288 400
82 60 265 394; 81 59 257 304; 84 59 271 400; 

60\180_180464.jpg
290 400
96 26 238 374; 96 26 244 374; 98 25 242 376; 

60\180_180488.jpg
400 266
4 40 243 261; 1 42 244 266; 0 42 242 266; 

60\180_180497.jpg
400 298
127 66 338 278; 131 66 312 246; 58 66 310 272; 

60\180_180508.jpg
338 400
41 124 301 358; 61 154 228 351; 22 91 260 366; 

60\180_180511.jpg
399 343
78 129 366 285; 74 127 370 291; 71 123 374 292; 

60\180_180527.jpg
322 400
46 28 295 289; 45 29 269 252; 47 29 290 286; 

60\180_180558.jpg
266 400
44 32 146 356; 36 28 144 354; 46 42 128 134; 

60\180_180559.jpg
266 400
40 56 177 212; 21 25 191 222; 41 58 174 208; 

60\180_180577.jpg
400 320
40 60 186 192; 41 61 185 191; 41 62 184 191; 

60\180_180586.jpg
400 266
140 40 326 260; 141 75 296 223; 143 12 335 224; 

60\180_180615.jpg
234 400
48 22 128 282; 50 22 127 279; 52 22 126 281; 

60\180_180617.jpg
266 400
72 144 199 288; 72 134 199 288; 72 147 199 289; 

60\180_180681.jpg
399 373
52 54 332 269; 90 81 337 285; 92 80 331 268; 

60\180_180684.jpg
270 400
68 44 249 354; 70 145 264 318; 72 42 264 317; 

60\180_180691.jpg
400 266
68 102 296 212; 68 103 320 217; 67 102 313 217; 

60\180_180703.jpg
320 400
114 27 230 391; 114 28 233 390; 116 29 231 390; 

60\180_180705.jpg
242 400
48 7 175 386; 45 8 174 385; 46 8 172 389; 

60\180_180725.jpg
351 400
81 38 279 362; 22 38 281 361; 22 38 278 360; 

60\180_180740.jpg
320 400
56 170 196 316; 54 174 196 316; 54 173 194 318; 

60\180_180753.jpg
400 206
104 72 268 154; 133 73 221 137; 132 72 221 135; 

60\180_180760.jpg
400 286
81 64 375 258; 85 64 241 252; 85 65 400 255; 

60\180_180774.jpg
400 320
198 70 372 318; 189 71 376 320; 195 76 372 320; 

60\180_180781.jpg
400 320
26 30 292 274; 26 32 294 274; 28 33 292 275; 

60\180_180798.jpg
400 400
72 84 307 339; 108 169 306 330; 96 74 315 331; 

60\180_180818.jpg
400 265
80 10 314 263; 140 36 371 184; 141 2 372 184; 

60\180_180880.jpg
400 275
150 62 291 243; 154 65 282 235; 154 64 281 232; 

60\180_180885.jpg
400 266
14 21 221 246; 19 22 221 249; 21 21 219 248; 

60\180_180893.jpg
400 265
9 43 185 260; 1 38 222 264; 0 39 222 265; 

60\180_180932.jpg
400 266
134 66 266 199; 138 68 264 198; 137 70 266 197; 

60\180_180942.jpg
400 298
104 78 324 216; 103 79 326 221; 103 81 324 222; 

60\180_180943.jpg
400 296
224 24 346 166; 222 26 346 168; 226 28 343 171; 

60\180_180946.jpg
400 289
8 54 270 239; 158 56 276 249; 156 55 275 249; 

60\180_180952.jpg
400 301
49 64 348 289; 53 112 255 282; 53 63 345 282; 

60\181_181006.jpg
400 300
56 26 344 206; 50 21 350 208; 47 20 348 208; 

60\181_181008.jpg
400 266
102 48 266 184; 88 54 261 185; 109 51 275 187; 

60\181_181009.jpg
400 245
200 5 397 205; 191 19 338 210; 193 8 400 211; 

60\181_181012.jpg
400 314
14 52 286 309; 83 54 250 181; 109 54 248 176; 

60\181_181021.jpg
400 400
126 66 392 386; 122 68 353 389; 128 64 399 391; 

60\181_181026.jpg
400 326
214 66 336 262; 245 125 335 262; 246 108 332 257; 

60\181_181030.jpg
400 290
70 72 222 244; 148 114 221 232; 69 73 221 248; 

60\181_181032.jpg
266 400
49 9 221 359; 51 14 224 222; 2 16 261 367; 

60\181_181035.jpg
266 400
30 52 232 294; 23 52 239 294; 24 51 266 400; 

60\181_181047.jpg
400 264
104 48 302 261; 96 62 303 264; 98 33 302 264; 

60\181_181052.jpg
400 393
81 41 349 334; 84 44 361 322; 82 46 359 376; 

60\181_181066.jpg
400 346
248 98 354 316; 252 98 348 317; 252 96 345 316; 

60\181_181067.jpg
400 260
244 66 388 234; 246 67 385 232; 246 68 382 232; 

60\181_181069.jpg
400 285
166 21 352 270; 171 14 350 222; 172 17 398 258; 

60\181_181075.jpg
400 301
86 14 182 164; 116 53 183 166; 61 4 181 166; 

60\181_181080.jpg
400 400
92 92 266 330; 119 107 264 333; 118 107 262 335; 

60\181_181083.jpg
400 300
62 48 340 270; 59 49 283 272; 61 50 343 273; 

60\181_181096.jpg
399 308
124 36 392 301; 167 36 390 279; 120 36 387 305; 

60\181_181101.jpg
400 300
45 22 296 248; 142 24 222 282; 2 23 374 289; 

60\181_181116.jpg
400 300
48 30 358 257; 47 26 322 218; 57 16 363 281; 

60\181_181129.jpg
284 400
50 42 236 318; 48 44 236 319; 48 43 237 321; 

60\181_181136.jpg
400 300
22 48 326 260; 21 48 328 191; 20 48 325 193; 

60\181_181144.jpg
400 295
16 12 299 241; 113 54 201 161; 15 16 298 236; 

60\181_181148.jpg
299 399
107 42 176 359; 98 43 183 357; 98 43 182 358; 

60\181_181152.jpg
400 299
34 82 288 242; 39 84 291 237; 37 84 290 240; 

60\181_181157.jpg
400 299
163 17 335 298; 166 17 368 297; 165 18 367 299; 

60\181_181159.jpg
400 299
34 18 270 278; 218 118 271 284; 2 14 272 294; 

60\181_181160.jpg
400 299
46 114 240 293; 20 116 211 288; 19 118 238 299; 

60\181_181168.jpg
400 266
40 44 294 156; 32 40 270 145; 34 42 272 145; 

60\181_181176.jpg
293 400
0 62 239 342; 3 69 132 254; 1 69 131 257; 

60\181_181182.jpg
400 380
186 110 344 300; 185 110 346 304; 185 111 344 302; 

60\181_181230.jpg
400 282
168 28 382 204; 215 16 385 136; 215 19 389 141; 

60\181_181233.jpg
400 320
132 28 370 238; 132 21 379 256; 137 25 372 235; 

60\181_181247.jpg
400 264
99 46 262 258; 100 44 263 263; 100 47 264 264; 

60\181_181249.jpg
400 265
204 86 380 263; 201 76 385 265; 202 76 382 265; 

60\181_181259.jpg
400 400
84 78 322 326; 73 75 332 339; 71 72 322 325; 

60\181_181277.jpg
399 266
1 40 310 244; 2 41 314 255; 1 41 313 256; 

60\181_181344.jpg
399 266
78 33 271 224; 78 35 270 228; 79 35 269 228; 

60\181_181346.jpg
400 300
30 160 360 264; 8 160 380 286; 8 159 379 287; 

60\181_181347.jpg
400 186
9 51 138 181; 11 55 134 180; 12 56 134 172; 

60\181_181348.jpg
400 311
44 12 288 245; 44 8 291 263; 45 9 268 190; 

60\181_181360.jpg
400 382
35 111 346 341; 36 111 337 303; 36 111 350 342; 

60\181_181361.jpg
400 355
29 62 370 289; 29 64 234 292; 29 64 235 292; 

60\181_181362.jpg
400 369
98 117 348 329; 101 119 311 356; 100 119 375 355; 

60\181_181363.jpg
400 255
14 34 318 197; 8 35 324 198; 6 36 321 202; 

60\181_181368.jpg
400 341
118 86 238 210; 125 90 232 202; 125 90 232 203; 

60\181_181373.jpg
266 400
123 188 259 389; 121 189 266 386; 123 191 266 386; 

60\181_181382.jpg
400 260
55 28 239 171; 55 29 236 170; 54 31 237 171; 

60\181_181384.jpg
400 378
166 26 378 373; 151 31 376 207; 155 32 375 379; 

60\181_181385.jpg
400 261
42 101 304 242; 45 100 296 240; 46 101 293 240; 

60\181_181388.jpg
400 300
38 70 270 200; 4 61 258 202; 12 62 338 203; 

60\181_181390.jpg
266 400
58 85 220 372; 9 76 257 246; 10 77 258 367; 

60\181_181393.jpg
318 400
74 44 255 392; 79 26 230 159; 62 25 262 400; 

60\181_181395.jpg
333 400
98 38 239 392; 84 35 244 235; 86 37 246 400; 

60\181_181398.jpg
310 400
52 62 198 388; 48 14 205 292; 46 14 209 400; 

60\181_181399.jpg
295 400
63 50 245 393; 73 25 248 319; 62 24 249 400; 

60\181_181400.jpg
288 400
76 38 234 393; 70 37 238 330; 70 39 238 400; 

60\181_181401.jpg
300 400
70 38 251 388; 60 9 193 214; 72 38 252 400; 

60\181_181415.jpg
400 266
40 48 334 228; 36 48 320 230; 42 49 320 228; 

60\181_181419.jpg
400 266
40 48 334 228; 38 48 320 231; 38 51 321 228; 

60\181_181422.jpg
400 379
156 114 369 319; 158 103 371 321; 158 100 370 357; 

60\181_181423.jpg
265 400
54 112 219 370; 53 115 216 222; 3 1 265 221; 

60\181_181424.jpg
400 265
142 80 328 263; 138 82 338 232; 137 82 336 233; 

60\181_181428.jpg
400 263
54 41 287 241; 142 46 286 166; 56 47 285 249; 

60\181_181438.jpg
400 228
146 4 377 214; 155 14 359 209; 142 0 383 208; 

60\181_181439.jpg
366 400
56 30 238 392; 57 27 238 326; 56 26 241 400; 

60\181_181440.jpg
400 322
38 24 221 315; 36 24 222 313; 33 24 222 322; 

60\181_181441.jpg
400 400
90 60 312 366; 94 34 286 208; 72 33 332 400; 

60\181_181442.jpg
400 400
90 58 304 366; 91 32 286 209; 70 34 332 400; 

60\181_181443.jpg
266 400
68 84 191 206; 71 86 189 205; 71 87 191 205; 

60\181_181478.jpg
400 300
108 72 298 221; 119 89 283 202; 121 98 286 202; 

60\181_181482.jpg
400 300
160 19 387 297; 169 46 318 206; 150 22 400 300; 

60\181_181484.jpg
400 300
64 24 322 296; 141 22 298 228; 67 22 325 300; 

60\181_181486.jpg
400 300
59 62 308 232; 61 69 305 214; 62 66 306 234; 

60\181_181487.jpg
400 256
24 70 318 192; 23 70 319 186; 23 68 320 186; 

60\181_181490.jpg
400 300
136 33 332 217; 140 34 323 216; 139 33 321 215; 

60\181_181528.jpg
400 266
4 88 356 223; 161 90 352 222; 165 91 352 222; 

60\181_181545.jpg
400 362
28 128 280 324; 28 124 282 318; 28 126 282 324; 

60\181_181551.jpg
400 300
72 24 328 194; 69 30 324 178; 68 29 323 175; 

60\181_181561.jpg
400 311
119 26 312 299; 119 26 256 218; 118 26 252 224; 

60\181_181571.jpg
398 400
52 84 281 320; 51 85 302 342; 51 83 370 344; 

60\181_181574.jpg
328 400
80 68 272 292; 38 71 275 300; 34 71 274 302; 

60\181_181586.jpg
400 300
82 42 331 281; 86 44 328 282; 88 42 328 282; 

60\181_181593.jpg
400 266
72 40 228 164; 71 1 228 166; 72 1 245 149; 

60\181_181594.jpg
299 400
40 60 265 294; 41 61 267 296; 44 60 266 295; 

60\181_181625.jpg
362 400
0 42 336 262; 1 41 339 257; 1 40 339 257; 

60\181_181628.jpg
300 400
28 146 259 396; 43 146 263 360; 29 148 260 400; 

60\181_181639.jpg
300 400
14 86 245 374; 14 82 194 370; 15 81 252 373; 

60\181_181642.jpg
300 400
54 72 277 372; 55 116 275 369; 41 93 283 371; 

60\181_181651.jpg
400 300
130 119 320 245; 141 121 321 255; 134 118 319 240; 

60\181_181660.jpg
399 299
40 46 350 204; 53 44 351 196; 23 45 353 212; 

60\181_181671.jpg
400 266
54 26 272 235; 48 21 271 216; 55 26 271 212; 

60\181_181695.jpg
400 268
14 23 347 188; 3 24 346 194; 2 26 346 267; 

60\181_181703.jpg
400 266
29 58 347 204; 23 56 341 198; 34 54 340 198; 

60\181_181742.jpg
400 290
116 36 370 288; 112 29 399 289; 113 29 400 290; 

60\181_181767.jpg
400 266
88 60 292 262; 124 59 271 266; 101 61 290 266; 

60\181_181781.jpg
400 225
34 12 250 222; 33 14 255 225; 35 15 247 225; 

60\181_181787.jpg
400 266
138 16 310 252; 136 15 311 262; 138 15 312 262; 

60\181_181788.jpg
400 300
110 50 296 226; 111 38 300 239; 86 38 301 240; 

60\181_181792.jpg
289 400
46 66 179 290; 48 68 179 212; 47 49 179 388; 

60\181_181794.jpg
300 400
130 36 241 323; 129 34 241 379; 128 34 242 378; 

60\181_181801.jpg
396 400
57 191 204 353; 55 197 201 347; 58 195 200 349; 

60\181_181802.jpg
340 400
68 99 250 328; 47 103 243 341; 48 104 243 339; 

60\181_181803.jpg
400 320
80 11 314 234; 69 4 294 164; 68 2 318 234; 

60\181_181807.jpg
320 400
32 72 274 380; 31 62 259 382; 33 62 256 384; 

60\181_181817.jpg
400 262
128 78 250 173; 128 81 245 171; 126 81 245 169; 

60\181_181818.jpg
400 262
50 64 320 164; 11 65 321 165; 10 64 320 164; 

60\181_181819.jpg
400 262
58 56 284 182; 58 55 288 174; 54 56 286 176; 

60\181_181820.jpg
400 262
78 61 227 261; 78 61 226 261; 79 63 225 262; 

60\181_181823.jpg
262 400
78 85 170 320; 75 89 165 314; 76 85 164 315; 

60\181_181837.jpg
400 268
20 84 226 236; 19 83 229 239; 21 84 230 239; 

60\181_181838.jpg
400 262
128 26 292 218; 144 38 295 212; 144 38 291 214; 

60\181_181841.jpg
400 262
36 7 298 189; 35 6 294 185; 36 8 294 184; 

60\181_181842.jpg
400 262
138 64 337 205; 138 69 335 204; 140 71 334 203; 

60\181_181845.jpg
233 400
61 56 178 394; 58 49 178 398; 59 48 179 398; 

60\181_181857.jpg
400 276
192 82 316 200; 192 87 316 202; 192 86 320 206; 

60\181_181865.jpg
400 266
38 20 298 265; 43 65 299 266; 44 1 324 266; 

60\181_181869.jpg
300 400
72 16 256 331; 78 20 236 139; 78 19 254 331; 

60\181_181870.jpg
399 300
99 23 202 289; 103 30 200 289; 106 32 202 289; 

60\181_181876.jpg
400 303
31 76 298 270; 54 88 286 243; 53 90 288 246; 

60\181_181881.jpg
400 300
134 86 254 194; 134 88 256 205; 135 87 255 204; 

60\181_181907.jpg
400 285
38 72 286 250; 42 70 285 247; 42 70 284 248; 

60\181_181909.jpg
400 293
89 99 279 283; 84 99 278 282; 81 99 278 282; 

60\181_181932.jpg
400 316
20 104 263 280; 16 108 263 281; 14 108 263 282; 

60\181_181933.jpg
400 332
16 92 281 300; 11 96 281 301; 12 89 281 299; 

60\181_181934.jpg
400 331
38 86 286 289; 20 87 286 288; 21 88 286 288; 

60\181_181935.jpg
375 400
26 90 339 373; 29 88 371 379; 28 88 370 379; 

60\181_181936.jpg
400 269
40 38 226 175; 1 33 222 174; 28 31 248 178; 

60\181_181937.jpg
354 400
53 131 311 348; 60 129 311 350; 59 132 309 349; 

60\181_181938.jpg
400 338
14 120 302 316; 14 121 302 322; 14 120 302 322; 

60\181_181939.jpg
400 393
156 26 370 373; 154 4 252 377; 153 2 373 375; 

60\181_181941.jpg
266 400
72 31 209 374; 68 34 208 374; 66 35 208 374; 

60\181_181942.jpg
400 293
124 80 360 241; 124 83 313 238; 124 83 383 236; 

60\181_181949.jpg
400 300
74 58 278 291; 77 29 282 237; 76 30 268 233; 

60\181_181950.jpg
400 308
11 79 275 279; 11 83 276 271; 10 76 274 281; 

60\181_181951.jpg
400 355
15 94 329 336; 10 92 330 325; 13 92 330 336; 

60\181_181954.jpg
400 393
36 103 323 347; 32 100 321 343; 31 103 322 349; 

60\181_181956.jpg
400 305
148 90 372 270; 148 94 386 269; 148 94 388 271; 

60\181_181957.jpg
400 326
120 126 381 302; 124 122 383 298; 124 123 386 304; 

60\181_181987.jpg
300 400
74 49 232 352; 76 49 232 352; 77 49 232 354; 

60\182_182009.jpg
400 338
78 100 302 238; 80 98 304 231; 79 98 318 231; 

60\182_182027.jpg
400 243
180 51 320 243; 182 52 315 239; 182 52 314 241; 

60\182_182028.jpg
400 266
46 20 333 241; 48 19 335 240; 48 21 334 266; 

60\182_182029.jpg
300 400
116 82 222 306; 120 59 226 254; 118 60 226 227; 

60\182_182039.jpg
400 266
44 20 265 263; 43 19 205 225; 43 19 205 226; 

60\182_182068.jpg
268 400
11 47 212 354; 12 48 232 362; 14 47 232 361; 

60\182_182070.jpg
400 298
106 72 310 294; 108 62 314 298; 108 64 312 298; 

60\182_182071.jpg
400 266
114 20 282 260; 116 18 281 248; 116 18 282 266; 

60\182_182072.jpg
400 273
60 62 194 268; 62 63 198 274; 62 64 196 274; 

60\182_182073.jpg
400 266
146 44 262 265; 54 45 342 266; 55 45 342 266; 

60\182_182087.jpg
400 400
71 156 198 390; 59 146 197 400; 58 146 205 400; 

60\182_182103.jpg
399 299
54 66 334 185; 59 66 344 182; 43 62 361 185; 

60\182_182111.jpg
320 400
61 30 260 397; 118 29 244 331; 46 29 247 353; 

60\182_182139.jpg
400 335
114 23 225 281; 111 19 223 296; 112 18 223 292; 

60\182_182180.jpg
266 400
52 80 239 246; 49 79 224 247; 51 78 266 248; 

60\182_182190.jpg
400 266
18 106 218 251; 14 107 221 246; 15 108 218 248; 

60\182_182191.jpg
400 266
28 86 265 256; 30 89 268 252; 29 89 265 252; 

60\182_182192.jpg
400 275
36 64 220 268; 36 65 224 212; 37 65 222 261; 

60\182_182200.jpg
400 266
104 62 282 184; 105 63 286 185; 106 64 285 186; 

60\182_182210.jpg
400 266
90 66 346 263; 115 64 347 242; 91 65 347 267; 

60\182_182211.jpg
259 400
38 36 215 188; 40 34 202 176; 39 36 215 182; 

60\182_182212.jpg
400 300
61 148 164 296; 63 147 165 300; 64 148 163 300; 

60\182_182213.jpg
400 298
117 71 342 259; 83 69 344 271; 84 70 343 269; 

60\182_182214.jpg
400 196
144 54 388 152; 142 54 386 148; 142 54 388 148; 

60\182_182221.jpg
400 266
175 43 324 246; 171 43 324 239; 172 42 324 241; 

60\182_182225.jpg
260 399
37 58 170 350; 37 59 174 356; 36 58 176 357; 

60\182_182231.jpg
266 399
38 50 248 308; 39 85 237 310; 38 90 233 306; 

60\182_182232.jpg
399 266
147 88 352 214; 161 0 374 217; 114 62 369 207; 

60\182_182233.jpg
266 399
9 167 263 388; 3 170 266 398; 1 167 266 399; 

60\182_182237.jpg
400 253
68 8 264 248; 113 56 268 251; 74 3 241 151; 

60\182_182242.jpg
399 266
70 8 276 258; 86 0 282 264; 78 1 280 266; 

60\182_182258.jpg
400 263
54 38 298 219; 51 38 298 148; 52 37 400 156; 

60\182_182274.jpg
400 266
150 96 294 263; 150 95 291 260; 151 96 290 261; 

60\182_182286.jpg
400 234
64 70 252 194; 75 69 251 191; 14 70 251 230; 

60\182_182290.jpg
266 400
45 157 251 390; 38 152 266 384; 41 150 266 390; 

60\182_182308.jpg
266 400
18 100 137 391; 11 93 139 397; 19 94 133 389; 

60\182_182310.jpg
400 266
20 126 214 265; 0 129 209 267; 6 128 211 267; 

60\182_182326.jpg
395 400
51 15 363 302; 52 21 369 300; 53 19 369 348; 

60\182_182327.jpg
399 303
145 12 374 302; 148 1 400 303; 153 2 318 211; 

60\182_182340.jpg
256 320
85 39 220 204; 89 48 209 195; 91 45 209 192; 

60\182_182355.jpg
235 400
38 32 165 396; 53 19 163 240; 35 17 192 400; 

60\182_182357.jpg
400 320
29 27 298 256; 24 27 296 259; 30 28 300 256; 

60\182_182364.jpg
400 300
128 47 394 255; 149 87 339 259; 131 88 339 257; 

60\182_182385.jpg
400 267
102 46 304 249; 101 48 302 226; 99 48 303 249; 

60\182_182406.jpg
302 400
36 144 251 394; 34 139 215 397; 36 149 241 399; 

60\182_182417.jpg
400 266
98 20 346 232; 98 17 349 232; 100 18 349 232; 

60\182_182421.jpg
400 266
72 12 342 247; 73 13 344 255; 74 12 344 254; 

60\182_182422.jpg
266 400
20 84 239 328; 19 84 239 331; 20 83 241 335; 

60\182_182424.jpg
400 266
102 20 316 209; 103 22 316 208; 104 21 317 208; 

60\182_182427.jpg
266 400
113 44 216 250; 114 45 213 244; 115 44 212 244; 

60\182_182431.jpg
266 400
6 80 235 278; 9 84 236 280; 11 84 235 279; 

60\182_182466.jpg
400 266
52 143 225 236; 46 145 225 241; 48 144 225 239; 

60\182_182467.jpg
400 266
136 20 394 264; 129 25 400 265; 170 47 400 265; 

60\182_182473.jpg
400 248
133 49 349 191; 131 53 353 163; 133 54 353 161; 

60\182_182480.jpg
400 266
74 69 304 200; 79 68 307 201; 77 71 306 199; 

60\182_182481.jpg
320 400
81 187 311 368; 83 189 312 372; 85 190 312 373; 

60\182_182491.jpg
314 399
20 187 274 393; 0 192 274 399; 1 189 274 400; 

60\182_182495.jpg
400 308
95 31 349 191; 93 32 352 211; 95 34 348 211; 

60\182_182498.jpg
245 400
46 8 213 338; 51 0 218 342; 50 0 216 342; 

60\182_182505.jpg
398 400
64 36 296 358; 86 37 299 320; 84 37 299 319; 

60\182_182511.jpg
400 352
49 124 322 311; 51 124 322 338; 49 126 321 352; 

60\182_182525.jpg
400 299
112 76 278 268; 122 99 239 234; 124 125 269 261; 

60\182_182526.jpg
400 300
100 34 332 240; 93 39 271 217; 95 27 247 215; 

60\182_182531.jpg
400 320
76 68 358 297; 73 66 361 299; 74 68 360 299; 

60\182_182532.jpg
400 300
1 54 393 234; 2 54 399 242; 0 54 397 243; 

60\182_182541.jpg
400 300
134 19 339 298; 134 2 337 298; 134 1 347 300; 

60\182_182543.jpg
400 324
154 6 388 321; 135 7 386 291; 133 4 387 324; 

60\182_182553.jpg
400 305
66 40 244 229; 54 53 222 197; 53 54 223 257; 

60\182_182560.jpg
400 300
98 38 310 251; 99 34 313 242; 99 38 318 245; 

60\182_182566.jpg
400 266
116 78 298 253; 116 81 299 258; 117 81 299 256; 

60\182_182571.jpg
400 234
42 49 347 214; 18 55 351 221; 19 54 350 222; 

60\182_182572.jpg
400 262
104 32 374 259; 121 31 301 235; 123 32 300 237; 

60\182_182576.jpg
400 319
28 112 224 311; 15 116 221 252; 14 116 219 252; 

60\182_182577.jpg
400 320
13 118 364 308; 2 119 363 279; 2 120 363 281; 

60\182_182605.jpg
268 400
14 44 213 354; 14 49 232 362; 12 47 232 362; 

60\182_182615.jpg
400 381
125 32 343 345; 125 75 366 348; 116 26 365 348; 

60\182_182626.jpg
400 301
62 42 305 296; 126 42 288 292; 43 43 321 301; 

60\182_182634.jpg
399 299
68 74 282 226; 72 72 292 239; 67 17 306 239; 

60\182_182649.jpg
400 266
49 89 164 261; 46 92 162 259; 47 92 165 222; 

60\182_182652.jpg
300 400
47 66 153 336; 51 64 153 335; 26 67 157 335; 

60\182_182661.jpg
400 301
18 49 382 232; 14 51 250 146; 14 51 387 236; 

60\182_182663.jpg
320 251
135 28 240 245; 25 31 245 247; 29 26 244 245; 

60\182_182666.jpg
301 400
71 48 244 279; 72 114 238 230; 72 12 244 227; 

60\182_182681.jpg
335 400
142 50 288 336; 145 51 301 220; 108 52 308 339; 

60\182_182687.jpg
400 300
72 22 332 276; 73 21 323 274; 72 24 321 274; 

60\182_182701.jpg
400 300
225 86 288 288; 228 92 284 287; 227 88 282 290; 

60\182_182722.jpg
400 301
100 52 374 264; 102 52 378 266; 102 52 378 270; 

60\182_182727.jpg
400 287
52 54 279 215; 51 56 281 213; 50 49 282 209; 

60\182_182756.jpg
400 300
41 42 216 250; 46 42 216 237; 45 43 213 261; 

60\182_182757.jpg
400 292
178 28 386 222; 172 38 385 229; 179 36 385 226; 

60\182_182758.jpg
400 330
26 54 221 203; 21 51 212 200; 20 51 212 190; 

60\182_182762.jpg
400 303
36 16 305 259; 35 14 306 262; 36 14 304 288; 

60\182_182767.jpg
400 395
19 18 376 249; 11 17 378 250; 12 18 377 249; 

60\182_182776.jpg
400 266
125 12 366 266; 98 2 398 266; 117 12 370 266; 

60\182_182784.jpg
400 266
144 18 308 241; 139 11 310 258; 142 11 310 259; 

60\182_182804.jpg
286 400
25 20 181 334; 71 59 184 217; 1 18 184 202; 

60\182_182806.jpg
400 251
68 36 340 248; 71 16 234 251; 68 16 342 251; 

60\182_182810.jpg
400 266
121 46 272 256; 138 52 266 251; 138 50 265 251; 

60\182_182816.jpg
290 400
92 42 208 383; 94 39 208 304; 0 18 208 400; 

60\182_182817.jpg
399 393
86 26 307 380; 89 42 293 372; 60 0 314 393; 

60\182_182846.jpg
400 400
90 128 304 248; 91 129 301 249; 93 131 300 248; 

60\182_182847.jpg
400 400
50 138 339 298; 51 138 335 297; 53 137 334 295; 

60\182_182849.jpg
400 400
78 90 292 216; 63 90 293 212; 65 91 292 212; 

60\182_182850.jpg
400 400
126 98 244 314; 125 82 244 317; 127 82 243 318; 

60\182_182867.jpg
400 266
52 106 301 240; 54 103 297 239; 53 103 298 239; 

60\182_182890.jpg
400 300
119 41 316 297; 125 42 318 299; 122 43 318 300; 

60\182_182903.jpg
400 266
82 27 399 210; 81 19 400 212; 83 29 400 211; 

60\182_182924.jpg
400 245
56 14 310 201; 63 0 311 179; 61 0 310 178; 

60\182_182925.jpg
321 399
36 22 225 386; 32 25 226 346; 34 23 225 400; 

60\182_182929.jpg
320 400
76 16 258 386; 78 4 251 354; 39 4 283 397; 

60\182_182951.jpg
400 313
20 66 239 311; 58 69 213 231; 2 68 242 312; 

60\182_182952.jpg
400 383
126 22 362 380; 103 94 335 384; 109 14 399 384; 

60\182_182960.jpg
320 400
46 24 284 320; 38 19 228 378; 37 20 320 400; 

60\182_182962.jpg
400 300
142 120 300 268; 141 119 303 269; 142 122 298 263; 

60\182_182965.jpg
400 300
124 76 395 294; 131 79 400 300; 68 28 400 300; 

60\182_182966.jpg
360 400
92 4 302 354; 24 222 339 375; 92 2 306 358; 

60\182_182967.jpg
286 400
70 54 226 386; 65 56 229 340; 57 55 235 340; 

60\182_182972.jpg
400 300
52 84 234 286; 63 85 236 292; 65 85 233 291; 

60\182_182979.jpg
400 299
72 61 274 183; 71 68 272 191; 0 67 272 299; 

60\182_182984.jpg
400 275
206 52 387 202; 206 34 381 170; 225 33 380 142; 

60\182_182987.jpg
400 289
124 62 302 201; 168 81 301 202; 22 46 372 242; 

