363

61\183_183007.jpg
400 396
108 44 382 368; 58 38 383 389; 58 49 384 396; 

61\183_183008.jpg
400 265
83 6 322 259; 83 66 308 261; 85 1 372 261; 

61\183_183016.jpg
400 266
121 29 318 231; 118 30 321 231; 118 31 322 231; 

61\183_183023.jpg
400 266
226 85 351 222; 235 86 348 222; 236 86 348 222; 

61\183_183024.jpg
400 266
111 56 272 263; 115 61 276 266; 115 61 278 266; 

61\183_183025.jpg
400 266
44 48 296 204; 42 51 294 205; 41 49 294 206; 

61\183_183027.jpg
274 400
26 97 169 328; 30 98 170 323; 26 99 170 332; 

61\183_183029.jpg
400 292
184 87 310 289; 174 82 311 292; 173 39 315 292; 

61\183_183035.jpg
400 400
46 55 343 322; 13 56 342 325; 2 56 341 400; 

61\183_183041.jpg
265 400
50 40 159 379; 49 35 158 398; 51 36 156 400; 

61\183_183049.jpg
400 266
24 52 306 254; 22 50 302 172; 19 48 302 251; 

61\183_183051.jpg
320 400
88 191 304 371; 87 188 316 375; 87 191 314 373; 

61\183_183056.jpg
400 306
147 36 354 158; 148 36 359 162; 148 38 362 166; 

61\183_183059.jpg
400 266
13 30 274 252; 189 29 276 170; 2 30 276 266; 

61\183_183064.jpg
400 307
152 51 341 290; 157 78 290 285; 156 54 349 291; 

61\183_183065.jpg
400 385
48 12 295 333; 47 118 293 331; 50 8 292 332; 

61\183_183077.jpg
276 400
34 42 204 336; 38 41 206 336; 36 40 206 334; 

61\183_183078.jpg
275 400
32 64 253 256; 60 68 259 256; 31 32 256 256; 

61\183_183089.jpg
400 300
18 60 376 244; 19 63 378 234; 16 64 377 244; 

61\183_183110.jpg
400 266
108 77 344 211; 107 73 359 224; 11 75 381 258; 

61\183_183112.jpg
400 286
14 58 258 276; 3 112 175 278; 2 8 278 279; 

61\183_183149.jpg
400 266
32 11 246 265; 63 91 231 226; 6 1 287 266; 

61\183_183192.jpg
400 300
166 22 306 285; 169 28 304 288; 169 27 305 287; 

61\183_183206.jpg
400 322
40 31 218 316; 33 24 221 289; 32 23 221 319; 

61\183_183212.jpg
400 300
34 32 354 254; 24 26 364 265; 25 24 361 258; 

61\183_183213.jpg
400 339
78 19 341 293; 76 122 226 298; 77 21 341 300; 

61\183_183234.jpg
400 262
70 108 232 224; 61 106 231 221; 61 108 231 228; 

61\183_183243.jpg
400 262
27 72 271 194; 21 69 271 198; 22 64 272 198; 

61\183_183245.jpg
400 262
108 82 338 189; 106 83 335 182; 106 82 335 179; 

61\183_183250.jpg
400 262
67 42 322 198; 67 37 275 196; 68 38 274 196; 

61\183_183251.jpg
262 400
50 112 218 354; 49 107 218 354; 49 109 219 355; 

61\183_183252.jpg
262 400
68 101 239 336; 72 94 233 324; 70 95 233 328; 

61\183_183264.jpg
400 288
168 29 315 211; 167 29 317 205; 168 31 317 205; 

61\183_183268.jpg
400 266
18 83 174 230; 12 84 194 224; 12 84 175 225; 

61\183_183269.jpg
400 266
98 99 202 230; 103 97 208 228; 1 98 208 228; 

61\183_183275.jpg
400 300
62 97 244 168; 66 102 243 168; 67 104 242 165; 

61\183_183277.jpg
400 293
136 36 271 287; 137 50 223 255; 137 20 280 254; 

61\183_183279.jpg
266 400
16 38 249 266; 13 39 254 264; 13 39 253 265; 

61\183_183280.jpg
320 400
134 99 292 300; 139 101 294 301; 141 101 292 301; 

61\183_183281.jpg
400 320
135 69 297 204; 136 71 294 202; 52 71 294 300; 

61\183_183290.jpg
400 317
112 114 280 231; 113 118 287 235; 113 119 339 232; 

61\183_183305.jpg
400 320
39 109 235 287; 41 111 268 179; 39 111 268 288; 

61\183_183319.jpg
400 400
7 129 241 388; 61 76 215 248; 61 79 220 376; 

61\183_183320.jpg
400 300
227 131 366 296; 223 136 367 299; 226 138 365 300; 

61\183_183341.jpg
400 266
103 22 348 250; 99 20 279 212; 98 18 349 249; 

61\183_183342.jpg
400 260
68 74 341 192; 61 56 339 191; 62 60 339 190; 

61\183_183344.jpg
400 266
128 11 284 237; 124 1 288 245; 127 0 287 250; 

61\183_183348.jpg
400 266
176 82 254 228; 181 87 252 233; 180 85 252 232; 

61\183_183351.jpg
400 266
98 68 316 131; 94 68 318 128; 88 69 318 126; 

61\183_183352.jpg
400 266
122 65 303 141; 103 59 311 130; 105 60 309 130; 

61\183_183358.jpg
400 266
116 32 312 263; 119 33 307 177; 117 33 305 177; 

61\183_183359.jpg
400 298
60 7 295 242; 105 3 258 205; 39 1 295 247; 

61\183_183368.jpg
399 291
132 44 344 163; 131 41 347 153; 130 41 347 157; 

61\183_183408.jpg
400 275
176 26 357 272; 181 24 358 127; 179 25 358 275; 

61\183_183412.jpg
400 285
238 50 344 229; 239 56 351 259; 238 54 349 152; 

61\183_183414.jpg
400 287
38 44 198 281; 34 53 198 288; 34 52 198 288; 

61\183_183415.jpg
400 285
50 28 224 284; 46 27 234 284; 51 31 221 285; 

61\183_183416.jpg
400 302
62 49 180 272; 20 50 182 280; 21 51 182 302; 

61\183_183417.jpg
400 270
158 22 302 266; 166 9 304 131; 8 12 302 270; 

61\183_183419.jpg
284 400
58 36 262 362; 58 36 172 389; 59 37 261 400; 

61\183_183423.jpg
400 252
98 8 276 247; 141 5 282 191; 91 11 296 252; 

61\183_183434.jpg
266 400
54 5 209 392; 57 0 210 281; 55 1 211 400; 

61\183_183458.jpg
400 266
100 38 340 263; 122 39 319 155; 101 41 359 266; 

61\183_183464.jpg
400 266
188 48 374 241; 193 49 378 242; 194 49 376 243; 

61\183_183467.jpg
400 266
68 72 200 202; 69 74 201 204; 71 75 200 205; 

61\183_183470.jpg
400 266
48 48 368 226; 51 51 369 228; 52 51 370 228; 

61\183_183507.jpg
293 399
38 68 231 398; 38 71 198 375; 42 48 240 400; 

61\183_183514.jpg
400 264
50 36 208 253; 52 48 209 245; 52 48 208 166; 

61\183_183515.jpg
263 399
101 88 236 386; 104 86 235 383; 20 20 235 383; 

61\183_183522.jpg
400 305
74 28 202 209; 66 29 201 208; 68 30 200 208; 

61\183_183524.jpg
400 320
18 22 304 228; 98 36 294 179; 19 21 306 228; 

61\183_183532.jpg
400 300
94 40 304 258; 94 40 307 254; 94 39 305 254; 

61\183_183533.jpg
400 316
80 8 344 288; 147 7 265 169; 65 10 343 304; 

61\183_183539.jpg
400 293
36 58 175 201; 31 59 176 198; 31 61 173 200; 

61\183_183546.jpg
400 300
118 62 236 228; 119 64 239 230; 121 64 238 266; 

61\183_183561.jpg
329 400
62 60 246 366; 41 54 244 289; 43 51 244 382; 

61\183_183567.jpg
400 300
76 10 301 289; 74 9 302 286; 34 8 319 300; 

61\183_183595.jpg
267 400
72 148 261 360; 76 151 258 362; 77 152 268 364; 

61\183_183614.jpg
178 400
61 96 163 286; 57 99 161 282; 57 98 162 282; 

61\183_183615.jpg
400 266
76 106 172 227; 79 101 194 226; 78 102 193 225; 

61\183_183629.jpg
310 400
28 36 204 210; 28 34 208 212; 32 35 206 212; 

61\183_183630.jpg
299 400
78 108 215 354; 76 111 215 355; 76 112 217 356; 

61\183_183632.jpg
304 400
11 140 255 397; 88 139 294 342; 86 140 294 341; 

61\183_183659.jpg
400 288
130 58 392 282; 186 99 352 257; 130 60 400 288; 

61\183_183665.jpg
400 269
195 52 383 254; 194 53 392 254; 197 55 396 254; 

61\183_183685.jpg
400 391
79 40 172 311; 26 36 176 313; 28 39 175 312; 

61\183_183687.jpg
367 400
46 38 312 344; 46 39 249 342; 46 41 314 346; 

61\183_183697.jpg
376 400
120 84 349 315; 121 91 359 326; 121 91 358 332; 

61\183_183702.jpg
400 269
100 24 184 248; 91 19 182 251; 92 22 185 250; 

61\183_183704.jpg
266 400
81 79 222 294; 81 77 228 298; 81 77 228 298; 

61\183_183705.jpg
400 266
88 70 320 147; 85 72 324 146; 86 72 324 239; 

61\183_183720.jpg
400 300
100 72 322 296; 102 59 324 300; 104 61 323 300; 

61\183_183729.jpg
400 266
56 76 190 241; 53 76 201 246; 54 75 199 243; 

61\183_183730.jpg
266 400
23 55 151 201; 25 55 148 198; 28 55 148 197; 

61\183_183747.jpg
400 346
78 44 322 288; 99 72 288 261; 100 73 289 262; 

61\183_183752.jpg
400 263
116 42 340 201; 117 38 342 208; 116 44 351 203; 

61\183_183755.jpg
400 266
134 108 237 263; 128 112 236 266; 132 112 236 266; 

61\183_183779.jpg
281 400
68 44 249 180; 67 45 251 181; 69 43 251 179; 

61\183_183792.jpg
400 290
94 58 290 208; 124 58 292 208; 120 57 292 209; 

61\183_183793.jpg
400 305
44 58 249 268; 109 61 244 267; 109 61 242 265; 

61\183_183795.jpg
266 400
88 34 184 370; 90 34 185 375; 90 36 183 373; 

61\183_183801.jpg
400 266
136 11 347 202; 163 94 284 204; 163 66 315 200; 

61\183_183802.jpg
400 320
46 58 206 226; 50 58 170 164; 50 57 183 167; 

61\183_183803.jpg
400 266
116 32 342 212; 116 30 346 215; 117 31 345 213; 

61\183_183804.jpg
400 266
154 68 338 232; 152 65 342 238; 155 67 339 233; 

61\183_183805.jpg
266 400
132 82 223 382; 105 78 241 399; 130 79 227 399; 

61\183_183807.jpg
400 266
50 30 326 253; 48 29 234 256; 42 29 355 255; 

61\183_183812.jpg
400 266
67 41 204 160; 71 42 202 158; 72 42 202 156; 

61\183_183826.jpg
400 264
32 39 237 162; 16 15 244 166; 14 15 244 155; 

61\183_183829.jpg
400 266
62 36 304 263; 62 38 308 258; 62 38 306 258; 

61\183_183831.jpg
400 266
128 50 300 215; 128 47 296 216; 128 46 295 214; 

61\183_183834.jpg
400 266
82 16 314 245; 81 12 319 251; 84 16 318 251; 

61\183_183851.jpg
400 309
82 38 338 264; 162 41 338 212; 2 0 340 241; 

61\183_183859.jpg
400 266
70 106 196 237; 73 111 192 238; 71 101 194 238; 

61\183_183874.jpg
400 266
143 147 246 260; 146 153 254 266; 146 153 248 266; 

61\183_183879.jpg
398 400
70 94 299 362; 71 96 302 362; 69 95 301 365; 

61\183_183907.jpg
400 300
31 29 141 175; 28 29 143 179; 31 30 143 179; 

61\183_183908.jpg
267 400
45 164 246 352; 51 177 228 352; 51 177 231 355; 

61\183_183945.jpg
400 300
155 85 276 206; 158 86 275 204; 158 87 273 299; 

61\183_183950.jpg
400 312
76 34 320 290; 109 72 321 259; 79 14 321 292; 

61\183_183953.jpg
300 400
74 34 246 322; 76 38 218 248; 31 37 292 381; 

61\183_183959.jpg
400 267
59 1 320 225; 97 93 283 225; 58 1 331 224; 

61\183_183998.jpg
400 320
81 7 231 294; 82 6 232 249; 58 6 233 301; 

61\184_184008.jpg
400 266
36 34 385 211; 16 86 376 209; 19 0 378 209; 

61\184_184010.jpg
341 400
76 126 255 362; 88 128 259 329; 6 127 339 400; 

61\184_184011.jpg
320 400
58 100 216 328; 58 112 218 329; 57 77 217 329; 

61\184_184018.jpg
266 400
34 146 241 396; 32 147 246 399; 24 35 243 400; 

61\184_184020.jpg
400 307
48 46 277 293; 61 52 272 240; 63 46 271 237; 

61\184_184021.jpg
400 245
12 105 308 198; 12 104 302 200; 11 44 383 202; 

61\184_184029.jpg
400 346
34 160 290 339; 32 156 292 346; 34 157 292 346; 

61\184_184046.jpg
266 400
99 119 166 304; 99 120 164 296; 101 121 164 296; 

61\184_184065.jpg
400 291
104 79 268 212; 106 78 261 225; 103 80 261 225; 

61\184_184066.jpg
400 266
106 18 314 262; 97 11 319 265; 95 10 319 265; 

61\184_184076.jpg
400 300
118 82 309 246; 94 80 333 244; 102 81 334 244; 

61\184_184090.jpg
400 266
94 4 294 249; 95 1 295 256; 95 0 294 138; 

61\184_184100.jpg
400 299
80 33 335 296; 119 113 305 300; 80 31 328 300; 

61\184_184105.jpg
400 400
26 36 215 311; 27 38 216 310; 26 35 215 309; 

61\184_184110.jpg
400 291
119 76 264 191; 121 71 264 211; 122 74 265 209; 

61\184_184111.jpg
300 400
24 90 266 362; 82 180 219 371; 0 91 299 400; 

61\184_184112.jpg
400 295
28 84 242 251; 29 84 243 251; 29 85 242 251; 

61\184_184139.jpg
400 347
77 105 189 249; 82 105 187 247; 67 105 185 251; 

61\184_184140.jpg
400 379
76 142 201 290; 61 141 192 294; 58 142 211 298; 

61\184_184153.jpg
400 363
25 86 246 302; 53 82 257 232; 11 79 260 306; 

61\184_184154.jpg
400 359
96 48 348 237; 81 156 209 266; 84 43 365 250; 

61\184_184166.jpg
400 285
88 68 308 219; 88 66 308 221; 88 66 308 221; 

61\184_184172.jpg
400 285
102 79 306 209; 102 82 304 209; 100 82 304 210; 

61\184_184173.jpg
385 400
54 21 323 316; 51 21 324 317; 51 22 323 319; 

61\184_184196.jpg
400 257
14 96 266 249; 130 92 268 165; 2 91 269 255; 

61\184_184198.jpg
400 378
112 94 288 267; 117 95 288 266; 115 93 289 266; 

61\184_184201.jpg
400 266
44 74 354 264; 39 74 355 218; 38 75 356 266; 

61\184_184204.jpg
400 300
109 12 271 240; 108 10 274 244; 111 11 274 243; 

61\184_184206.jpg
400 400
40 6 232 338; 39 4 226 236; 40 4 228 361; 

61\184_184209.jpg
285 400
32 58 254 356; 36 61 256 358; 34 61 254 356; 

61\184_184223.jpg
400 266
23 42 210 199; 18 44 205 197; 16 44 204 196; 

61\184_184238.jpg
400 266
175 85 352 257; 179 86 352 257; 178 85 351 258; 

61\184_184245.jpg
400 300
92 34 288 271; 108 52 283 298; 109 21 290 300; 

61\184_184251.jpg
400 290
160 44 323 267; 110 44 324 269; 113 46 324 270; 

61\184_184266.jpg
300 400
45 3 254 290; 46 0 262 194; 47 1 261 290; 

61\184_184269.jpg
400 356
144 116 332 259; 122 115 330 271; 123 116 345 269; 

61\184_184288.jpg
400 289
38 38 360 241; 36 36 366 257; 39 38 365 257; 

61\184_184306.jpg
268 400
40 90 229 377; 46 84 226 382; 38 88 226 381; 

61\184_184310.jpg
400 262
84 46 283 191; 88 44 282 189; 88 43 280 188; 

61\184_184311.jpg
400 262
62 40 314 178; 62 40 317 177; 62 40 319 176; 

61\184_184312.jpg
400 262
32 78 320 214; 34 71 321 216; 32 70 320 216; 

61\184_184313.jpg
400 262
64 30 353 157; 61 28 355 158; 62 29 352 159; 

61\184_184314.jpg
400 262
38 88 318 178; 41 89 319 182; 41 89 319 181; 

61\184_184315.jpg
400 262
118 85 293 162; 117 86 289 161; 116 87 290 163; 

61\184_184316.jpg
400 262
89 81 281 162; 78 79 273 164; 79 79 274 166; 

61\184_184317.jpg
400 262
105 36 332 152; 109 35 332 149; 108 37 331 148; 

61\184_184318.jpg
400 262
80 43 226 147; 78 42 224 146; 79 44 223 144; 

61\184_184320.jpg
400 262
36 17 310 188; 42 16 311 181; 42 16 310 188; 

61\184_184326.jpg
400 262
160 18 271 254; 159 16 271 255; 160 16 272 254; 

61\184_184327.jpg
400 262
118 36 336 202; 115 39 339 198; 114 37 340 198; 

61\184_184328.jpg
400 262
142 60 358 221; 142 53 362 230; 141 53 362 231; 

61\184_184334.jpg
400 272
94 36 342 216; 94 36 341 218; 94 36 340 218; 

61\184_184339.jpg
400 262
139 24 342 196; 138 23 342 194; 137 22 340 196; 

61\184_184356.jpg
400 262
62 38 296 178; 59 38 295 177; 61 38 295 176; 

61\184_184357.jpg
400 262
172 50 389 205; 168 51 389 198; 168 49 391 201; 

61\184_184358.jpg
400 262
118 26 352 211; 106 26 354 215; 104 27 355 216; 

61\184_184364.jpg
400 262
42 14 348 208; 42 15 356 205; 41 13 359 206; 

61\184_184366.jpg
400 262
101 30 314 196; 99 30 312 198; 100 29 311 196; 

61\184_184376.jpg
300 400
36 98 266 398; 35 98 270 384; 35 96 266 400; 

61\184_184386.jpg
400 318
143 44 356 273; 137 46 317 281; 136 46 318 281; 

61\184_184387.jpg
400 289
112 102 356 265; 106 100 338 281; 104 99 337 276; 

61\184_184417.jpg
400 265
112 6 334 263; 179 38 272 188; 116 1 400 265; 

61\184_184434.jpg
400 300
119 90 271 240; 127 102 261 242; 8 52 368 246; 

61\184_184446.jpg
400 266
134 42 336 235; 136 42 361 234; 136 41 398 262; 

61\184_184470.jpg
400 266
12 14 183 264; 4 14 181 187; 2 15 182 266; 

61\184_184478.jpg
266 400
42 52 219 396; 37 46 219 400; 40 48 219 400; 

61\184_184480.jpg
400 266
86 24 241 254; 96 25 188 254; 96 27 188 256; 

61\184_184483.jpg
400 266
48 24 282 262; 46 25 329 243; 47 26 329 266; 

61\184_184484.jpg
400 266
48 31 296 259; 47 28 344 258; 48 6 344 266; 

61\184_184487.jpg
400 300
62 60 374 250; 63 57 374 251; 65 59 374 249; 

61\184_184489.jpg
300 400
36 92 266 398; 38 92 267 384; 36 94 266 400; 

61\184_184493.jpg
354 399
64 76 280 346; 62 129 255 335; 62 115 253 345; 

61\184_184502.jpg
300 400
52 56 266 386; 83 178 223 338; 1 52 300 400; 

61\184_184513.jpg
400 266
9 32 164 220; 6 33 161 219; 5 32 161 219; 

61\184_184531.jpg
266 400
60 29 218 394; 71 32 221 287; 62 31 220 400; 

61\184_184535.jpg
266 400
24 72 172 368; 9 60 178 368; 6 59 253 391; 

61\184_184557.jpg
400 294
96 70 394 291; 112 67 392 289; 54 3 394 290; 

61\184_184565.jpg
400 266
86 48 326 237; 153 48 301 209; 83 48 328 266; 

61\184_184572.jpg
266 400
90 6 228 358; 102 6 230 308; 91 8 231 400; 

61\184_184574.jpg
400 281
190 99 332 268; 190 98 314 265; 80 11 321 264; 

61\184_184578.jpg
266 400
98 16 181 378; 96 16 182 384; 96 17 182 385; 

61\184_184594.jpg
400 382
106 68 336 272; 104 64 288 248; 81 64 347 369; 

61\184_184626.jpg
400 218
150 32 350 164; 171 32 350 161; 53 33 350 191; 

61\184_184640.jpg
400 300
74 6 262 266; 76 108 262 268; 74 3 262 264; 

61\184_184657.jpg
400 300
144 78 316 220; 143 79 318 221; 142 80 318 218; 

61\184_184750.jpg
400 376
24 74 328 345; 22 72 333 345; 21 73 331 345; 

61\184_184751.jpg
400 336
44 47 228 221; 39 42 224 222; 34 46 226 224; 

61\184_184752.jpg
400 385
116 62 289 345; 113 61 287 362; 113 64 287 365; 

61\184_184753.jpg
298 400
32 48 220 334; 59 48 156 321; 32 1 198 321; 

61\184_184755.jpg
400 349
64 93 318 274; 29 92 319 281; 23 92 319 279; 

61\184_184763.jpg
320 400
32 84 310 352; 66 133 313 316; 30 83 313 344; 

61\184_184769.jpg
400 300
118 14 349 290; 7 49 200 243; 2 9 344 290; 

61\184_184775.jpg
400 300
84 44 312 288; 89 48 318 286; 91 46 317 288; 

61\184_184831.jpg
400 256
84 1 261 187; 84 0 263 192; 85 1 263 196; 

61\184_184835.jpg
400 345
156 4 318 261; 161 42 319 219; 42 0 400 345; 

61\184_184838.jpg
266 400
84 92 215 383; 69 103 217 391; 70 91 215 391; 

61\184_184839.jpg
266 400
66 44 231 329; 62 40 239 333; 33 1 242 333; 

61\184_184840.jpg
266 400
48 48 234 346; 6 35 257 369; 6 35 256 374; 

61\184_184841.jpg
400 266
132 12 358 264; 152 9 386 266; 112 11 400 266; 

61\184_184851.jpg
400 266
19 12 241 263; 18 14 200 166; 18 15 241 266; 

61\184_184852.jpg
400 285
146 86 306 175; 151 90 307 170; 152 90 307 168; 

61\184_184856.jpg
400 318
151 5 390 311; 151 7 353 176; 151 4 393 317; 

61\184_184860.jpg
400 225
94 34 279 219; 88 38 181 164; 88 36 276 225; 

61\184_184908.jpg
400 266
66 44 273 241; 59 42 272 224; 68 42 271 225; 

61\184_184916.jpg
400 266
51 3 257 260; 69 117 192 246; 48 0 261 243; 

61\184_184920.jpg
400 339
76 24 294 336; 141 24 291 187; 73 26 291 339; 

61\184_184923.jpg
400 300
33 36 230 284; 35 92 234 271; 31 35 232 274; 

61\184_184924.jpg
400 300
176 106 345 271; 181 108 335 263; 181 88 374 267; 

61\184_184925.jpg
400 300
88 34 238 244; 88 41 236 213; 88 16 234 215; 

61\184_184935.jpg
266 400
67 64 205 394; 68 62 202 330; 71 65 205 400; 

61\184_184940.jpg
320 400
68 58 236 269; 78 57 242 238; 78 59 242 245; 

61\184_184950.jpg
400 300
28 104 368 218; 26 105 371 225; 26 105 370 225; 

61\184_184954.jpg
400 265
32 95 368 231; 31 91 365 233; 31 91 366 231; 

61\184_184961.jpg
266 400
74 128 189 297; 74 129 175 296; 69 130 174 295; 

61\184_184962.jpg
400 266
68 36 346 252; 78 84 182 249; 69 2 342 252; 

61\184_184963.jpg
266 400
22 66 218 364; 31 126 217 261; 23 60 220 334; 

61\184_184964.jpg
400 266
121 0 308 265; 137 63 269 204; 134 8 314 201; 

61\184_184967.jpg
339 399
85 28 257 394; 89 148 249 311; 87 13 260 312; 

61\184_184979.jpg
400 231
47 115 369 219; 44 114 368 219; 45 114 368 221; 

61\184_184981.jpg
400 289
84 147 371 288; 100 152 399 279; 96 152 386 286; 

61\184_184995.jpg
318 400
40 88 281 398; 40 90 284 395; 40 87 282 395; 

61\185_185015.jpg
400 375
60 22 280 313; 118 22 280 206; 52 24 279 353; 

61\185_185016.jpg
231 400
38 28 188 282; 38 25 211 252; 38 26 212 377; 

61\185_185017.jpg
398 400
54 16 310 302; 80 11 270 219; 57 11 308 304; 

61\185_185021.jpg
400 298
91 49 300 279; 91 45 301 280; 92 42 299 282; 

61\185_185024.jpg
400 300
151 20 326 296; 151 95 382 230; 152 16 335 229; 

61\185_185025.jpg
400 300
79 19 322 266; 77 13 324 209; 77 14 321 277; 

61\185_185033.jpg
270 400
128 118 251 336; 128 116 252 359; 132 118 252 358; 

61\185_185044.jpg
266 400
30 22 197 354; 32 23 197 351; 31 24 196 353; 

61\185_185045.jpg
266 400
14 82 234 298; 13 82 235 298; 13 82 236 298; 

61\185_185046.jpg
266 400
88 96 194 254; 91 98 194 255; 90 97 196 254; 

61\185_185054.jpg
269 400
91 34 181 346; 92 34 179 355; 94 35 182 355; 

61\185_185061.jpg
399 300
156 54 276 297; 160 50 269 300; 160 52 268 300; 

61\185_185087.jpg
400 400
144 95 378 334; 131 98 376 334; 154 97 377 335; 

61\185_185092.jpg
400 246
62 37 293 192; 65 38 295 197; 62 39 294 197; 

61\185_185101.jpg
400 320
20 52 353 265; 18 54 354 264; 14 54 354 265; 

61\185_185109.jpg
400 224
131 64 364 198; 133 64 372 201; 189 67 371 199; 

61\185_185118.jpg
300 400
38 58 222 396; 35 60 226 400; 36 61 224 400; 

61\185_185123.jpg
320 234
118 35 289 226; 1 34 293 234; 119 34 290 234; 

61\185_185124.jpg
320 231
13 21 174 102; 11 23 174 132; 9 22 175 132; 

61\185_185127.jpg
400 301
61 42 366 234; 42 44 369 273; 18 43 369 283; 

61\185_185134.jpg
336 400
54 242 244 386; 76 242 235 365; 60 241 315 382; 

61\185_185146.jpg
266 400
36 0 265 232; 44 10 216 228; 37 2 267 228; 

61\185_185147.jpg
264 399
15 182 230 340; 17 186 232 339; 14 186 230 340; 

61\185_185148.jpg
400 261
74 66 375 203; 76 80 377 218; 85 64 399 217; 

61\185_185154.jpg
266 399
30 76 200 364; 32 70 204 363; 33 75 203 399; 

61\185_185155.jpg
347 400
44 38 289 372; 149 39 301 311; 150 37 301 310; 

61\185_185156.jpg
333 400
66 128 275 302; 64 122 274 301; 66 124 273 302; 

61\185_185166.jpg
400 320
69 129 370 266; 71 129 369 262; 71 131 370 266; 

61\185_185173.jpg
400 308
42 42 272 289; 70 46 279 200; 71 46 274 299; 

61\185_185176.jpg
400 391
29 37 154 284; 31 38 216 285; 31 37 217 286; 

61\185_185178.jpg
300 400
30 98 266 396; 30 101 268 400; 30 101 269 400; 

61\185_185184.jpg
210 400
59 127 184 282; 59 129 188 281; 61 128 186 280; 

61\185_185201.jpg
353 400
31 161 264 366; 133 162 264 283; 134 162 264 283; 

61\185_185203.jpg
266 400
40 38 166 238; 41 91 169 226; 25 28 169 226; 

61\185_185219.jpg
400 266
24 16 219 252; 121 82 222 238; 24 3 220 236; 

61\185_185222.jpg
400 381
178 106 331 286; 153 72 332 287; 156 72 332 285; 

61\185_185231.jpg
266 400
64 26 225 259; 86 113 179 214; 81 26 220 212; 

61\185_185235.jpg
400 325
156 88 272 301; 158 88 272 302; 159 89 274 307; 

61\185_185241.jpg
400 347
74 28 328 328; 85 23 336 327; 87 28 330 321; 

61\185_185255.jpg
400 270
32 10 249 257; 101 104 249 241; 35 9 231 241; 

61\185_185259.jpg
270 400
32 132 240 342; 34 130 245 296; 32 133 232 337; 

61\185_185261.jpg
400 262
54 42 362 201; 67 41 366 203; 67 42 367 201; 

61\185_185267.jpg
400 267
34 48 214 207; 29 48 219 213; 32 48 217 211; 

61\185_185270.jpg
310 400
84 87 304 294; 85 100 284 255; 84 88 282 256; 

61\185_185309.jpg
400 320
40 80 200 218; 39 82 197 216; 41 85 191 216; 

61\185_185311.jpg
399 299
179 81 288 234; 180 81 288 233; 181 82 288 232; 

61\185_185314.jpg
399 266
158 20 390 262; 158 20 367 267; 170 22 398 267; 

61\185_185316.jpg
400 266
110 4 290 249; 134 52 258 253; 110 1 289 252; 

61\185_185320.jpg
323 270
76 42 315 228; 74 43 322 229; 75 40 322 229; 

61\185_185321.jpg
266 400
38 110 229 282; 39 114 228 285; 40 112 228 283; 

61\185_185323.jpg
266 399
30 92 229 394; 28 95 225 327; 33 96 249 400; 

61\185_185330.jpg
399 299
92 8 301 288; 117 102 272 291; 126 178 274 291; 

61\185_185334.jpg
275 400
56 64 261 354; 25 28 203 304; 26 31 261 358; 

61\185_185363.jpg
400 338
110 20 370 301; 111 23 374 302; 109 22 371 301; 

61\185_185409.jpg
398 399
62 85 359 345; 59 85 378 215; 62 86 379 345; 

61\185_185427.jpg
400 320
238 26 348 228; 241 24 348 228; 242 24 348 228; 

61\185_185435.jpg
400 347
105 29 339 275; 106 31 341 279; 108 30 338 281; 

61\185_185436.jpg
313 400
48 146 269 304; 47 149 272 302; 46 149 271 306; 

61\185_185459.jpg
266 400
30 18 222 304; 45 66 225 310; 31 10 223 308; 

61\185_185475.jpg
268 400
8 69 221 342; 6 68 220 347; 8 74 218 378; 

61\185_185479.jpg
400 300
28 40 342 268; 31 32 336 266; 29 33 338 264; 

61\185_185504.jpg
400 266
96 40 292 263; 92 40 292 264; 88 43 292 266; 

61\185_185517.jpg
400 320
56 18 283 311; 62 14 288 315; 58 15 317 320; 

61\185_185518.jpg
320 400
57 56 266 391; 59 9 250 268; 58 12 320 400; 

61\185_185538.jpg
400 266
143 39 288 262; 141 29 290 264; 142 31 291 264; 

61\185_185549.jpg
400 320
94 12 326 310; 92 2 298 246; 94 2 296 240; 

61\185_185581.jpg
400 280
46 48 308 198; 43 47 306 195; 46 48 307 199; 

61\185_185586.jpg
400 268
52 2 272 262; 81 2 216 119; 47 1 286 269; 

61\185_185592.jpg
299 400
34 62 289 259; 35 70 288 258; 33 61 287 256; 

61\185_185606.jpg
400 300
56 48 246 298; 99 42 208 181; 1 42 236 300; 

61\185_185609.jpg
300 400
66 66 294 370; 68 61 296 376; 68 61 300 400; 

61\185_185610.jpg
300 400
22 78 246 398; 23 79 245 332; 22 80 252 400; 

61\185_185617.jpg
300 400
54 100 248 384; 53 104 248 400; 51 100 248 400; 

61\185_185621.jpg
400 300
36 58 194 296; 34 58 200 300; 37 59 202 300; 

61\185_185635.jpg
389 400
28 60 287 392; 27 56 289 394; 28 24 292 392; 

61\185_185642.jpg
293 400
56 54 235 320; 77 94 216 319; 76 103 214 319; 

61\185_185650.jpg
400 266
126 28 278 266; 74 26 340 266; 78 27 340 266; 

61\185_185655.jpg
400 250
250 31 388 204; 250 31 389 226; 251 28 390 228; 

61\185_185660.jpg
331 399
99 194 298 315; 97 192 300 316; 99 187 299 313; 

61\185_185662.jpg
400 290
136 38 214 281; 50 34 219 284; 130 32 221 285; 

61\185_185671.jpg
400 266
89 16 278 251; 87 16 277 239; 88 18 277 266; 

61\185_185687.jpg
400 266
148 38 336 242; 147 13 339 252; 146 14 337 251; 

61\185_185696.jpg
329 399
34 164 216 350; 30 166 265 312; 33 169 265 355; 

61\185_185701.jpg
400 285
24 62 168 189; 22 61 179 189; 22 62 176 191; 

61\185_185714.jpg
400 300
16 100 372 228; 12 102 374 229; 9 102 378 228; 

61\185_185733.jpg
400 310
58 16 314 284; 149 16 348 289; 151 18 339 286; 

61\185_185758.jpg
400 300
94 38 314 296; 140 38 299 228; 101 38 316 300; 

61\185_185762.jpg
378 400
66 22 328 338; 94 135 298 310; 71 12 299 309; 

61\185_185788.jpg
227 400
71 16 194 288; 41 20 194 201; 42 19 193 386; 

61\185_185799.jpg
400 266
19 54 301 238; 79 54 301 234; 2 54 298 235; 

61\185_185808.jpg
251 400
31 15 221 274; 36 15 194 231; 25 14 225 396; 

61\185_185813.jpg
400 266
74 96 272 171; 92 96 275 164; 92 99 275 163; 

61\185_185818.jpg
400 250
76 42 202 245; 22 11 284 250; 25 14 284 250; 

61\185_185820.jpg
319 399
95 40 266 286; 99 133 224 260; 104 47 253 259; 

61\185_185829.jpg
366 400
62 34 320 308; 59 12 329 310; 61 10 330 311; 

61\185_185840.jpg
400 284
67 35 370 210; 69 41 274 175; 70 41 206 129; 

61\185_185851.jpg
400 266
136 50 352 246; 141 16 276 265; 139 18 346 237; 

61\185_185852.jpg
313 400
100 219 297 318; 99 226 294 315; 100 227 295 374; 

61\185_185859.jpg
400 398
152 38 254 311; 149 149 251 309; 152 21 252 311; 

61\185_185861.jpg
400 336
52 70 338 254; 50 72 346 241; 52 71 342 239; 

61\185_185862.jpg
400 300
4 72 224 221; 2 72 227 217; 1 71 228 218; 

61\185_185864.jpg
400 300
58 154 300 262; 57 158 301 288; 56 158 324 287; 

61\185_185866.jpg
266 400
44 50 246 342; 44 50 198 338; 46 51 244 341; 

61\185_185883.jpg
266 400
27 79 159 226; 28 76 156 227; 31 74 156 227; 

61\185_185884.jpg
400 266
62 86 250 168; 59 83 251 170; 62 84 250 168; 

61\185_185897.jpg
306 400
89 116 207 304; 86 114 202 304; 89 116 206 302; 

61\185_185912.jpg
400 303
12 85 263 297; 82 87 257 209; 87 86 257 303; 

61\185_185915.jpg
400 285
32 16 260 243; 32 18 257 244; 34 19 257 242; 

61\185_185917.jpg
400 300
98 46 322 228; 93 46 314 231; 98 46 316 228; 

61\185_185925.jpg
400 265
106 89 246 218; 106 88 241 209; 107 88 244 223; 

61\185_185926.jpg
400 266
234 40 378 142; 233 41 392 145; 235 43 392 147; 

61\185_185933.jpg
400 315
73 12 310 178; 74 12 309 179; 26 14 378 290; 

61\185_185947.jpg
400 320
88 50 292 290; 89 36 294 296; 88 38 292 294; 

61\185_185951.jpg
400 315
36 62 358 287; 33 51 359 288; 32 52 362 287; 

61\185_185952.jpg
377 399
195 86 354 399; 197 83 348 398; 195 83 346 399; 

61\185_185955.jpg
266 400
57 93 251 312; 63 95 249 324; 61 96 252 327; 

61\185_185977.jpg
295 400
27 6 239 296; 115 0 264 276; 29 1 261 298; 

61\185_185984.jpg
400 265
92 48 198 262; 92 25 204 265; 95 26 206 265; 

61\185_185995.jpg
400 320
92 56 331 301; 106 40 321 291; 73 41 322 302; 

