84

70\210_210007.jpg
400 266
36 4 270 257; 96 6 244 174; 97 6 242 174; 

70\210_210016.jpg
400 265
50 0 360 205; 151 34 273 206; 52 1 359 203; 

70\210_210019.jpg
400 265
162 86 338 183; 162 86 348 182; 162 87 348 181; 

70\210_210025.jpg
308 400
58 88 199 272; 59 91 201 274; 60 90 199 273; 

70\210_210044.jpg
265 400
58 118 205 351; 59 116 204 354; 61 118 206 356; 

70\210_210045.jpg
265 400
72 112 185 248; 74 116 185 304; 76 116 186 315; 

70\210_210051.jpg
400 265
118 74 334 264; 121 74 334 264; 122 76 332 265; 

70\210_210052.jpg
400 265
31 84 400 206; 47 86 266 205; 45 88 268 206; 

70\210_210059.jpg
400 266
184 109 372 205; 218 112 374 204; 218 112 374 212; 

70\210_210062.jpg
400 265
109 44 386 264; 107 48 284 181; 107 47 285 181; 

70\210_210063.jpg
400 266
56 78 208 197; 58 77 188 177; 57 76 187 181; 

70\210_210064.jpg
400 266
100 116 369 212; 101 119 368 218; 101 118 366 218; 

70\210_210075.jpg
400 266
108 96 337 232; 110 98 339 210; 111 96 340 208; 

70\210_210081.jpg
400 265
150 132 368 218; 150 134 368 226; 152 133 365 226; 

70\210_210084.jpg
400 270
40 46 268 226; 48 46 273 226; 48 48 272 244; 

70\210_210085.jpg
400 265
126 2 376 209; 125 58 256 196; 74 59 255 199; 

70\210_210089.jpg
400 266
41 58 284 259; 72 57 263 208; 72 55 259 210; 

70\210_210090.jpg
400 151
100 2 310 148; 101 4 399 151; 99 0 400 151; 

70\210_210091.jpg
400 281
58 76 269 218; 56 76 303 223; 59 79 300 219; 

70\210_210093.jpg
400 265
10 36 262 264; 9 41 232 265; 91 39 228 158; 

70\210_210142.jpg
373 400
11 9 222 354; 9 6 215 271; 4 9 214 277; 

70\210_210143.jpg
400 300
98 66 292 293; 165 1 329 236; 77 14 300 237; 

70\210_210146.jpg
300 400
92 80 216 308; 71 62 244 331; 71 54 241 327; 

70\210_210163.jpg
400 398
49 1 242 299; 47 4 215 252; 48 2 217 252; 

70\210_210164.jpg
400 312
91 16 234 256; 102 14 210 212; 102 18 209 176; 

70\210_210180.jpg
400 300
126 30 262 214; 128 79 261 218; 125 28 269 218; 

70\210_210217.jpg
400 300
130 14 342 290; 132 11 346 290; 132 13 343 292; 

70\210_210218.jpg
400 300
79 84 293 279; 75 80 299 276; 97 82 299 275; 

70\210_210221.jpg
400 300
112 12 286 268; 111 14 287 272; 105 15 287 275; 

70\210_210226.jpg
400 320
64 28 310 292; 98 64 209 265; 66 28 311 292; 

70\210_210311.jpg
400 301
146 50 392 295; 146 51 333 301; 147 49 400 301; 

70\210_210313.jpg
400 296
42 32 302 286; 46 33 306 252; 44 33 303 252; 

70\210_210318.jpg
400 271
121 14 289 251; 128 85 287 239; 127 8 288 236; 

70\210_210332.jpg
284 400
71 148 212 314; 73 148 212 309; 76 148 211 305; 

70\210_210348.jpg
263 400
56 90 228 340; 48 203 239 335; 51 204 238 328; 

70\210_210349.jpg
400 263
58 56 218 235; 90 51 197 238; 72 70 179 234; 

70\210_210354.jpg
248 400
129 188 212 358; 132 39 219 358; 142 279 217 358; 

70\210_210360.jpg
400 315
62 32 197 304; 63 32 197 306; 64 33 199 304; 

70\210_210383.jpg
400 248
48 14 228 184; 11 11 228 187; 8 12 228 176; 

70\210_210391.jpg
300 400
84 142 214 366; 78 88 212 367; 82 146 213 362; 

70\210_210396.jpg
266 400
45 88 239 390; 46 88 239 340; 48 88 239 395; 

70\210_210397.jpg
400 266
81 50 288 259; 80 56 288 198; 82 54 288 261; 

70\210_210398.jpg
400 266
48 16 204 258; 47 17 206 259; 47 16 205 261; 

70\210_210400.jpg
400 266
4 20 219 257; 59 18 221 259; 7 19 218 260; 

70\210_210427.jpg
300 400
20 4 249 316; 21 103 241 269; 22 0 260 264; 

70\210_210447.jpg
266 400
56 34 236 278; 7 82 239 335; 11 14 241 281; 

70\210_210449.jpg
400 300
34 88 382 234; 20 17 383 233; 20 15 380 241; 

70\210_210459.jpg
265 400
72 50 239 358; 68 49 218 350; 72 49 248 353; 

70\210_210460.jpg
265 400
34 40 199 358; 32 28 188 338; 33 29 206 338; 

70\210_210461.jpg
265 400
26 111 248 385; 26 109 249 376; 27 107 249 388; 

70\210_210497.jpg
400 285
26 21 281 269; 26 18 279 266; 27 19 321 285; 

70\210_210498.jpg
400 285
134 9 327 282; 9 0 267 270; 5 2 330 285; 

70\210_210524.jpg
400 266
128 31 399 251; 128 30 396 256; 129 29 400 260; 

70\210_210556.jpg
184 400
19 24 158 341; 19 23 161 361; 11 21 159 367; 

70\210_210580.jpg
400 266
24 78 181 180; 30 81 192 186; 30 81 238 175; 

70\210_210610.jpg
400 330
92 74 210 262; 93 71 212 268; 91 70 212 267; 

70\210_210611.jpg
338 400
147 188 229 358; 156 190 221 354; 156 192 223 353; 

70\210_210623.jpg
400 323
56 31 290 296; 62 29 290 304; 184 29 262 105; 

70\210_210624.jpg
400 300
88 50 356 289; 77 14 258 300; 121 18 256 174; 

70\210_210625.jpg
337 400
9 120 306 342; 10 185 334 343; 6 101 334 342; 

70\210_210685.jpg
400 285
150 81 296 205; 154 42 292 204; 150 43 294 204; 

70\210_210686.jpg
400 285
142 48 258 169; 142 41 258 169; 136 37 348 168; 

70\210_210701.jpg
320 400
95 163 186 308; 101 161 190 312; 101 162 189 311; 

70\210_210706.jpg
320 400
95 33 230 342; 83 32 235 340; 78 34 234 341; 

70\210_210717.jpg
400 400
97 135 309 285; 94 134 309 290; 91 136 309 288; 

70\210_210743.jpg
400 320
90 35 358 283; 179 51 359 284; 186 32 358 287; 

70\210_210746.jpg
320 400
88 74 280 366; 89 76 277 262; 89 72 267 257; 

70\210_210801.jpg
400 267
114 86 280 213; 113 84 281 264; 114 86 282 268; 

70\210_210802.jpg
310 240
65 39 155 162; 68 39 157 164; 67 41 158 161; 

70\210_210814.jpg
228 184
19 43 136 150; 20 40 136 152; 21 43 135 151; 

70\210_210826.jpg
400 301
102 70 276 231; 104 72 279 233; 105 69 278 232; 

70\210_210842.jpg
266 400
18 83 248 270; 61 89 209 261; 59 88 209 262; 

70\210_210844.jpg
400 303
236 6 399 301; 236 2 399 301; 236 1 400 299; 

70\210_210873.jpg
400 300
32 63 233 282; 32 63 234 285; 33 63 232 282; 

70\210_210895.jpg
302 400
56 122 185 378; 55 125 182 382; 54 125 183 381; 

70\210_210913.jpg
400 300
200 32 362 264; 201 32 359 264; 204 33 360 273; 

70\210_210915.jpg
300 400
74 12 217 178; 81 7 212 132; 81 8 214 130; 

70\210_210935.jpg
399 319
188 28 368 261; 194 27 368 259; 190 28 367 261; 

70\210_210956.jpg
400 283
42 74 206 254; 41 73 213 251; 41 74 215 251; 

70\210_210974.jpg
400 300
209 92 376 299; 209 94 380 291; 209 95 394 296; 

70\210_210985.jpg
400 266
180 24 352 241; 218 22 386 246; 1 0 222 261; 

70\210_210988.jpg
400 299
26 29 339 244; 29 27 341 248; 31 36 339 252; 

70\210_210990.jpg
400 285
70 30 260 205; 70 27 263 208; 68 25 262 207; 

70\210_210994.jpg
285 400
46 18 205 266; 57 18 206 281; 56 18 206 400; 

