182

9\27_27003.jpg
400 300
52 6 288 222; 50 1 291 224; 52 1 288 221; 

9\27_27017.jpg
400 223
76 69 334 183; 131 110 224 180; 76 74 309 173; 

9\27_27033.jpg
400 273
89 121 246 206; 88 122 247 203; 89 123 244 203; 

9\27_27034.jpg
400 265
123 85 248 190; 124 87 249 187; 124 87 248 186; 

9\27_27035.jpg
399 244
36 35 360 174; 36 36 362 182; 41 36 359 181; 

9\27_27037.jpg
400 285
114 44 282 249; 25 41 338 251; 26 43 336 249; 

9\27_27044.jpg
300 400
54 36 192 369; 54 49 194 362; 54 49 195 351; 

9\27_27048.jpg
300 400
38 89 245 370; 37 88 186 249; 37 92 248 353; 

9\27_27049.jpg
399 239
153 5 387 210; 156 3 387 208; 157 5 387 208; 

9\27_27051.jpg
400 300
79 41 302 280; 81 41 301 263; 82 42 302 280; 

9\27_27066.jpg
400 301
94 75 351 282; 92 80 347 278; 93 81 347 301; 

9\27_27070.jpg
400 380
74 65 334 312; 79 70 327 308; 86 71 325 308; 

9\27_27075.jpg
400 238
9 99 397 222; 10 101 398 224; 11 103 396 224; 

9\27_27077.jpg
400 308
97 54 294 238; 96 54 292 171; 107 55 288 223; 

9\27_27098.jpg
400 260
85 104 315 213; 90 107 313 207; 91 107 313 204; 

9\27_27108.jpg
400 289
75 38 225 214; 89 41 225 212; 102 42 222 206; 

9\27_27119.jpg
320 400
59 84 252 279; 64 94 252 279; 63 94 249 278; 

9\27_27138.jpg
400 320
18 80 380 208; 83 83 182 193; 16 82 382 206; 

9\27_27141.jpg
320 400
28 57 192 387; 44 54 173 246; 48 84 168 329; 

9\27_27145.jpg
320 400
50 85 230 266; 46 89 245 267; 48 88 233 266; 

9\27_27148.jpg
320 400
15 11 294 282; 28 76 279 178; 36 46 243 209; 

9\27_27150.jpg
320 400
14 8 277 227; 11 67 216 183; 14 46 280 183; 

9\27_27152.jpg
400 320
81 17 341 272; 84 9 318 252; 74 11 358 299; 

9\27_27153.jpg
400 320
138 81 257 228; 140 81 247 229; 129 80 279 237; 

9\27_27160.jpg
400 303
188 122 381 284; 184 118 379 285; 172 118 378 284; 

9\27_27169.jpg
400 377
6 8 225 366; 9 27 222 208; 8 34 222 342; 

9\27_27178.jpg
400 311
9 14 209 282; 8 11 219 281; 9 12 219 299; 

9\27_27185.jpg
400 161
85 28 387 136; 76 30 394 131; 73 29 391 128; 

9\27_27186.jpg
399 266
141 71 265 263; 106 76 286 264; 121 79 272 264; 

9\27_27216.jpg
400 320
81 56 349 261; 82 59 237 234; 85 59 348 256; 

9\27_27237.jpg
299 399
48 88 210 353; 61 89 209 345; 46 88 209 346; 

9\27_27248.jpg
400 400
229 129 339 361; 227 134 335 357; 226 134 334 355; 

9\27_27279.jpg
300 400
32 78 181 298; 32 80 185 227; 33 81 183 226; 

9\27_27299.jpg
379 399
34 92 330 364; 96 136 206 326; 92 138 349 398; 

9\27_27300.jpg
400 320
136 53 348 242; 136 54 327 151; 141 53 354 268; 

9\27_27321.jpg
400 336
18 35 239 312; 18 36 236 309; 19 37 235 309; 

9\27_27322.jpg
310 400
23 137 214 383; 24 141 212 356; 26 141 211 355; 

9\27_27323.jpg
400 300
176 76 248 274; 176 109 249 273; 176 89 248 273; 

9\27_27330.jpg
400 343
78 81 304 245; 77 81 302 242; 81 84 302 240; 

9\27_27377.jpg
400 400
129 22 351 395; 194 38 319 212; 134 45 354 354; 

9\27_27378.jpg
246 400
97 6 239 382; 125 38 244 228; 101 46 245 354; 

9\27_27380.jpg
315 400
68 13 238 383; 100 37 244 233; 72 45 242 354; 

9\27_27460.jpg
319 400
49 95 181 244; 36 86 211 259; 41 91 194 248; 

9\27_27491.jpg
400 289
48 124 173 222; 51 126 172 225; 51 126 172 222; 

9\27_27522.jpg
400 300
61 52 196 183; 64 54 192 159; 65 57 192 159; 

9\27_27531.jpg
400 320
101 21 272 288; 103 51 268 284; 104 23 269 283; 

9\27_27532.jpg
343 400
43 38 177 182; 44 40 172 182; 46 45 172 180; 

9\27_27538.jpg
400 394
77 204 376 369; 77 204 374 367; 78 203 374 366; 

9\27_27543.jpg
399 290
206 42 357 198; 210 36 359 203; 210 36 359 203; 

9\27_27544.jpg
272 399
62 23 259 308; 61 25 253 234; 61 26 180 168; 

9\27_27563.jpg
323 400
32 44 189 376; 39 46 189 312; 39 47 188 349; 

9\27_27570.jpg
400 300
105 69 277 208; 101 69 274 209; 108 72 272 211; 

9\27_27577.jpg
376 400
17 16 272 206; 18 72 269 202; 19 48 270 201; 

9\27_27580.jpg
400 312
131 25 346 240; 109 28 346 242; 111 28 347 241; 

9\27_27609.jpg
400 300
113 2 313 294; 113 1 309 245; 116 2 309 300; 

9\27_27654.jpg
399 268
132 75 244 239; 132 77 267 234; 132 78 268 233; 

9\27_27662.jpg
400 300
204 36 330 250; 241 35 329 229; 239 36 331 229; 

9\27_27684.jpg
289 400
132 59 267 389; 151 60 268 352; 152 61 256 352; 

9\27_27688.jpg
300 400
66 114 174 254; 64 118 173 263; 66 119 172 262; 

9\27_27691.jpg
400 266
24 27 203 250; 24 28 196 229; 26 28 203 251; 

9\27_27698.jpg
286 400
14 170 248 364; 37 197 248 350; 16 172 249 336; 

9\27_27700.jpg
400 266
34 106 364 207; 34 126 154 207; 36 112 364 207; 

9\27_27705.jpg
399 399
82 123 326 352; 85 128 316 352; 86 128 318 350; 

9\27_27724.jpg
390 400
188 94 349 378; 198 117 336 288; 192 95 349 352; 

9\27_27775.jpg
400 300
198 42 324 200; 199 42 326 190; 198 42 324 190; 

9\27_27780.jpg
400 316
70 66 318 296; 106 64 166 254; 70 64 316 298; 

9\27_27862.jpg
400 320
58 38 269 308; 124 42 269 263; 108 38 272 265; 

9\27_27865.jpg
320 400
67 123 266 334; 68 145 238 300; 67 130 262 326; 

9\27_27879.jpg
320 400
20 83 228 353; 112 91 219 327; 43 91 212 315; 

9\27_27905.jpg
287 400
91 54 248 281; 94 91 183 248; 96 46 249 246; 

9\27_27926.jpg
300 400
95 83 256 268; 101 85 204 198; 99 86 208 269; 

9\27_27960.jpg
400 266
94 30 310 258; 103 30 303 198; 103 30 303 251; 

9\27_27974.jpg
400 313
78 38 326 264; 205 62 313 186; 31 26 344 298; 

9\27_27978.jpg
400 300
209 21 382 289; 209 22 379 229; 209 24 378 195; 

9\28_28003.jpg
399 302
197 29 387 172; 202 34 386 172; 200 34 386 171; 

9\28_28009.jpg
233 320
107 80 174 240; 100 77 189 240; 111 79 164 237; 

9\28_28046.jpg
400 315
39 61 227 261; 37 61 225 259; 38 62 223 259; 

9\28_28049.jpg
320 400
60 29 281 327; 76 30 277 156; 76 32 277 157; 

9\28_28073.jpg
400 343
74 61 324 342; 67 61 334 184; 67 61 332 323; 

9\28_28082.jpg
368 400
32 38 274 291; 51 37 277 266; 53 41 276 264; 

9\28_28084.jpg
307 400
111 42 194 380; 109 53 195 301; 121 69 182 348; 

9\28_28187.jpg
399 301
56 33 292 267; 182 14 292 224; 53 14 291 258; 

9\28_28209.jpg
400 328
66 56 175 276; 66 58 182 276; 68 19 367 276; 

9\28_28224.jpg
400 334
176 76 246 331; 179 77 241 329; 179 78 239 317; 

9\28_28351.jpg
400 322
62 117 266 265; 60 117 266 261; 62 117 264 259; 

9\28_28360.jpg
400 300
66 31 178 145; 59 26 176 148; 62 30 174 144; 

9\28_28373.jpg
400 231
104 66 292 170; 103 69 291 168; 106 67 291 169; 

9\28_28381.jpg
400 300
166 55 387 287; 173 58 396 299; 176 58 393 298; 

9\28_28391.jpg
400 300
96 26 334 278; 97 26 333 272; 98 28 333 268; 

9\28_28392.jpg
400 275
162 61 361 250; 162 60 368 192; 164 61 370 256; 

9\28_28395.jpg
400 310
100 156 380 234; 100 157 379 232; 99 156 380 233; 

9\28_28398.jpg
400 303
6 69 372 219; 118 89 307 219; 118 89 304 218; 

9\28_28406.jpg
399 277
102 42 297 237; 104 44 292 232; 105 44 292 232; 

9\28_28407.jpg
300 400
82 100 212 238; 86 101 206 237; 86 101 206 237; 

9\28_28439.jpg
345 399
11 122 288 340; 19 120 278 325; 17 120 276 338; 

9\28_28440.jpg
300 400
81 89 251 263; 82 86 244 255; 85 86 243 255; 

9\28_28446.jpg
400 300
82 31 322 286; 86 31 304 256; 86 31 306 262; 

9\28_28463.jpg
313 400
92 89 228 266; 95 91 219 219; 96 92 217 209; 

9\28_28468.jpg
400 382
21 154 244 366; 21 154 241 353; 22 156 239 346; 

9\28_28507.jpg
400 256
57 34 313 188; 59 34 322 202; 63 39 307 188; 

9\28_28532.jpg
400 302
40 71 166 251; 39 77 188 251; 40 79 186 248; 

9\28_28540.jpg
400 254
183 76 391 246; 186 81 389 243; 10 74 389 242; 

9\28_28547.jpg
399 324
52 65 337 263; 55 68 334 259; 57 69 334 258; 

9\28_28571.jpg
322 400
15 132 193 388; 15 141 194 362; 15 141 192 353; 

9\28_28572.jpg
400 290
101 35 274 230; 109 28 316 247; 111 28 316 248; 

9\28_28575.jpg
400 300
178 73 394 293; 175 37 359 210; 188 83 397 290; 

9\28_28579.jpg
400 300
174 71 394 295; 176 37 361 211; 189 81 397 292; 

9\28_28600.jpg
400 323
42 44 360 251; 43 42 361 276; 44 42 360 271; 

9\28_28686.jpg
297 399
52 127 231 394; 54 134 215 367; 51 135 296 359; 

9\28_28712.jpg
400 328
86 21 294 204; 102 20 293 198; 99 19 291 198; 

9\28_28717.jpg
399 299
99 74 300 274; 101 76 296 271; 101 77 295 270; 

9\28_28722.jpg
400 302
100 76 276 227; 84 82 279 222; 99 84 263 212; 

9\28_28729.jpg
400 320
169 33 331 297; 171 38 334 185; 173 39 335 185; 

9\28_28730.jpg
400 311
114 92 384 278; 107 95 379 262; 61 96 386 292; 

9\28_28756.jpg
399 324
47 81 247 273; 55 89 235 271; 57 89 234 262; 

9\28_28758.jpg
399 325
125 66 341 221; 125 39 341 166; 127 38 340 166; 

9\28_28761.jpg
400 301
70 20 284 250; 72 23 281 248; 72 23 280 248; 

9\28_28763.jpg
400 321
151 86 229 298; 152 88 227 301; 152 89 226 300; 

9\28_28804.jpg
300 400
161 81 272 362; 170 94 274 332; 165 94 273 349; 

9\28_28881.jpg
400 300
125 128 300 225; 126 136 287 228; 128 136 286 228; 

9\28_28899.jpg
400 297
38 25 214 196; 42 24 209 190; 43 24 208 189; 

9\28_28902.jpg
400 303
122 86 330 282; 126 90 326 264; 125 89 324 286; 

9\28_28907.jpg
400 217
102 13 291 180; 109 16 293 177; 110 17 291 189; 

9\28_28926.jpg
309 400
21 81 287 346; 78 120 253 270; 78 120 253 271; 

9\28_28936.jpg
399 300
88 22 313 268; 76 12 330 273; 77 12 329 272; 

9\28_28952.jpg
400 266
96 81 252 199; 72 72 258 196; 122 78 247 198; 

9\28_28970.jpg
400 266
97 74 354 251; 98 82 363 250; 99 84 362 250; 

9\28_28988.jpg
400 376
59 53 334 327; 56 52 337 329; 71 61 319 308; 

9\28_28993.jpg
400 266
43 96 170 242; 51 98 167 242; 54 98 166 242; 

9\29_29001.jpg
400 204
10 57 385 167; 62 57 199 154; 4 58 384 166; 

9\29_29012.jpg
400 266
161 30 386 246; 170 31 393 251; 167 30 396 249; 

9\29_29021.jpg
400 320
150 89 395 276; 152 89 397 244; 151 90 396 250; 

9\29_29028.jpg
400 285
53 59 332 233; 53 60 331 232; 54 59 329 231; 

9\29_29054.jpg
293 400
50 162 229 376; 51 163 222 362; 52 164 221 354; 

9\29_29066.jpg
400 300
69 12 342 236; 69 60 206 199; 71 16 337 231; 

9\29_29073.jpg
400 300
79 4 274 265; 95 121 272 261; 79 7 272 259; 

9\29_29087.jpg
400 346
70 45 341 314; 118 76 309 274; 72 51 339 314; 

9\29_29099.jpg
400 314
106 28 374 289; 106 29 373 290; 108 29 371 288; 

9\29_29105.jpg
399 335
97 112 262 268; 96 113 262 262; 97 114 259 256; 

9\29_29106.jpg
400 271
23 5 285 246; 84 43 265 152; 25 7 282 245; 

9\29_29118.jpg
400 300
65 124 386 272; 62 124 385 267; 64 91 385 270; 

9\29_29121.jpg
400 301
54 33 363 236; 53 38 176 234; 53 38 361 235; 

9\29_29132.jpg
307 400
55 188 262 395; 55 191 261 362; 56 191 262 353; 

9\29_29135.jpg
400 289
29 79 331 198; 124 90 254 183; 26 85 318 186; 

9\29_29138.jpg
399 300
165 110 307 251; 163 111 305 252; 163 112 304 250; 

9\29_29143.jpg
400 345
56 66 346 272; 89 89 305 234; 61 64 345 271; 

9\29_29147.jpg
400 300
74 52 375 210; 212 53 371 212; 212 54 370 209; 

9\29_29155.jpg
399 266
55 15 346 219; 111 16 285 102; 61 16 337 215; 

9\29_29164.jpg
300 400
8 176 260 360; 66 181 269 334; 59 181 268 354; 

9\29_29182.jpg
399 220
108 48 357 148; 111 49 328 126; 103 54 357 143; 

9\29_29183.jpg
400 300
14 61 364 241; 113 63 252 240; 2 62 361 239; 

9\29_29221.jpg
400 284
53 39 178 230; 53 38 176 227; 57 47 174 226; 

9\29_29297.jpg
400 398
142 59 363 344; 141 64 364 342; 141 66 361 342; 

9\29_29298.jpg
320 400
60 66 276 334; 84 105 189 271; 42 106 288 333; 

9\29_29319.jpg
400 295
175 38 296 167; 178 39 293 164; 98 40 309 221; 

9\29_29329.jpg
400 344
26 54 195 181; 27 53 192 178; 28 53 192 179; 

9\29_29356.jpg
400 266
214 8 398 188; 216 10 398 168; 215 11 398 182; 

9\29_29375.jpg
328 400
84 30 202 356; 85 27 194 167; 134 35 202 365; 

9\29_29387.jpg
400 384
26 48 326 326; 106 136 254 266; 25 49 326 324; 

9\29_29394.jpg
400 300
89 61 294 270; 86 71 286 268; 85 71 286 268; 

9\29_29489.jpg
400 285
89 36 331 189; 87 37 305 190; 89 34 303 188; 

9\29_29490.jpg
400 306
138 56 278 278; 151 61 237 271; 142 61 268 273; 

9\29_29495.jpg
400 308
18 8 332 238; 70 8 313 178; 70 8 319 189; 

9\29_29524.jpg
320 400
69 22 241 394; 79 106 221 234; 82 45 226 234; 

9\29_29581.jpg
400 378
82 18 289 374; 81 28 225 213; 81 35 288 343; 

9\29_29686.jpg
299 400
99 92 253 252; 137 78 195 211; 100 46 252 292; 

9\29_29695.jpg
400 276
138 12 278 202; 94 16 279 229; 95 16 279 230; 

9\29_29698.jpg
400 269
128 14 312 222; 133 16 358 239; 132 15 358 238; 

9\29_29710.jpg
193 400
70 156 177 321; 74 156 174 322; 74 155 174 324; 

9\29_29729.jpg
400 235
36 54 372 187; 36 55 373 186; 38 55 373 186; 

9\29_29731.jpg
304 400
38 26 278 308; 38 36 192 308; 38 46 189 303; 

9\29_29762.jpg
400 319
164 59 371 241; 164 61 374 240; 164 62 373 240; 

9\29_29774.jpg
262 400
54 35 204 363; 61 156 198 352; 59 156 199 353; 

9\29_29788.jpg
400 371
53 116 318 307; 58 117 321 314; 59 117 319 317; 

9\29_29794.jpg
400 300
98 17 368 276; 99 17 313 225; 99 17 368 279; 

9\29_29893.jpg
399 319
117 54 287 315; 119 56 297 319; 120 65 276 316; 

9\29_29900.jpg
320 400
36 60 174 246; 90 61 173 249; 13 61 173 248; 

9\29_29901.jpg
355 400
72 72 227 308; 239 195 338 294; 82 74 216 304; 

9\29_29908.jpg
300 400
18 162 139 296; 36 143 138 295; 16 142 197 294; 

9\29_29960.jpg
300 400
50 32 256 252; 55 77 262 266; 16 47 292 266; 

9\29_29997.jpg
400 300
205 30 336 261; 207 39 331 259; 208 37 331 259; 

9\29_29999.jpg
400 271
14 43 244 262; 111 40 249 191; 121 46 246 190; 

