223

10\30_30022.jpg
270 400
58 35 198 381; 56 35 202 378; 57 36 201 378; 

10\30_30028.jpg
153 400
23 50 131 254; 24 52 129 252; 25 53 128 250; 

10\30_30050.jpg
328 400
102 38 222 294; 88 40 236 292; 106 41 206 291; 

10\30_30051.jpg
400 322
28 20 183 188; 29 21 183 183; 29 21 181 181; 

10\30_30065.jpg
400 312
19 19 241 235; 21 19 241 234; 20 20 239 232; 

10\30_30074.jpg
366 400
22 85 347 343; 76 95 353 345; 22 88 352 349; 

10\30_30091.jpg
400 273
33 8 221 202; 39 10 216 202; 24 9 214 201; 

10\30_30093.jpg
292 400
67 177 225 300; 67 180 225 296; 68 181 223 294; 

10\30_30099.jpg
400 300
37 39 313 296; 34 39 306 299; 53 54 292 292; 

10\30_30131.jpg
298 400
27 48 171 389; 29 51 165 400; 30 52 164 397; 

10\30_30158.jpg
400 265
146 51 366 258; 140 51 368 265; 142 53 366 258; 

10\30_30164.jpg
400 283
84 7 315 270; 86 56 315 227; 85 55 315 227; 

10\30_30216.jpg
319 400
117 10 247 112; 116 12 246 110; 119 12 260 355; 

10\30_30226.jpg
400 228
124 77 274 221; 124 80 271 223; 126 82 270 222; 

10\30_30251.jpg
400 300
137 27 249 241; 133 25 251 271; 133 24 249 271; 

10\30_30267.jpg
400 284
93 13 271 239; 91 13 228 91; 93 12 269 271; 

10\30_30268.jpg
300 400
68 9 244 355; 69 9 241 204; 69 18 241 357; 

10\30_30277.jpg
400 320
53 158 350 252; 58 157 351 251; 58 158 350 250; 

10\30_30283.jpg
400 300
96 66 278 229; 168 116 254 231; 98 90 263 229; 

10\30_30286.jpg
254 400
73 26 171 350; 72 31 169 351; 74 32 169 351; 

10\30_30300.jpg
283 400
43 89 178 242; 45 97 173 241; 46 98 171 241; 

10\30_30303.jpg
400 273
81 24 322 244; 80 23 318 228; 80 24 319 245; 

10\30_30382.jpg
400 300
152 90 277 236; 174 89 266 248; 18 89 399 258; 

10\30_30424.jpg
400 269
51 32 351 227; 103 31 316 129; 43 33 393 222; 

10\30_30436.jpg
400 320
55 127 356 246; 58 126 353 244; 58 131 350 239; 

10\30_30443.jpg
400 268
52 26 374 171; 52 49 314 164; 52 29 371 166; 

10\30_30490.jpg
400 300
31 67 266 284; 68 68 266 282; 39 69 262 274; 

10\30_30495.jpg
400 300
68 52 339 248; 101 52 341 194; 65 53 382 262; 

10\30_30497.jpg
400 300
4 97 336 291; 120 141 316 288; 1 99 346 295; 

10\30_30505.jpg
400 400
101 104 315 296; 110 118 312 268; 51 100 306 331; 

10\30_30518.jpg
400 299
109 125 381 216; 113 120 266 212; 115 121 382 213; 

10\30_30524.jpg
400 300
81 83 390 293; 252 82 387 299; 86 83 398 265; 

10\30_30526.jpg
301 400
81 24 272 376; 118 30 266 172; 83 23 271 375; 

10\30_30535.jpg
400 345
58 52 336 296; 74 58 253 271; 62 58 330 300; 

10\30_30538.jpg
400 300
71 39 268 288; 74 44 255 170; 72 43 254 292; 

10\30_30561.jpg
399 321
218 40 342 226; 216 39 342 228; 215 40 343 227; 

10\30_30562.jpg
280 400
29 23 208 326; 46 211 168 318; 30 29 203 316; 

10\30_30577.jpg
341 400
158 158 329 372; 148 159 328 265; 164 159 328 277; 

10\30_30599.jpg
399 261
38 32 278 227; 65 36 243 100; 38 35 286 230; 

10\30_30615.jpg
400 214
73 50 298 164; 71 50 297 163; 74 13 399 162; 

10\30_30623.jpg
400 300
111 75 268 182; 112 77 264 179; 116 78 257 176; 

10\30_30627.jpg
295 400
71 91 211 222; 78 95 209 220; 79 95 208 220; 

10\30_30634.jpg
400 294
64 87 361 245; 76 92 215 178; 51 91 383 260; 

10\30_30643.jpg
400 320
62 86 346 314; 66 86 346 274; 41 81 345 273; 

10\30_30660.jpg
400 300
109 32 302 262; 141 35 252 201; 111 36 299 270; 

10\30_30668.jpg
400 356
128 102 281 256; 130 112 277 249; 136 109 269 246; 

10\30_30676.jpg
400 300
108 42 389 234; 128 44 386 228; 4 46 399 230; 

10\30_30683.jpg
399 268
40 20 232 254; 37 20 230 206; 42 22 230 262; 

10\30_30703.jpg
400 316
10 58 196 308; 95 90 311 237; 3 61 189 315; 

10\30_30717.jpg
400 266
151 61 398 240; 155 69 378 226; 155 57 399 226; 

10\30_30726.jpg
400 267
132 70 274 257; 130 74 258 267; 130 14 291 266; 

10\30_30731.jpg
300 400
93 94 213 399; 96 97 205 400; 100 104 205 399; 

10\30_30732.jpg
399 299
189 30 363 211; 203 28 386 182; 208 39 352 175; 

10\30_30736.jpg
300 400
46 35 216 202; 46 40 213 198; 42 39 212 198; 

10\30_30757.jpg
400 300
96 12 333 262; 95 13 331 265; 97 13 331 264; 

10\30_30802.jpg
268 400
56 80 213 249; 57 124 220 245; 59 80 226 243; 

10\30_30819.jpg
346 400
92 134 261 374; 137 136 246 381; 73 5 299 377; 

10\30_30827.jpg
306 400
68 154 218 358; 94 154 202 361; 25 6 251 359; 

10\30_30849.jpg
399 260
82 61 272 201; 76 50 273 199; 78 56 273 200; 

10\30_30895.jpg
320 313
72 21 235 277; 72 25 232 274; 74 24 233 282; 

10\30_30911.jpg
400 300
201 36 393 238; 198 48 389 238; 200 48 390 144; 

10\30_30924.jpg
400 266
17 64 324 258; 112 68 301 176; 59 69 299 264; 

10\30_30925.jpg
400 265
45 38 208 226; 47 38 204 194; 47 39 216 224; 

10\30_30927.jpg
300 400
82 136 209 321; 84 138 208 317; 84 139 208 317; 

10\30_30933.jpg
400 300
110 64 344 292; 184 62 296 153; 1 20 360 197; 

10\30_30939.jpg
399 265
74 68 304 200; 75 70 307 201; 79 72 306 263; 

10\30_30957.jpg
400 300
14 9 253 262; 149 115 251 250; 49 98 251 268; 

10\30_30959.jpg
400 301
112 20 359 278; 112 24 288 151; 112 26 365 301; 

10\30_30972.jpg
278 399
67 38 249 357; 66 40 253 358; 66 40 254 357; 

10\30_30997.jpg
400 338
244 44 359 303; 244 46 359 279; 242 46 359 300; 

10\31_31005.jpg
400 300
159 12 300 296; 165 37 302 131; 164 0 300 300; 

10\31_31007.jpg
300 400
78 70 245 315; 89 72 247 224; 82 71 246 232; 

10\31_31011.jpg
400 300
136 54 255 284; 155 56 254 201; 1 58 399 212; 

10\31_31012.jpg
314 400
65 62 271 300; 69 131 236 294; 50 47 273 331; 

10\31_31013.jpg
400 316
124 114 371 288; 117 143 372 274; 115 111 366 274; 

10\31_31015.jpg
320 400
16 32 313 229; 11 47 316 171; 12 26 315 229; 

10\31_31021.jpg
400 300
139 80 288 205; 153 81 286 184; 132 82 303 239; 

10\31_31028.jpg
400 300
94 86 208 268; 101 91 211 278; 59 40 211 276; 

10\31_31029.jpg
300 400
71 11 238 395; 75 12 241 162; 70 14 241 397; 

10\31_31046.jpg
300 400
90 103 208 314; 92 108 208 286; 91 108 207 311; 

10\31_31062.jpg
400 300
11 19 260 294; 57 60 253 260; 52 51 243 269; 

10\31_31065.jpg
400 290
20 14 332 175; 116 101 246 224; 129 71 335 152; 

10\31_31072.jpg
400 300
100 28 312 256; 154 29 244 253; 99 29 311 264; 

10\31_31076.jpg
400 300
149 78 350 231; 151 107 341 235; 151 109 340 234; 

10\31_31077.jpg
300 400
71 86 238 311; 62 88 241 310; 61 88 239 311; 

10\31_31083.jpg
400 361
153 89 273 296; 159 90 272 287; 36 96 361 327; 

10\31_31088.jpg
300 400
56 19 250 351; 109 21 249 194; 55 21 250 351; 

10\31_31091.jpg
400 259
102 36 319 144; 81 33 318 153; 81 32 319 170; 

10\31_31093.jpg
400 320
44 59 259 234; 54 59 244 251; 32 59 274 250; 

10\31_31097.jpg
400 249
118 67 279 190; 88 68 277 201; 89 69 277 201; 

10\31_31106.jpg
400 390
130 31 247 370; 133 33 241 365; 133 33 241 377; 

10\31_31110.jpg
400 300
34 30 229 252; 35 30 228 264; 34 30 307 263; 

10\31_31114.jpg
400 400
26 82 354 356; 108 208 336 353; 109 209 338 352; 

10\31_31121.jpg
400 300
51 92 362 240; 184 41 272 159; 88 101 328 211; 

10\31_31124.jpg
400 183
94 27 222 155; 96 36 221 158; 99 39 220 156; 

10\31_31127.jpg
300 400
38 109 286 371; 41 119 286 373; 41 43 286 372; 

10\31_31141.jpg
349 400
59 21 312 288; 67 20 322 294; 21 20 321 327; 

10\31_31142.jpg
400 300
86 23 263 256; 92 89 262 279; 96 41 251 250; 

10\31_31148.jpg
400 300
114 3 317 239; 140 11 287 240; 115 1 316 237; 

10\31_31155.jpg
399 340
71 9 308 327; 147 3 309 256; 71 4 308 338; 

10\31_31157.jpg
400 284
120 4 294 230; 123 58 269 199; 125 1 277 204; 

10\31_31167.jpg
297 399
5 10 164 355; 3 10 108 280; 3 12 107 278; 

10\31_31170.jpg
256 400
101 120 207 224; 102 119 206 222; 104 119 203 220; 

10\31_31171.jpg
400 300
69 36 289 257; 69 38 287 207; 71 38 287 255; 

10\31_31174.jpg
400 300
81 99 228 250; 79 99 237 300; 64 101 236 226; 

10\31_31186.jpg
400 305
20 162 272 290; 23 129 270 288; 23 129 269 288; 

10\31_31188.jpg
338 399
30 170 236 357; 36 174 247 375; 36 175 246 361; 

10\31_31192.jpg
377 400
82 124 301 370; 83 126 296 252; 82 126 297 261; 

10\31_31215.jpg
400 300
9 29 236 297; 46 29 212 174; 48 29 211 298; 

10\31_31218.jpg
400 267
122 38 354 164; 123 48 353 162; 124 49 351 162; 

10\31_31225.jpg
320 400
55 41 293 357; 109 42 278 250; 59 44 292 351; 

10\31_31226.jpg
400 300
128 108 342 230; 124 112 399 299; 37 28 291 231; 

10\31_31232.jpg
315 399
32 146 166 320; 30 145 161 311; 32 107 248 315; 

10\31_31233.jpg
400 367
251 149 372 321; 240 155 368 322; 168 156 367 324; 

10\31_31246.jpg
289 399
54 107 259 355; 101 108 237 356; 101 106 240 355; 

10\31_31255.jpg
399 318
17 19 299 286; 10 12 300 287; 11 12 300 287; 

10\31_31291.jpg
400 298
89 52 329 292; 112 50 236 209; 113 52 316 226; 

10\31_31293.jpg
400 327
90 9 329 315; 100 159 340 228; 100 16 339 287; 

10\31_31315.jpg
300 400
36 127 286 332; 31 111 295 328; 32 112 299 326; 

10\31_31391.jpg
320 400
62 39 291 248; 128 42 242 194; 67 44 285 238; 

10\31_31402.jpg
400 300
34 42 301 204; 98 91 218 205; 32 45 302 204; 

10\31_31432.jpg
400 300
143 4 281 288; 132 2 283 299; 141 2 282 298; 

10\31_31439.jpg
400 300
98 33 271 216; 98 31 268 214; 99 32 268 216; 

10\31_31445.jpg
400 300
98 64 328 237; 107 69 358 227; 107 70 368 226; 

10\31_31447.jpg
400 300
130 69 273 204; 129 78 273 204; 131 77 272 202; 

10\31_31485.jpg
400 270
101 31 316 244; 119 85 306 222; 95 35 319 232; 

10\31_31487.jpg
400 320
76 39 339 258; 76 68 322 251; 76 31 335 256; 

10\31_31596.jpg
400 300
42 52 320 284; 149 124 316 227; 39 34 359 285; 

10\31_31605.jpg
400 300
69 39 322 296; 184 46 323 226; 91 39 322 223; 

10\31_31615.jpg
400 281
41 85 200 266; 41 144 154 264; 42 86 202 264; 

10\31_31660.jpg
400 363
33 18 298 338; 114 74 295 200; 109 33 295 327; 

10\31_31674.jpg
400 299
108 64 272 241; 107 68 271 239; 107 67 270 238; 

10\31_31675.jpg
400 266
224 24 351 249; 226 26 352 247; 226 26 352 248; 

10\31_31676.jpg
266 400
29 34 186 396; 36 38 201 216; 34 38 200 398; 

10\31_31677.jpg
266 400
66 99 199 362; 64 95 199 243; 64 95 199 358; 

10\31_31679.jpg
266 400
47 59 207 399; 78 58 203 219; 49 59 193 399; 

10\31_31682.jpg
266 400
94 69 166 332; 93 70 164 330; 95 69 163 329; 

10\31_31683.jpg
266 400
72 31 230 343; 148 32 228 178; 76 33 252 344; 

10\31_31700.jpg
400 266
221 62 335 265; 222 63 334 211; 220 66 332 266; 

10\31_31701.jpg
400 266
211 64 317 265; 214 63 317 213; 214 64 316 266; 

10\31_31702.jpg
266 400
68 24 219 386; 70 28 209 250; 71 32 217 400; 

10\31_31703.jpg
266 400
29 36 242 332; 30 39 230 206; 30 40 236 400; 

10\31_31704.jpg
266 400
64 26 225 319; 63 34 221 210; 64 35 221 399; 

10\31_31720.jpg
266 400
142 159 232 331; 139 160 234 331; 141 161 232 330; 

10\31_31721.jpg
400 266
51 34 231 264; 62 34 232 137; 48 35 313 266; 

10\31_31722.jpg
400 266
69 24 255 239; 89 24 241 106; 71 26 299 234; 

10\31_31723.jpg
400 266
74 29 262 238; 87 32 240 122; 76 32 321 238; 

10\31_31724.jpg
400 266
90 34 267 244; 108 38 256 124; 91 38 316 246; 

10\31_31727.jpg
266 400
38 131 261 370; 107 55 186 232; 42 61 262 372; 

10\31_31728.jpg
266 400
36 73 241 376; 92 61 159 240; 31 133 244 378; 

10\31_31729.jpg
400 266
211 12 356 240; 212 11 343 156; 212 11 352 241; 

10\31_31749.jpg
400 310
48 62 270 293; 47 69 326 171; 48 69 322 291; 

10\31_31757.jpg
400 300
201 38 395 269; 232 42 353 151; 194 41 392 258; 

10\31_31761.jpg
400 270
179 18 338 267; 201 16 333 176; 200 18 333 246; 

10\31_31764.jpg
400 266
101 32 298 231; 101 38 299 234; 101 38 298 234; 

10\31_31773.jpg
400 300
91 73 358 245; 92 73 343 242; 94 75 356 243; 

10\31_31814.jpg
399 367
78 77 202 293; 80 82 192 293; 81 83 192 290; 

10\31_31815.jpg
400 367
122 105 372 326; 128 104 359 312; 135 111 360 319; 

10\31_31837.jpg
400 300
42 26 357 246; 152 32 301 244; 41 29 354 242; 

10\31_31912.jpg
400 283
48 26 194 279; 109 21 191 174; 44 25 191 282; 

10\31_31964.jpg
400 266
24 12 222 202; 24 10 216 194; 29 17 215 194; 

10\31_31966.jpg
400 300
13 38 366 232; 12 39 220 236; 15 39 359 232; 

10\31_31974.jpg
400 300
212 57 351 200; 212 57 391 195; 215 58 390 269; 

10\31_31980.jpg
279 400
17 237 181 393; 19 239 173 393; 20 239 173 393; 

10\31_31987.jpg
400 400
89 98 313 276; 130 98 249 297; 131 99 248 297; 

10\32_32133.jpg
400 266
118 110 385 257; 212 119 390 258; 119 118 388 258; 

10\32_32148.jpg
400 300
84 35 301 258; 88 38 298 252; 88 38 297 252; 

10\32_32150.jpg
400 266
6 42 311 246; 2 44 306 239; 4 43 306 239; 

10\32_32151.jpg
400 328
56 47 368 292; 122 84 270 255; 92 84 324 254; 

10\32_32154.jpg
400 266
89 18 269 203; 91 18 257 197; 91 17 295 243; 

10\32_32165.jpg
400 300
48 94 338 238; 48 97 342 238; 49 97 341 237; 

10\32_32169.jpg
400 395
71 122 344 390; 101 198 192 301; 73 137 336 346; 

10\32_32185.jpg
400 300
89 32 325 265; 92 36 318 264; 91 37 319 263; 

10\32_32195.jpg
400 301
110 3 312 301; 116 3 305 300; 115 3 305 300; 

10\32_32207.jpg
300 400
18 114 192 386; 21 130 193 379; 21 119 193 386; 

10\32_32210.jpg
399 187
115 39 326 169; 113 35 324 167; 120 51 321 164; 

10\32_32223.jpg
400 380
82 65 336 346; 153 149 254 291; 83 79 337 338; 

10\32_32226.jpg
400 376
116 77 272 226; 113 79 273 228; 114 79 272 225; 

10\32_32244.jpg
399 285
89 60 246 213; 71 45 262 231; 89 63 243 211; 

10\32_32258.jpg
400 320
46 44 307 234; 45 46 306 234; 46 44 306 232; 

10\32_32277.jpg
399 299
44 49 341 256; 106 51 320 156; 47 53 347 255; 

10\32_32318.jpg
400 342
148 30 329 255; 143 31 349 271; 150 32 348 268; 

10\32_32331.jpg
399 399
58 61 336 336; 61 63 340 340; 61 62 338 339; 

10\32_32333.jpg
399 355
76 141 310 255; 195 93 327 310; 74 142 326 311; 

10\32_32334.jpg
399 299
74 88 228 246; 74 85 241 246; 86 96 225 234; 

10\32_32338.jpg
300 400
85 69 244 348; 84 70 242 274; 84 71 241 273; 

10\32_32364.jpg
400 300
107 115 268 232; 111 119 265 229; 110 119 264 229; 

10\32_32365.jpg
300 400
139 153 267 367; 140 159 267 365; 140 159 265 364; 

10\32_32418.jpg
266 400
31 68 245 268; 92 76 245 266; 76 79 243 266; 

10\32_32438.jpg
300 400
51 126 238 313; 132 126 249 306; 160 126 248 277; 

10\32_32478.jpg
400 300
134 106 259 226; 134 122 242 223; 139 119 242 222; 

10\32_32486.jpg
400 266
48 24 272 240; 49 26 272 244; 50 28 272 243; 

10\32_32489.jpg
315 400
26 62 312 246; 53 67 315 226; 26 67 314 247; 

10\32_32496.jpg
400 353
21 48 280 348; 97 46 256 228; 25 50 278 352; 

10\32_32498.jpg
400 221
98 14 298 164; 97 4 318 156; 98 6 317 154; 

10\32_32504.jpg
400 300
42 35 215 205; 75 35 212 208; 81 73 211 205; 

10\32_32570.jpg
400 358
65 99 310 349; 44 98 207 339; 44 99 306 355; 

10\32_32600.jpg
283 400
69 52 278 268; 86 72 218 200; 87 73 220 200; 

10\32_32606.jpg
299 399
120 118 187 321; 121 121 187 323; 122 121 185 321; 

10\32_32609.jpg
266 400
69 104 217 276; 71 103 216 273; 24 102 215 303; 

10\32_32648.jpg
399 314
71 35 277 289; 67 10 199 181; 69 2 274 312; 

10\32_32682.jpg
400 300
81 38 361 243; 127 48 271 172; 74 39 361 244; 

10\32_32691.jpg
400 400
206 143 320 381; 212 142 321 382; 212 142 319 382; 

10\32_32694.jpg
400 299
48 69 334 274; 83 91 276 255; 84 92 274 252; 

10\32_32697.jpg
400 300
111 127 310 232; 175 130 307 227; 108 131 306 227; 

10\32_32727.jpg
400 266
88 17 264 234; 164 46 259 203; 95 8 258 228; 

10\32_32741.jpg
400 300
71 24 321 281; 145 26 277 146; 72 27 320 279; 

10\32_32745.jpg
296 400
45 28 233 323; 131 30 229 229; 47 32 229 327; 

10\32_32749.jpg
400 300
76 34 339 240; 128 39 280 164; 76 38 369 244; 

10\32_32775.jpg
300 400
52 93 163 259; 52 116 154 253; 54 91 154 248; 

10\32_32779.jpg
400 291
89 28 300 221; 149 99 242 186; 141 76 253 188; 

10\32_32813.jpg
266 399
61 121 139 384; 62 123 135 380; 62 122 134 379; 

10\32_32825.jpg
400 276
239 103 368 252; 242 108 366 259; 239 107 366 258; 

10\32_32842.jpg
400 300
156 16 354 266; 169 16 347 239; 171 17 350 276; 

10\32_32854.jpg
400 328
51 80 236 297; 82 80 240 195; 53 81 239 298; 

10\32_32862.jpg
400 266
81 24 334 229; 126 88 321 155; 103 33 328 223; 

10\32_32864.jpg
400 306
114 96 262 228; 124 99 255 229; 117 99 255 229; 

10\32_32882.jpg
399 309
62 59 213 211; 61 59 207 209; 64 59 206 208; 

10\32_32888.jpg
300 400
68 50 228 331; 79 49 209 299; 78 50 211 334; 

10\32_32893.jpg
400 266
68 81 314 191; 138 82 311 186; 102 55 309 188; 

10\32_32901.jpg
266 400
42 42 234 276; 45 44 224 282; 42 51 219 272; 

10\32_32951.jpg
400 320
2 81 259 222; 5 81 253 214; 5 82 253 214; 

10\32_32977.jpg
400 266
190 76 370 253; 194 77 359 254; 202 78 398 256; 

