208

12\36_36029.jpg
400 200
129 81 315 142; 128 84 320 143; 130 84 319 142; 

12\36_36031.jpg
400 320
52 48 350 269; 54 139 279 270; 58 50 361 270; 

12\36_36035.jpg
399 305
37 141 275 299; 39 143 241 250; 38 143 274 283; 

12\36_36039.jpg
400 300
74 158 264 274; 102 203 254 277; 103 214 399 276; 

12\36_36054.jpg
400 300
101 18 330 252; 104 132 317 238; 6 134 382 286; 

12\36_36060.jpg
278 400
11 79 187 328; 14 78 186 265; 16 79 186 328; 

12\36_36062.jpg
386 289
23 76 309 254; 54 108 186 239; 53 112 185 233; 

12\36_36063.jpg
400 300
130 78 370 250; 135 89 263 203; 2 102 362 201; 

12\36_36086.jpg
400 236
209 23 380 223; 213 68 295 222; 145 26 376 219; 

12\36_36106.jpg
399 322
92 47 375 308; 195 85 283 207; 89 49 372 307; 

12\36_36139.jpg
400 321
63 61 279 256; 66 64 277 197; 67 64 276 223; 

12\36_36163.jpg
399 319
119 36 356 300; 230 92 336 169; 124 42 353 299; 

12\36_36168.jpg
400 290
1 116 307 285; 5 125 299 205; 1 106 305 287; 

12\36_36177.jpg
400 320
161 76 372 212; 154 79 374 232; 16 79 374 233; 

12\36_36192.jpg
400 265
114 38 272 152; 112 35 269 146; 116 35 268 147; 

12\36_36193.jpg
400 300
29 64 392 214; 142 64 296 197; 143 69 300 195; 

12\36_36214.jpg
400 344
175 76 381 278; 178 82 325 275; 179 82 324 251; 

12\36_36233.jpg
400 300
9 93 298 209; 211 105 296 209; 1 92 294 208; 

12\36_36235.jpg
399 256
114 85 269 188; 115 84 268 186; 114 84 268 186; 

12\36_36237.jpg
400 300
103 116 324 285; 105 120 325 285; 106 121 324 284; 

12\36_36239.jpg
260 400
23 94 221 363; 23 98 199 206; 25 98 216 353; 

12\36_36242.jpg
400 267
34 66 243 219; 37 68 273 219; 39 68 241 218; 

12\36_36245.jpg
400 300
79 107 362 228; 81 105 292 227; 36 106 398 227; 

12\36_36247.jpg
398 400
84 41 268 269; 82 42 269 264; 86 45 338 303; 

12\36_36282.jpg
400 300
124 81 282 235; 125 84 289 236; 126 84 286 232; 

12\36_36285.jpg
399 276
56 4 266 216; 56 7 262 218; 60 6 261 213; 

12\36_36290.jpg
400 300
7 69 400 252; 161 106 261 251; 8 71 399 256; 

12\36_36291.jpg
400 300
175 142 392 253; 186 148 303 258; 137 103 400 258; 

12\36_36292.jpg
400 225
30 64 320 178; 134 75 201 160; 134 76 201 159; 

12\36_36293.jpg
400 300
51 81 273 293; 51 82 268 296; 49 22 294 296; 

12\36_36296.jpg
400 295
101 67 301 276; 104 75 291 268; 2 61 349 269; 

12\36_36300.jpg
399 387
105 122 369 265; 107 126 333 239; 109 127 332 260; 

12\36_36321.jpg
400 266
37 22 250 225; 38 28 252 222; 39 26 250 223; 

12\36_36419.jpg
300 400
65 165 239 369; 102 168 239 366; 103 168 247 354; 

12\36_36427.jpg
400 266
166 35 340 215; 169 36 333 214; 170 37 332 213; 

12\36_36429.jpg
313 399
130 154 259 353; 130 147 260 353; 132 147 258 351; 

12\36_36430.jpg
400 320
138 94 292 224; 154 93 288 218; 123 100 288 227; 

12\36_36441.jpg
266 400
69 37 219 372; 113 36 214 205; 72 46 221 354; 

12\36_36446.jpg
400 280
159 53 359 198; 157 51 364 214; 158 54 367 238; 

12\36_36460.jpg
400 320
65 54 191 206; 66 55 192 203; 66 56 191 205; 

12\36_36461.jpg
266 400
35 44 209 341; 37 44 208 343; 41 45 206 343; 

12\36_36477.jpg
400 284
88 34 328 261; 128 116 320 259; 129 37 329 258; 

12\36_36511.jpg
397 400
6 23 246 396; 13 154 246 362; 9 46 244 353; 

12\36_36520.jpg
400 300
102 56 312 215; 97 58 304 161; 103 58 317 212; 

12\36_36529.jpg
309 400
97 125 285 385; 68 123 198 238; 46 125 256 354; 

12\36_36543.jpg
400 300
205 78 302 265; 203 81 302 266; 204 81 301 266; 

12\36_36544.jpg
400 300
90 31 345 271; 86 31 344 274; 88 32 343 272; 

12\36_36545.jpg
323 400
65 84 301 254; 66 84 299 254; 49 32 299 254; 

12\36_36547.jpg
400 261
27 29 234 111; 146 31 252 162; 19 31 381 144; 

12\36_36557.jpg
400 298
94 71 358 294; 45 71 195 228; 44 72 370 296; 

12\36_36558.jpg
399 315
52 31 220 225; 62 31 219 231; 20 33 258 229; 

12\36_36559.jpg
400 300
126 22 271 198; 131 38 237 124; 128 24 268 194; 

12\36_36572.jpg
400 344
52 14 273 321; 49 11 174 315; 53 18 322 313; 

12\36_36575.jpg
399 272
102 62 273 185; 101 64 268 190; 102 9 292 199; 

12\36_36578.jpg
400 276
142 107 300 228; 150 108 297 204; 47 11 389 268; 

12\36_36593.jpg
400 249
100 38 320 226; 102 51 177 223; 103 36 320 222; 

12\36_36604.jpg
400 300
2 52 245 236; 105 79 245 241; 62 78 242 242; 

12\36_36616.jpg
400 266
102 59 332 197; 103 64 325 160; 1 66 322 192; 

12\36_36654.jpg
400 266
6 117 326 224; 127 116 324 224; 8 119 323 222; 

12\36_36662.jpg
400 320
23 144 300 281; 189 141 296 248; 4 143 295 288; 

12\36_36691.jpg
400 262
7 78 336 256; 96 104 271 254; 8 68 335 254; 

12\36_36693.jpg
272 400
52 44 231 389; 53 141 232 387; 57 47 230 355; 

12\36_36694.jpg
306 400
100 34 254 338; 102 41 251 333; 104 42 251 363; 

12\36_36697.jpg
230 400
32 144 194 381; 32 143 192 349; 33 79 191 354; 

12\36_36700.jpg
400 305
50 117 321 251; 119 131 227 236; 22 117 375 254; 

12\36_36717.jpg
266 400
89 80 227 311; 91 80 226 308; 91 76 224 308; 

12\36_36718.jpg
400 302
88 30 324 295; 123 103 228 231; 97 26 311 241; 

12\36_36719.jpg
400 302
81 26 319 299; 124 109 230 234; 98 26 311 241; 

12\36_36721.jpg
400 302
89 51 312 273; 125 132 266 239; 93 61 314 232; 

12\36_36742.jpg
400 320
100 122 227 224; 110 121 221 228; 111 122 221 226; 

12\36_36745.jpg
400 320
76 112 346 219; 77 99 262 216; 81 99 348 219; 

12\36_36746.jpg
400 300
98 30 395 214; 134 49 325 211; 98 32 399 209; 

12\36_36750.jpg
288 400
2 59 278 308; 25 141 136 271; 6 61 283 305; 

12\36_36754.jpg
309 399
21 113 221 388; 92 118 245 287; 22 50 247 362; 

12\36_36756.jpg
400 270
18 32 388 187; 161 64 296 201; 163 46 299 184; 

12\36_36758.jpg
400 214
100 53 272 182; 147 69 269 176; 99 43 268 176; 

12\36_36775.jpg
400 300
130 122 372 251; 139 136 370 254; 63 95 369 254; 

12\36_36780.jpg
400 305
19 33 315 255; 10 33 267 168; 12 34 366 252; 

12\36_36781.jpg
358 400
69 66 328 295; 72 69 322 288; 73 69 321 288; 

12\36_36782.jpg
400 300
28 110 268 238; 30 112 266 226; 31 114 266 225; 

12\36_36784.jpg
399 270
119 12 344 235; 127 100 299 232; 76 17 346 232; 

12\36_36785.jpg
400 289
148 69 388 209; 142 78 258 250; 14 79 384 249; 

12\36_36791.jpg
400 320
78 16 315 250; 81 22 314 226; 81 22 314 224; 

12\36_36796.jpg
400 213
94 32 324 163; 96 52 325 152; 94 15 324 151; 

12\36_36809.jpg
400 240
71 127 206 207; 66 129 262 232; 34 84 261 231; 

12\36_36852.jpg
400 146
40 55 224 128; 12 58 244 134; 4 58 244 135; 

12\36_36856.jpg
399 357
51 96 400 305; 69 86 254 161; 56 86 399 302; 

12\36_36867.jpg
348 399
49 84 340 329; 12 84 183 224; 12 85 182 241; 

12\36_36873.jpg
400 299
151 54 389 290; 202 120 299 199; 151 58 389 287; 

12\36_36874.jpg
266 400
66 42 220 218; 66 35 219 210; 66 46 218 209; 

12\36_36875.jpg
400 300
32 4 276 275; 167 28 278 181; 39 8 277 275; 

12\36_36876.jpg
400 342
104 115 345 334; 158 120 333 282; 158 122 364 326; 

12\36_36881.jpg
300 400
44 48 229 278; 50 62 141 276; 46 48 227 272; 

12\36_36882.jpg
400 398
53 99 194 254; 59 108 173 250; 48 67 194 307; 

12\36_36884.jpg
400 283
49 123 246 256; 19 131 243 249; 18 129 242 249; 

12\36_36886.jpg
267 400
67 79 256 362; 78 80 258 355; 9 81 255 354; 

12\36_36887.jpg
400 266
80 84 376 249; 91 88 214 248; 54 88 374 248; 

12\36_36904.jpg
400 303
41 47 329 216; 144 104 328 212; 48 44 327 208; 

12\36_36952.jpg
400 266
139 22 394 223; 179 24 309 204; 138 20 394 224; 

12\37_37003.jpg
216 324
12 64 210 227; 10 61 205 223; 13 63 204 221; 

12\37_37013.jpg
400 227
48 6 349 155; 51 6 300 150; 50 6 346 149; 

12\37_37024.jpg
400 285
38 51 321 275; 41 44 318 214; 47 56 319 217; 

12\37_37033.jpg
275 183
81 64 210 178; 81 63 210 149; 83 66 209 146; 

12\37_37042.jpg
400 306
43 57 315 225; 56 59 186 158; 43 59 334 229; 

12\37_37067.jpg
400 320
38 94 359 298; 36 99 286 300; 39 100 387 301; 

12\37_37102.jpg
278 399
117 228 270 390; 108 228 268 391; 114 228 268 360; 

12\37_37127.jpg
300 400
85 48 286 389; 84 183 172 389; 87 51 281 355; 

12\37_37147.jpg
400 266
109 46 246 240; 109 46 246 241; 52 44 244 241; 

12\37_37158.jpg
400 320
72 44 302 306; 74 46 303 299; 73 45 304 306; 

12\37_37328.jpg
400 320
114 72 291 242; 116 74 289 244; 118 76 291 241; 

12\37_37335.jpg
400 339
115 47 356 279; 118 47 354 283; 119 49 352 280; 

12\37_37344.jpg
249 400
78 33 176 379; 81 204 176 378; 82 202 165 355; 

12\37_37406.jpg
269 400
23 70 187 373; 26 72 187 269; 24 72 188 357; 

12\37_37411.jpg
400 266
27 56 334 238; 142 86 333 226; 29 56 382 241; 

12\37_37435.jpg
400 300
181 133 299 248; 180 137 301 248; 184 136 298 246; 

12\37_37440.jpg
281 400
51 52 271 328; 53 129 212 311; 56 97 268 324; 

12\37_37441.jpg
400 184
47 42 347 158; 129 45 281 144; 40 47 355 142; 

12\37_37443.jpg
251 400
14 55 157 378; 12 59 152 386; 14 58 152 354; 

12\37_37446.jpg
400 234
26 39 355 191; 27 42 356 189; 29 41 353 187; 

12\37_37447.jpg
400 200
31 78 234 155; 116 82 231 152; 35 84 229 151; 

12\37_37451.jpg
313 400
36 66 184 331; 38 96 180 331; 48 138 166 264; 

12\37_37482.jpg
400 300
11 98 371 250; 106 99 231 193; 108 103 228 191; 

12\37_37488.jpg
400 320
142 17 353 309; 143 18 355 309; 145 19 354 309; 

12\37_37508.jpg
400 245
104 48 269 155; 102 48 264 153; 103 48 266 151; 

12\37_37534.jpg
300 400
98 49 175 304; 101 51 172 302; 101 53 173 300; 

12\37_37545.jpg
276 399
10 19 233 241; 16 53 223 223; 17 19 222 226; 

12\37_37577.jpg
400 383
234 149 329 361; 234 150 327 356; 237 151 326 345; 

12\37_37597.jpg
400 266
41 66 297 262; 70 71 267 186; 43 70 296 200; 

12\37_37619.jpg
371 400
78 42 285 329; 81 42 285 248; 82 50 283 332; 

12\37_37641.jpg
400 300
86 30 318 278; 86 31 257 189; 86 31 314 286; 

12\37_37654.jpg
273 400
82 128 238 348; 84 130 243 287; 89 141 240 260; 

12\37_37655.jpg
270 400
73 104 173 363; 72 105 171 283; 74 106 170 355; 

12\37_37702.jpg
400 320
84 45 316 273; 87 48 314 274; 90 48 314 268; 

12\37_37703.jpg
400 320
124 68 279 225; 124 68 279 222; 126 71 276 220; 

12\37_37707.jpg
400 300
80 2 307 287; 80 4 308 205; 82 4 304 204; 

12\37_37736.jpg
346 400
156 21 297 368; 154 233 286 361; 156 45 296 355; 

12\37_37746.jpg
400 266
141 32 346 257; 144 37 346 231; 141 37 345 267; 

12\37_37751.jpg
300 400
40 106 192 260; 42 106 193 259; 42 108 158 259; 

12\37_37791.jpg
400 210
121 2 288 209; 121 4 289 209; 121 3 288 208; 

12\37_37805.jpg
363 400
99 72 311 329; 99 74 249 196; 100 76 312 355; 

12\37_37807.jpg
400 300
71 69 220 198; 74 75 218 189; 75 77 217 184; 

12\37_37952.jpg
400 221
66 103 165 210; 66 106 164 209; 66 106 162 207; 

12\37_37975.jpg
400 300
32 12 170 274; 23 11 171 171; 29 14 171 266; 

12\37_37978.jpg
268 400
14 41 196 380; 75 38 204 177; 14 48 201 304; 

12\37_37998.jpg
288 400
112 21 283 366; 129 8 219 151; 115 35 271 365; 

12\38_38014.jpg
399 389
147 54 309 346; 150 56 310 325; 139 23 375 347; 

12\38_38038.jpg
337 400
60 66 242 382; 59 162 195 386; 54 79 263 338; 

12\38_38060.jpg
400 251
146 5 275 248; 150 7 274 249; 148 7 274 248; 

12\38_38087.jpg
337 400
94 42 276 354; 71 42 271 349; 66 45 284 291; 

12\38_38093.jpg
400 300
126 20 321 269; 130 23 323 268; 127 21 324 270; 

12\38_38097.jpg
400 300
140 77 272 204; 139 92 271 203; 142 97 268 203; 

12\38_38115.jpg
400 266
75 52 347 262; 77 53 243 197; 79 53 344 259; 

12\38_38130.jpg
400 300
51 36 349 258; 49 41 348 255; 53 37 348 259; 

12\38_38131.jpg
400 304
98 21 390 232; 99 22 389 230; 99 22 388 229; 

12\38_38144.jpg
400 295
86 68 298 225; 181 76 238 171; 89 89 295 216; 

12\38_38149.jpg
300 400
30 19 207 398; 34 20 208 211; 33 46 207 353; 

12\38_38159.jpg
400 300
14 63 304 282; 74 62 281 277; 76 63 279 276; 

12\38_38165.jpg
265 400
143 51 236 336; 146 52 211 319; 145 52 239 335; 

12\38_38185.jpg
400 300
82 17 289 270; 82 101 274 268; 81 16 286 269; 

12\38_38186.jpg
400 320
35 93 312 289; 116 134 311 235; 35 93 311 287; 

12\38_38229.jpg
400 290
171 102 349 259; 172 103 348 257; 173 104 346 258; 

12\38_38250.jpg
400 258
71 31 396 203; 108 32 298 131; 72 32 400 203; 

12\38_38368.jpg
400 266
60 14 278 252; 61 13 282 255; 60 14 280 253; 

12\38_38384.jpg
400 294
110 22 304 226; 92 100 228 232; 97 22 306 231; 

12\38_38396.jpg
400 251
18 30 288 165; 124 31 210 152; 22 33 287 164; 

12\38_38399.jpg
300 400
36 164 264 334; 35 164 268 334; 34 162 266 332; 

12\38_38409.jpg
400 300
103 17 338 260; 206 69 335 259; 105 21 334 259; 

12\38_38480.jpg
400 300
74 4 286 274; 96 81 271 164; 98 59 272 274; 

12\38_38592.jpg
400 300
32 64 380 180; 146 76 271 173; 2 76 382 181; 

12\38_38603.jpg
400 253
42 39 274 144; 49 38 274 144; 47 40 273 142; 

12\38_38642.jpg
400 287
77 53 305 234; 77 56 301 233; 79 58 301 230; 

12\38_38661.jpg
400 331
71 19 302 312; 71 21 309 312; 69 24 306 311; 

12\38_38671.jpg
286 400
10 9 204 324; 1 19 173 189; 1 47 172 213; 

12\38_38673.jpg
400 301
31 54 377 219; 28 75 231 222; 30 58 376 222; 

12\38_38681.jpg
300 400
9 112 196 362; 8 112 196 318; 9 110 195 355; 

12\38_38686.jpg
400 300
110 22 338 258; 109 21 341 259; 110 22 340 258; 

12\38_38688.jpg
400 320
81 27 275 289; 118 58 258 203; 108 25 277 202; 

12\38_38697.jpg
400 300
114 32 278 279; 106 33 279 280; 124 33 278 279; 

12\38_38725.jpg
400 283
24 48 219 238; 21 48 218 238; 21 49 216 236; 

12\38_38734.jpg
400 300
41 16 244 286; 39 130 244 288; 41 16 243 289; 

12\38_38738.jpg
399 347
109 51 287 301; 162 49 289 217; 77 52 289 303; 

12\38_38742.jpg
400 266
145 25 349 196; 146 26 350 192; 147 28 349 210; 

12\38_38753.jpg
400 320
51 51 353 279; 102 51 286 283; 104 52 353 281; 

12\38_38759.jpg
296 400
38 30 282 274; 52 33 209 167; 64 45 209 249; 

12\38_38760.jpg
400 300
76 30 360 230; 74 28 359 226; 76 29 360 229; 

12\38_38763.jpg
397 400
56 74 326 315; 58 74 325 316; 56 75 324 315; 

12\38_38765.jpg
400 293
82 63 354 220; 82 66 354 218; 81 66 354 219; 

12\38_38767.jpg
400 400
54 82 339 394; 123 78 321 225; 123 78 372 228; 

12\38_38768.jpg
400 400
18 30 308 346; 16 28 312 350; 18 30 310 349; 

12\38_38771.jpg
400 300
68 78 274 294; 84 75 270 241; 91 78 268 241; 

12\38_38793.jpg
400 286
114 42 199 179; 98 36 202 191; 101 34 211 191; 

12\38_38803.jpg
400 328
58 70 347 249; 59 72 345 247; 57 41 345 246; 

12\38_38804.jpg
400 253
46 31 375 203; 201 31 351 141; 206 32 349 137; 

12\38_38827.jpg
400 303
25 32 287 271; 24 32 182 269; 26 35 286 271; 

12\38_38852.jpg
266 400
27 91 221 317; 32 150 204 310; 29 99 213 306; 

12\38_38853.jpg
400 300
180 86 367 284; 235 109 364 253; 188 96 362 277; 

12\38_38870.jpg
400 338
26 128 383 300; 120 130 266 298; 27 138 383 296; 

12\38_38872.jpg
320 400
48 116 222 368; 51 118 226 268; 51 119 223 287; 

12\38_38875.jpg
400 332
51 61 327 258; 50 124 188 193; 54 61 322 260; 

12\38_38900.jpg
400 251
52 44 298 212; 34 36 306 221; 39 46 316 214; 

12\38_38934.jpg
400 320
136 66 362 306; 134 68 364 309; 136 68 363 307; 

12\38_38939.jpg
400 302
108 48 304 234; 112 46 308 200; 112 48 310 237; 

12\38_38949.jpg
400 329
110 38 325 289; 202 104 286 218; 166 38 322 290; 

12\38_38962.jpg
400 300
98 47 273 219; 137 44 271 218; 100 41 270 216; 

12\38_38969.jpg
250 400
63 35 233 236; 71 38 192 254; 12 46 231 272; 

12\38_38982.jpg
400 268
62 56 290 227; 58 54 291 122; 22 37 291 224; 

12\38_38998.jpg
400 300
148 62 318 238; 151 65 318 227; 151 71 315 223; 

12\38_38999.jpg
400 276
22 8 318 222; 156 53 318 226; 147 52 316 248; 

