307

22\66_66004.jpg
301 400
60 21 272 314; 65 113 150 316; 66 4 291 316; 

22\66_66006.jpg
400 300
142 32 237 251; 142 32 236 249; 144 32 234 248; 

22\66_66009.jpg
267 400
108 236 226 355; 109 236 228 355; 109 238 225 347; 

22\66_66010.jpg
400 255
239 14 333 146; 239 64 330 149; 241 64 327 143; 

22\66_66012.jpg
400 263
21 95 392 195; 84 96 396 196; 74 99 394 192; 

22\66_66017.jpg
400 298
87 26 349 264; 84 28 352 267; 84 29 351 266; 

22\66_66038.jpg
400 254
208 82 359 248; 206 91 342 240; 208 92 344 249; 

22\66_66045.jpg
400 300
114 45 319 231; 99 36 259 220; 98 37 326 235; 

22\66_66053.jpg
400 300
89 116 252 272; 92 114 247 274; 93 116 247 272; 

22\66_66062.jpg
400 320
196 19 395 242; 192 15 396 197; 194 7 396 246; 

22\66_66072.jpg
400 266
139 24 397 261; 228 93 397 199; 131 14 398 265; 

22\66_66076.jpg
300 399
143 44 237 355; 126 45 241 355; 146 45 239 353; 

22\66_66107.jpg
400 365
34 102 376 278; 71 99 182 230; 34 98 391 284; 

22\66_66111.jpg
400 292
114 14 357 251; 114 14 354 260; 112 14 354 256; 

22\66_66112.jpg
300 400
102 99 299 398; 114 91 231 236; 122 95 244 236; 

22\66_66136.jpg
295 400
52 8 207 238; 74 122 203 247; 79 1 202 304; 

22\66_66144.jpg
400 317
41 53 363 270; 44 50 361 272; 44 51 361 270; 

22\66_66152.jpg
400 300
6 8 218 258; 28 71 219 259; 1 1 221 261; 

22\66_66153.jpg
300 400
106 46 287 371; 102 202 237 341; 104 48 285 365; 

22\66_66158.jpg
300 399
11 77 275 318; 93 114 237 264; 9 78 275 317; 

22\66_66163.jpg
399 387
66 12 345 271; 94 53 300 216; 53 7 344 276; 

22\66_66168.jpg
288 400
21 149 275 342; 41 165 205 343; 19 147 275 393; 

22\66_66172.jpg
400 195
154 62 259 178; 152 64 256 174; 154 64 257 184; 

22\66_66175.jpg
300 216
104 76 212 153; 104 67 265 155; 106 72 241 153; 

22\66_66178.jpg
400 285
51 56 244 246; 51 52 245 236; 50 52 243 247; 

22\66_66180.jpg
400 300
149 4 331 291; 149 114 291 218; 149 114 331 216; 

22\66_66185.jpg
400 371
105 166 395 302; 106 168 303 299; 106 167 391 298; 

22\66_66186.jpg
361 400
7 191 355 298; 6 195 239 297; 7 196 354 295; 

22\66_66188.jpg
346 400
12 55 267 343; 10 59 195 306; 11 61 263 397; 

22\66_66201.jpg
400 266
221 48 365 236; 221 48 364 228; 222 48 363 229; 

22\66_66209.jpg
400 338
191 109 345 337; 194 99 347 338; 193 106 346 338; 

22\66_66211.jpg
400 365
182 108 350 355; 187 113 349 316; 187 113 347 366; 

22\66_66234.jpg
400 348
189 64 321 177; 187 71 318 181; 188 71 318 182; 

22\66_66237.jpg
400 387
117 113 278 271; 121 113 278 269; 123 113 277 268; 

22\66_66243.jpg
400 300
115 127 300 258; 161 184 291 251; 104 139 287 248; 

22\66_66245.jpg
400 300
119 79 250 213; 119 84 248 211; 121 89 247 211; 

22\66_66250.jpg
400 210
144 15 306 184; 145 15 303 185; 146 14 304 186; 

22\66_66254.jpg
400 244
46 98 369 216; 46 100 368 214; 47 100 367 210; 

22\66_66268.jpg
399 299
33 37 220 147; 34 36 220 174; 35 37 219 173; 

22\66_66269.jpg
400 299
108 22 302 286; 117 25 324 219; 116 24 324 263; 

22\66_66270.jpg
400 300
119 36 295 245; 119 90 296 247; 119 91 295 245; 

22\66_66271.jpg
400 300
19 14 244 298; 17 13 216 201; 18 13 214 206; 

22\66_66286.jpg
266 400
34 36 239 337; 56 58 208 305; 56 58 206 309; 

22\66_66289.jpg
400 400
93 86 311 308; 123 124 278 278; 124 124 278 279; 

22\66_66290.jpg
400 400
56 42 360 349; 148 189 321 341; 54 43 359 344; 

22\66_66291.jpg
267 399
68 111 216 395; 68 114 216 350; 70 114 215 399; 

22\66_66299.jpg
399 228
114 20 294 152; 114 21 294 155; 114 21 293 196; 

22\66_66323.jpg
400 267
37 51 216 220; 39 51 216 224; 24 53 214 248; 

22\66_66335.jpg
323 400
17 90 251 384; 15 33 255 387; 17 93 246 385; 

22\66_66342.jpg
400 300
134 24 362 205; 134 24 362 203; 135 25 361 202; 

22\66_66344.jpg
312 400
12 188 256 353; 73 191 254 336; 74 191 254 398; 

22\66_66354.jpg
300 400
96 29 200 333; 105 197 199 341; 108 38 198 304; 

22\66_66373.jpg
400 266
46 62 357 218; 45 62 356 212; 45 63 355 210; 

22\66_66378.jpg
400 393
6 83 312 383; 133 39 318 279; 90 1 379 332; 

22\66_66405.jpg
260 400
70 104 201 269; 72 106 201 246; 73 106 200 269; 

22\66_66407.jpg
320 400
87 71 289 306; 119 69 282 306; 30 16 282 306; 

22\66_66436.jpg
266 400
50 22 218 393; 68 122 141 203; 59 22 219 307; 

22\66_66458.jpg
400 320
32 88 254 223; 80 90 249 202; 65 89 255 212; 

22\66_66470.jpg
266 400
33 35 239 340; 57 58 207 305; 32 37 237 333; 

22\66_66521.jpg
400 266
68 49 301 263; 108 47 304 265; 59 49 294 267; 

22\66_66540.jpg
400 320
116 66 363 277; 117 68 363 207; 117 68 362 274; 

22\66_66552.jpg
268 399
51 178 263 358; 47 178 262 358; 48 178 262 358; 

22\66_66568.jpg
400 393
166 186 399 388; 216 208 329 334; 168 188 399 392; 

22\66_66593.jpg
400 300
111 6 342 294; 176 114 328 262; 94 29 341 290; 

22\66_66595.jpg
368 400
46 42 238 210; 45 44 229 181; 43 43 333 341; 

22\66_66598.jpg
400 266
145 8 379 252; 145 18 375 251; 144 2 375 251; 

22\66_66615.jpg
400 398
47 42 167 392; 46 42 167 268; 46 42 167 394; 

22\66_66623.jpg
400 266
197 32 329 217; 201 39 310 196; 189 38 329 213; 

22\66_66640.jpg
400 301
80 74 212 197; 80 75 213 198; 81 74 212 196; 

22\66_66658.jpg
400 278
94 1 363 186; 98 3 375 188; 98 4 374 268; 

22\66_66667.jpg
400 278
130 28 331 191; 131 31 338 191; 131 28 337 191; 

22\66_66683.jpg
320 400
4 165 229 349; 31 199 189 331; 2 136 267 397; 

22\66_66696.jpg
400 300
86 108 266 288; 88 107 265 286; 86 107 265 284; 

22\66_66778.jpg
400 266
30 29 361 219; 124 29 225 206; 30 29 362 206; 

22\66_66786.jpg
400 301
269 72 359 256; 270 77 366 252; 271 76 366 252; 

22\66_66789.jpg
400 300
129 71 290 194; 138 70 289 194; 96 71 288 195; 

22\66_66795.jpg
354 400
120 16 310 313; 145 156 275 307; 127 129 293 374; 

22\66_66818.jpg
300 399
86 20 222 383; 92 22 200 243; 86 23 222 384; 

22\66_66821.jpg
400 300
115 83 282 225; 116 81 280 221; 116 82 280 222; 

22\66_66824.jpg
400 309
166 7 361 302; 166 6 363 258; 166 5 363 258; 

22\66_66835.jpg
400 316
111 48 382 294; 112 76 226 184; 111 45 381 302; 

22\66_66838.jpg
400 324
60 2 308 273; 124 141 257 270; 58 2 327 270; 

22\66_66870.jpg
268 400
112 101 236 302; 115 102 231 280; 116 102 232 278; 

22\66_66888.jpg
400 316
115 9 361 295; 150 105 251 156; 133 29 364 298; 

22\66_66889.jpg
400 253
64 56 211 161; 68 56 212 161; 66 56 209 159; 

22\66_66898.jpg
400 266
144 54 240 186; 146 57 236 187; 145 54 234 186; 

22\66_66903.jpg
400 286
168 31 317 255; 169 29 318 254; 169 31 316 254; 

22\66_66914.jpg
400 288
62 68 194 188; 81 70 198 180; 60 71 197 197; 

22\66_66921.jpg
400 382
57 45 181 347; 55 42 131 348; 56 43 179 349; 

22\66_66940.jpg
400 311
76 37 343 295; 77 36 341 293; 76 36 342 295; 

22\66_66941.jpg
400 300
212 33 389 146; 208 34 389 147; 211 35 388 146; 

22\66_66948.jpg
400 300
108 51 317 254; 119 69 314 234; 112 49 331 254; 

22\66_66950.jpg
320 400
57 18 234 279; 54 18 232 268; 53 17 231 290; 

22\66_66951.jpg
316 400
5 42 270 316; 92 62 171 178; 93 77 161 176; 

22\66_66953.jpg
400 266
66 13 289 175; 147 41 289 181; 58 12 288 180; 

22\66_66954.jpg
266 400
121 110 208 269; 16 74 194 118; 129 126 205 252; 

22\66_66963.jpg
400 202
57 74 161 155; 48 68 172 154; 64 91 141 150; 

22\66_66969.jpg
400 260
4 128 393 252; 126 129 301 192; 6 130 394 250; 

22\66_66976.jpg
400 314
160 102 382 306; 195 115 360 262; 196 117 357 261; 

22\66_66979.jpg
393 399
123 230 237 395; 119 231 237 400; 117 232 239 398; 

22\66_66984.jpg
266 400
28 43 223 267; 64 45 164 268; 16 41 222 266; 

22\66_66985.jpg
400 266
3 58 302 245; 128 107 299 246; 1 56 298 244; 

22\66_66987.jpg
400 263
128 149 370 254; 132 152 369 251; 133 152 369 251; 

22\66_66988.jpg
400 246
201 64 349 206; 203 65 348 208; 204 66 348 208; 

22\66_66990.jpg
400 319
159 119 308 262; 182 161 246 245; 148 114 288 256; 

22\66_66991.jpg
400 365
24 22 374 248; 131 24 271 203; 26 26 374 247; 

22\66_66992.jpg
400 319
187 54 362 221; 194 85 303 206; 194 31 354 204; 

22\67_67004.jpg
400 266
84 16 343 261; 85 15 187 188; 85 16 191 187; 

22\67_67006.jpg
320 400
94 21 271 377; 98 20 270 246; 98 21 269 400; 

22\67_67007.jpg
300 400
11 78 216 258; 12 85 216 256; 11 84 216 255; 

22\67_67008.jpg
266 400
6 109 245 350; 136 113 243 300; 6 113 241 375; 

22\67_67016.jpg
400 380
41 24 279 283; 68 51 226 182; 41 51 280 281; 

22\67_67027.jpg
400 228
99 8 243 222; 103 7 241 209; 99 8 251 229; 

22\67_67032.jpg
400 238
64 48 181 178; 64 48 182 169; 66 48 181 220; 

22\67_67033.jpg
400 316
99 16 304 274; 99 16 312 274; 99 16 312 273; 

22\67_67035.jpg
400 361
52 46 326 315; 99 136 262 315; 61 36 329 310; 

22\67_67045.jpg
250 399
67 37 197 376; 72 40 179 285; 73 39 197 382; 

22\67_67046.jpg
400 269
129 88 295 202; 128 92 291 194; 128 92 291 199; 

22\67_67050.jpg
400 230
137 102 361 184; 135 102 360 188; 134 102 361 187; 

22\67_67051.jpg
400 316
114 68 372 281; 128 102 243 187; 90 66 374 274; 

22\67_67071.jpg
400 266
24 66 264 228; 91 68 203 146; 26 68 262 226; 

22\67_67116.jpg
400 285
86 101 273 286; 89 91 242 208; 86 91 274 284; 

22\67_67118.jpg
307 400
41 68 264 369; 40 69 266 192; 42 68 265 368; 

22\67_67124.jpg
266 400
42 8 209 251; 41 81 199 241; 41 52 201 242; 

22\67_67129.jpg
400 281
144 30 384 256; 144 31 292 258; 144 31 382 259; 

22\67_67140.jpg
266 400
29 72 181 334; 92 72 172 334; 31 68 172 332; 

22\67_67143.jpg
400 320
11 85 371 238; 136 80 285 237; 11 81 371 233; 

22\67_67145.jpg
400 266
97 49 302 237; 120 96 228 261; 106 94 225 264; 

22\67_67148.jpg
400 266
120 26 361 256; 210 28 354 176; 121 24 356 255; 

22\67_67163.jpg
377 400
66 54 186 208; 66 53 186 208; 67 52 184 206; 

22\67_67165.jpg
286 400
136 61 271 389; 129 61 270 389; 127 61 271 391; 

22\67_67170.jpg
400 300
94 20 299 199; 51 19 302 260; 56 19 301 256; 

22\67_67179.jpg
266 400
70 193 189 383; 74 191 191 385; 73 188 196 385; 

22\67_67201.jpg
400 300
126 22 264 296; 126 131 187 248; 129 24 263 278; 

22\67_67202.jpg
400 320
209 24 339 293; 208 24 338 298; 207 25 339 296; 

22\67_67219.jpg
400 300
84 12 331 269; 85 13 324 272; 86 14 334 266; 

22\67_67227.jpg
399 324
17 104 264 323; 20 104 246 269; 18 105 262 323; 

22\67_67230.jpg
400 320
73 53 377 292; 73 53 349 231; 71 53 374 295; 

22\67_67235.jpg
266 400
48 47 218 365; 49 50 218 276; 49 49 217 364; 

22\67_67243.jpg
266 400
48 118 222 392; 47 118 186 388; 48 116 221 398; 

22\67_67258.jpg
400 254
41 96 362 221; 43 104 357 214; 45 104 357 213; 

22\67_67289.jpg
283 400
106 52 244 391; 117 169 238 285; 109 53 244 393; 

22\67_67290.jpg
400 266
69 46 187 216; 69 47 188 182; 70 46 186 183; 

22\67_67293.jpg
400 297
78 80 398 251; 127 84 243 149; 80 84 397 250; 

22\67_67308.jpg
400 300
32 5 244 215; 32 11 242 168; 32 9 240 215; 

22\67_67310.jpg
282 400
68 92 225 258; 68 107 214 249; 72 108 212 253; 

22\67_67324.jpg
400 267
132 66 339 241; 133 66 343 256; 131 67 342 259; 

22\67_67339.jpg
260 399
79 108 217 298; 78 106 215 289; 79 108 214 289; 

22\67_67363.jpg
333 400
49 22 311 326; 128 22 219 138; 129 22 218 141; 

22\67_67366.jpg
400 266
231 103 330 228; 234 114 317 220; 234 113 318 218; 

22\67_67372.jpg
399 267
156 96 257 219; 168 106 247 202; 173 106 241 198; 

22\67_67375.jpg
317 400
26 110 279 372; 169 5 208 272; 26 7 278 375; 

22\67_67376.jpg
400 300
11 84 392 262; 159 84 266 249; 1 84 398 268; 

22\67_67379.jpg
400 303
57 36 191 152; 58 34 189 144; 56 33 189 190; 

22\67_67381.jpg
300 400
156 41 250 214; 156 44 249 213; 156 43 248 215; 

22\67_67388.jpg
400 300
101 6 364 231; 104 5 373 225; 104 7 371 227; 

22\67_67390.jpg
399 399
59 17 301 331; 84 82 283 335; 58 20 357 334; 

22\67_67398.jpg
400 300
58 108 333 234; 59 117 264 192; 42 96 367 261; 

22\67_67399.jpg
400 296
59 47 174 188; 61 51 174 187; 61 46 174 212; 

22\67_67402.jpg
300 400
32 126 264 358; 84 164 209 327; 31 126 270 364; 

22\67_67403.jpg
399 371
46 26 244 340; 45 59 241 333; 45 56 239 332; 

22\67_67408.jpg
380 400
66 115 367 380; 134 139 364 365; 66 123 368 382; 

22\67_67410.jpg
400 302
100 57 199 287; 100 75 151 297; 101 77 198 295; 

22\67_67412.jpg
400 300
36 29 361 247; 36 40 349 247; 36 38 360 244; 

22\67_67424.jpg
400 343
205 142 339 284; 213 152 332 280; 214 152 332 278; 

22\67_67426.jpg
299 400
47 201 169 334; 45 205 169 332; 49 204 168 333; 

22\67_67428.jpg
305 400
17 21 208 304; 15 20 208 303; 15 3 208 303; 

22\67_67429.jpg
400 165
88 12 206 147; 84 7 234 162; 87 7 231 160; 

22\67_67440.jpg
286 400
38 118 248 364; 41 104 248 295; 41 105 249 363; 

22\67_67445.jpg
400 250
176 64 321 189; 180 68 318 182; 179 69 318 182; 

22\67_67453.jpg
399 301
243 102 360 279; 232 94 355 278; 245 115 353 279; 

22\67_67454.jpg
400 300
173 89 341 215; 173 94 341 212; 174 89 341 212; 

22\67_67455.jpg
266 400
104 101 256 330; 156 190 256 292; 105 128 258 332; 

22\67_67469.jpg
400 400
148 131 305 261; 150 128 289 246; 152 128 308 287; 

22\67_67476.jpg
400 201
161 3 300 188; 138 46 264 149; 170 6 299 138; 

22\67_67492.jpg
288 400
66 42 156 364; 60 46 166 361; 62 47 165 361; 

22\67_67493.jpg
399 299
14 106 393 248; 92 96 265 246; 2 98 392 246; 

22\67_67498.jpg
400 266
122 12 294 261; 125 3 265 138; 125 2 290 262; 

22\67_67503.jpg
200 400
29 24 168 242; 28 21 170 141; 30 22 169 145; 

22\67_67527.jpg
400 300
132 21 255 269; 139 24 254 145; 116 24 263 276; 

22\67_67529.jpg
400 300
83 26 366 235; 84 29 259 234; 83 29 383 274; 

22\67_67544.jpg
304 400
31 98 247 326; 47 157 246 342; 47 112 247 341; 

22\67_67545.jpg
400 286
65 12 328 228; 67 15 314 185; 67 14 311 220; 

22\67_67549.jpg
400 289
136 15 224 163; 139 16 263 158; 139 16 262 157; 

22\67_67556.jpg
400 266
45 18 338 202; 108 32 278 201; 108 31 294 200; 

22\67_67572.jpg
233 400
54 9 185 399; 78 201 173 395; 58 10 183 400; 

22\67_67574.jpg
400 300
154 70 287 291; 186 68 258 166; 150 55 286 296; 

22\67_67577.jpg
300 400
8 32 233 324; 41 152 197 315; 2 2 228 315; 

22\67_67578.jpg
250 400
47 24 218 367; 39 156 132 276; 40 27 248 384; 

22\67_67585.jpg
400 330
47 112 310 326; 49 111 310 292; 51 112 309 318; 

22\67_67588.jpg
338 400
22 209 221 394; 86 214 188 349; 86 214 188 348; 

22\67_67593.jpg
300 400
104 39 241 241; 116 65 227 234; 118 62 228 231; 

22\67_67617.jpg
400 265
12 24 346 184; 158 31 242 129; 158 8 347 184; 

22\67_67621.jpg
400 258
35 46 291 182; 91 48 191 142; 90 43 190 176; 

22\67_67626.jpg
400 300
99 55 209 281; 101 74 204 251; 102 76 203 298; 

22\67_67643.jpg
400 275
114 13 257 269; 116 36 242 186; 112 4 242 184; 

22\67_67645.jpg
400 300
51 54 369 262; 49 61 364 270; 49 33 364 268; 

22\67_67661.jpg
400 304
126 99 281 261; 134 105 283 293; 135 106 284 294; 

22\67_67671.jpg
400 300
148 29 349 237; 156 62 312 219; 155 54 342 239; 

22\67_67676.jpg
400 300
19 45 311 232; 111 51 258 214; 23 51 310 229; 

22\67_67677.jpg
400 262
140 8 384 251; 174 59 388 249; 174 58 388 249; 

22\67_67679.jpg
400 266
13 82 327 245; 157 135 335 222; 157 83 333 219; 

22\67_67702.jpg
400 266
66 21 290 259; 191 19 288 204; 60 20 288 264; 

22\67_67704.jpg
400 300
22 3 256 296; 79 108 258 196; 22 8 258 298; 

22\67_67720.jpg
266 400
94 27 227 211; 95 53 197 198; 95 21 229 197; 

22\67_67736.jpg
400 305
68 38 361 267; 69 45 272 268; 12 47 392 266; 

22\67_67759.jpg
265 400
52 29 221 339; 51 32 236 284; 52 32 235 280; 

22\67_67761.jpg
400 400
71 49 366 241; 68 132 224 234; 68 46 368 350; 

22\67_67765.jpg
399 306
215 38 350 149; 222 53 346 145; 223 52 344 150; 

22\67_67768.jpg
400 266
76 68 264 262; 148 82 276 189; 149 84 276 198; 

22\67_67770.jpg
300 400
78 108 291 371; 83 139 254 320; 57 71 274 379; 

22\67_67772.jpg
399 349
129 46 337 271; 178 62 276 187; 158 48 280 186; 

22\67_67773.jpg
300 400
45 19 241 359; 83 119 221 333; 47 19 236 363; 

22\67_67776.jpg
400 265
148 35 329 266; 146 36 331 141; 146 36 330 265; 

22\67_67777.jpg
291 400
67 55 230 256; 58 78 229 203; 59 79 228 253; 

22\67_67788.jpg
400 300
68 36 359 251; 193 36 286 147; 29 35 362 253; 

22\67_67798.jpg
266 400
18 44 240 325; 49 139 190 255; 4 18 259 303; 

22\67_67821.jpg
300 400
68 122 204 312; 58 177 214 318; 60 176 215 318; 

22\67_67822.jpg
400 266
29 65 382 231; 29 66 282 229; 29 67 387 254; 

22\67_67874.jpg
400 133
33 3 142 90; 34 5 143 84; 36 6 143 84; 

22\67_67877.jpg
400 266
106 98 361 228; 98 106 254 173; 97 108 372 228; 

22\67_67890.jpg
400 283
12 142 376 283; 151 132 212 282; 6 134 377 282; 

22\67_67893.jpg
400 296
139 39 384 196; 147 62 268 187; 156 63 268 186; 

22\67_67905.jpg
320 400
89 68 234 327; 87 52 218 253; 79 49 236 325; 

22\67_67911.jpg
282 400
11 36 189 380; 10 38 187 378; 9 39 187 376; 

22\67_67937.jpg
309 400
67 36 256 391; 88 40 228 247; 48 7 281 396; 

22\67_67942.jpg
400 320
148 5 377 270; 192 4 362 186; 193 4 363 189; 

22\67_67978.jpg
400 348
233 131 388 339; 233 135 389 345; 232 132 392 342; 

22\67_67986.jpg
266 400
86 85 217 355; 89 89 217 303; 87 87 217 349; 

22\67_67996.jpg
399 308
93 146 344 231; 91 154 339 235; 92 155 339 234; 

22\68_68009.jpg
400 266
119 70 303 209; 116 73 303 203; 117 72 302 205; 

22\68_68023.jpg
400 247
71 55 369 217; 142 55 289 220; 69 55 369 218; 

22\68_68042.jpg
400 290
46 37 235 184; 48 35 235 185; 49 36 233 184; 

22\68_68053.jpg
320 400
17 88 273 274; 47 105 202 279; 13 92 294 306; 

22\68_68101.jpg
400 309
93 43 392 281; 142 43 306 179; 92 44 395 284; 

22\68_68113.jpg
400 300
128 29 368 250; 193 85 349 218; 130 27 368 241; 

22\68_68117.jpg
400 292
18 61 391 225; 94 84 399 226; 4 59 398 227; 

22\68_68123.jpg
400 287
126 0 334 282; 124 21 318 285; 124 19 346 284; 

22\68_68149.jpg
400 300
32 9 242 218; 84 8 232 216; 32 9 241 215; 

22\68_68154.jpg
400 305
138 76 338 249; 138 67 382 290; 90 68 380 298; 

22\68_68195.jpg
266 400
97 68 242 254; 97 68 219 330; 6 68 238 329; 

22\68_68235.jpg
400 300
226 113 373 264; 229 111 368 262; 229 110 369 262; 

22\68_68238.jpg
400 336
152 179 379 295; 109 223 226 288; 109 223 371 292; 

22\68_68250.jpg
301 400
119 124 280 369; 130 126 279 351; 132 127 279 349; 

22\68_68253.jpg
400 300
156 74 329 259; 157 78 322 257; 152 78 321 254; 

22\68_68259.jpg
400 396
59 62 310 389; 60 64 310 210; 60 66 309 395; 

22\68_68269.jpg
325 400
0 204 210 397; 1 207 208 400; 141 1 323 380; 

22\68_68281.jpg
261 400
158 67 252 246; 144 70 251 249; 119 72 251 251; 

22\68_68311.jpg
400 300
42 36 366 246; 76 36 362 245; 44 36 360 248; 

22\68_68315.jpg
400 300
112 97 331 201; 113 102 332 199; 115 101 333 199; 

22\68_68317.jpg
400 346
146 100 283 251; 150 111 279 249; 154 111 277 246; 

22\68_68320.jpg
400 258
31 33 319 198; 37 45 320 216; 39 19 317 218; 

22\68_68324.jpg
400 371
51 42 346 325; 144 162 229 239; 49 41 343 324; 

22\68_68340.jpg
400 303
96 148 379 257; 97 151 376 254; 98 149 378 256; 

22\68_68341.jpg
400 262
16 81 385 214; 16 80 300 211; 16 81 386 213; 

22\68_68343.jpg
400 291
62 52 294 258; 63 53 291 260; 63 54 295 258; 

22\68_68362.jpg
400 300
12 79 386 237; 103 118 275 235; 14 78 384 232; 

22\68_68371.jpg
400 320
137 29 385 295; 139 29 228 129; 140 31 384 298; 

22\68_68385.jpg
400 306
20 23 147 171; 30 26 130 157; 1 1 174 158; 

22\68_68401.jpg
400 266
46 60 371 233; 46 60 371 236; 48 61 371 235; 

22\68_68450.jpg
400 370
86 69 303 281; 87 71 301 282; 88 69 302 281; 

22\68_68472.jpg
400 375
148 27 375 339; 184 26 377 195; 188 28 376 181; 

22\68_68486.jpg
400 300
28 16 287 269; 31 47 286 266; 31 24 284 259; 

22\68_68499.jpg
400 286
108 74 399 257; 139 77 262 186; 102 78 396 257; 

22\68_68503.jpg
400 318
39 51 361 253; 158 179 309 257; 17 14 383 257; 

22\68_68510.jpg
400 300
95 16 321 190; 93 18 308 192; 95 18 382 288; 

22\68_68514.jpg
400 266
185 57 312 224; 192 60 316 219; 190 59 306 219; 

22\68_68515.jpg
400 263
67 16 329 243; 96 103 298 216; 96 13 295 216; 

22\68_68536.jpg
399 299
69 9 323 286; 75 34 289 286; 72 2 313 285; 

22\68_68553.jpg
400 300
36 66 388 223; 36 53 261 222; 38 66 398 221; 

22\68_68562.jpg
400 266
169 123 391 261; 172 126 398 257; 171 126 400 259; 

22\68_68567.jpg
400 251
18 59 359 223; 22 64 288 231; 22 60 356 228; 

22\68_68579.jpg
358 400
28 33 333 226; 27 33 275 229; 26 31 333 225; 

22\68_68592.jpg
400 300
74 52 308 273; 72 56 306 269; 71 58 307 281; 

22\68_68593.jpg
400 300
109 60 306 256; 107 59 306 256; 111 59 304 252; 

22\68_68595.jpg
400 300
151 28 380 281; 151 101 308 282; 152 31 379 283; 

22\68_68596.jpg
400 300
95 1 281 217; 159 21 271 220; 158 21 273 220; 

22\68_68600.jpg
398 400
64 106 227 339; 82 106 204 298; 67 106 229 324; 

22\68_68614.jpg
400 268
148 62 338 225; 150 63 337 236; 151 64 338 237; 

22\68_68615.jpg
391 400
21 139 260 384; 20 141 259 382; 20 141 260 382; 

22\68_68619.jpg
300 400
92 52 218 379; 92 51 212 381; 94 51 210 379; 

22\68_68620.jpg
400 300
127 64 349 297; 123 62 357 300; 124 63 357 299; 

22\68_68621.jpg
300 400
53 82 266 400; 55 79 268 331; 54 79 267 397; 

22\68_68628.jpg
400 341
53 53 311 265; 56 78 306 230; 56 48 305 341; 

22\68_68629.jpg
313 399
54 138 254 393; 55 140 253 284; 57 141 252 308; 

22\68_68669.jpg
400 293
118 33 389 275; 171 46 390 271; 173 48 389 267; 

22\68_68671.jpg
400 300
126 113 229 300; 129 123 226 300; 131 124 229 298; 

22\68_68681.jpg
368 254
81 27 331 202; 80 5 331 202; 81 5 331 200; 

22\68_68698.jpg
300 400
89 14 241 364; 99 2 194 221; 87 83 242 361; 

22\68_68707.jpg
400 267
188 36 342 169; 189 38 339 166; 191 38 338 167; 

22\68_68738.jpg
400 266
198 102 334 237; 198 102 333 236; 199 102 332 235; 

22\68_68822.jpg
400 266
88 28 278 238; 86 29 279 237; 88 29 279 236; 

22\68_68825.jpg
399 293
8 125 91 292; 5 125 89 294; 7 127 88 292; 

22\68_68826.jpg
400 336
10 30 372 191; 9 28 330 193; 11 28 379 189; 

22\68_68828.jpg
400 355
164 30 388 351; 165 31 378 224; 167 30 389 353; 

22\68_68831.jpg
400 322
31 39 221 284; 59 41 191 158; 30 40 228 321; 

22\68_68857.jpg
400 300
55 44 254 284; 54 43 249 283; 54 43 249 281; 

22\68_68877.jpg
318 400
72 96 260 397; 132 96 209 252; 71 99 259 398; 

22\68_68882.jpg
400 317
122 79 379 317; 122 79 378 194; 123 79 377 316; 

22\68_68915.jpg
399 319
58 82 315 233; 53 84 312 242; 55 88 312 242; 

22\68_68916.jpg
400 266
144 28 359 196; 159 20 357 141; 145 22 356 159; 

22\68_68917.jpg
400 266
91 86 328 215; 93 88 326 215; 93 88 326 159; 

22\68_68920.jpg
399 299
56 38 335 294; 159 38 258 166; 69 37 327 165; 

22\68_68928.jpg
400 320
109 103 358 303; 116 106 358 302; 115 107 364 303; 

22\68_68931.jpg
320 400
32 51 302 261; 34 52 288 258; 32 52 300 261; 

22\68_68932.jpg
400 320
183 79 317 194; 183 84 316 191; 182 79 316 190; 

22\68_68959.jpg
400 360
170 116 246 329; 168 119 249 319; 169 119 248 322; 

