457

31\93_93006.jpg
400 307
166 112 306 245; 165 113 305 242; 0 30 305 242; 

31\93_93012.jpg
400 266
38 73 309 259; 123 94 347 242; 125 88 275 242; 

31\93_93018.jpg
306 400
107 57 285 344; 106 59 303 332; 106 60 306 331; 

31\93_93019.jpg
266 400
59 35 229 219; 68 36 226 197; 66 30 226 194; 

31\93_93035.jpg
400 320
33 45 359 269; 39 46 360 274; 36 46 360 276; 

31\93_93039.jpg
400 320
41 108 372 234; 24 108 381 235; 15 108 395 255; 

31\93_93063.jpg
400 320
69 48 212 224; 69 49 209 135; 62 49 209 134; 

31\93_93070.jpg
300 400
63 159 286 392; 52 154 300 391; 51 72 300 393; 

31\93_93071.jpg
300 400
46 183 238 379; 51 182 236 391; 50 150 266 392; 

31\93_93072.jpg
300 400
112 58 202 388; 112 88 208 397; 107 57 206 398; 

31\93_93074.jpg
400 300
29 63 245 252; 78 62 332 213; 0 59 333 288; 

31\93_93075.jpg
400 300
87 4 338 289; 99 90 256 300; 102 89 258 253; 

31\93_93077.jpg
300 400
118 64 216 396; 120 66 211 400; 106 67 211 400; 

31\93_93101.jpg
400 308
42 26 211 240; 44 24 214 242; 44 26 213 241; 

31\93_93105.jpg
400 300
85 26 258 281; 84 25 258 284; 84 23 258 299; 

31\93_93106.jpg
400 400
22 178 352 343; 14 178 382 348; 12 178 381 349; 

31\93_93111.jpg
400 270
42 13 309 228; 41 12 308 228; 42 13 311 229; 

31\93_93129.jpg
400 314
108 90 330 259; 113 105 252 313; 102 76 343 276; 

31\93_93135.jpg
400 280
99 8 299 276; 104 8 298 160; 104 7 299 161; 

31\93_93142.jpg
400 266
60 19 305 246; 58 20 307 246; 58 19 304 248; 

31\93_93161.jpg
400 300
52 24 301 298; 159 112 284 189; 159 116 287 190; 

31\93_93164.jpg
300 400
80 193 296 395; 80 197 298 395; 81 193 298 393; 

31\93_93165.jpg
400 330
56 16 326 306; 54 19 325 306; 56 18 324 301; 

31\93_93191.jpg
400 388
65 48 331 325; 62 50 342 320; 64 46 341 315; 

31\93_93204.jpg
400 387
48 37 352 291; 36 31 358 302; 48 34 358 301; 

31\93_93207.jpg
157 400
46 74 115 212; 46 70 114 230; 41 47 121 230; 

31\93_93216.jpg
300 400
16 247 262 325; 18 245 262 321; 18 246 263 322; 

31\93_93218.jpg
320 400
67 14 272 384; 62 11 277 304; 101 41 276 304; 

31\93_93239.jpg
400 316
26 70 216 267; 27 68 214 266; 24 70 383 264; 

31\93_93248.jpg
320 400
92 0 271 296; 91 158 172 303; 91 158 171 303; 

31\93_93260.jpg
400 280
113 59 276 217; 110 81 267 218; 110 82 267 216; 

31\93_93264.jpg
400 320
80 78 346 258; 168 78 342 241; 106 78 344 242; 

31\93_93265.jpg
400 320
90 72 342 241; 172 79 344 235; 105 75 344 237; 

31\93_93275.jpg
400 300
72 15 141 286; 73 18 141 280; 74 18 139 280; 

31\93_93281.jpg
400 300
58 76 339 248; 62 76 336 242; 62 45 337 242; 

31\93_93283.jpg
300 400
45 143 285 282; 56 139 285 279; 22 144 287 279; 

31\93_93284.jpg
400 300
109 54 394 250; 110 56 393 250; 37 36 393 252; 

31\93_93305.jpg
400 266
126 7 260 219; 126 9 262 208; 127 9 261 212; 

31\93_93306.jpg
400 300
179 2 394 296; 176 104 398 297; 180 5 395 296; 

31\93_93307.jpg
400 275
38 18 330 226; 19 49 272 227; 17 16 344 229; 

31\93_93311.jpg
400 300
66 47 334 262; 64 46 329 260; 65 48 329 262; 

31\93_93314.jpg
400 386
77 130 332 279; 79 142 324 268; 68 124 328 279; 

31\93_93317.jpg
400 333
16 101 288 275; 21 141 160 276; 3 141 252 313; 

31\93_93318.jpg
400 400
64 91 392 348; 63 84 379 352; 64 87 400 374; 

31\93_93335.jpg
400 400
62 100 343 278; 60 102 344 281; 60 104 342 279; 

31\93_93337.jpg
400 270
39 24 221 230; 39 24 220 228; 41 22 221 228; 

31\93_93357.jpg
400 266
63 38 324 240; 61 42 336 239; 201 32 296 189; 

31\93_93359.jpg
400 266
94 61 344 261; 102 65 371 262; 104 64 388 266; 

31\93_93361.jpg
400 266
82 74 242 262; 79 72 249 264; 118 74 229 165; 

31\93_93365.jpg
320 400
53 44 291 318; 51 46 292 328; 52 46 291 324; 

31\93_93375.jpg
400 400
35 24 279 245; 34 26 279 247; 35 26 278 244; 

31\93_93395.jpg
400 266
25 78 348 231; 22 75 361 246; 19 77 359 251; 

31\93_93399.jpg
400 300
139 68 251 263; 142 67 251 261; 139 66 250 258; 

31\93_93433.jpg
399 399
0 157 273 347; 68 154 274 351; 3 158 272 349; 

31\93_93456.jpg
400 300
28 36 383 233; 29 38 384 234; 28 36 381 231; 

31\93_93457.jpg
340 400
122 97 322 377; 127 95 259 274; 129 95 256 276; 

31\93_93459.jpg
400 400
13 78 382 324; 14 76 381 322; 12 78 381 324; 

31\93_93482.jpg
273 400
133 30 252 348; 130 21 255 334; 130 20 254 349; 

31\93_93506.jpg
400 296
197 58 368 287; 198 59 366 288; 196 61 367 289; 

31\93_93509.jpg
300 400
119 44 247 341; 116 94 242 349; 118 44 241 354; 

31\93_93515.jpg
400 266
85 19 314 231; 82 21 313 231; 82 21 314 232; 

31\93_93522.jpg
400 400
79 46 338 366; 90 50 348 386; 92 50 201 142; 

31\93_93537.jpg
319 399
63 55 294 367; 61 70 305 373; 61 63 197 243; 

31\93_93568.jpg
400 400
138 86 368 379; 154 95 376 379; 154 95 373 384; 

31\93_93571.jpg
400 371
67 64 349 326; 68 65 349 306; 68 64 348 317; 

31\93_93575.jpg
400 300
136 56 376 296; 135 57 268 300; 112 57 389 298; 

31\93_93576.jpg
400 300
168 34 362 200; 164 33 398 298; 135 11 399 299; 

31\93_93582.jpg
400 300
161 44 375 254; 201 84 335 219; 198 84 334 221; 

31\93_93585.jpg
400 400
8 139 400 262; 10 141 386 252; 11 142 399 251; 

31\93_93592.jpg
400 300
177 6 382 266; 176 29 387 271; 177 6 386 300; 

31\93_93596.jpg
400 324
122 15 346 302; 124 17 347 291; 122 19 347 323; 

31\93_93602.jpg
266 400
7 6 212 279; 59 39 219 165; 34 2 214 167; 

31\93_93607.jpg
290 400
139 66 241 241; 107 72 242 400; 142 72 241 256; 

31\93_93610.jpg
400 400
16 42 185 226; 16 41 186 226; 17 42 185 223; 

31\93_93626.jpg
400 300
50 62 346 185; 39 66 384 212; 40 65 385 211; 

31\93_93631.jpg
400 301
56 50 314 275; 105 111 259 201; 109 112 259 203; 

31\93_93638.jpg
400 300
17 22 106 219; 16 22 99 222; 18 21 98 219; 

31\93_93639.jpg
399 276
142 23 255 275; 147 20 251 260; 146 20 252 264; 

31\93_93652.jpg
400 300
116 58 347 233; 112 52 385 239; 112 53 388 238; 

31\93_93658.jpg
277 399
2 48 184 285; 0 26 220 302; 1 87 133 274; 

31\93_93659.jpg
399 273
42 39 379 157; 43 38 192 265; 43 43 392 152; 

31\93_93663.jpg
320 400
89 159 226 331; 92 156 226 331; 92 158 228 328; 

31\93_93685.jpg
400 343
57 51 342 225; 59 46 347 204; 59 44 344 241; 

31\93_93686.jpg
299 399
38 79 271 384; 32 76 276 385; 24 76 279 386; 

31\93_93698.jpg
400 266
188 83 363 242; 189 65 378 250; 188 66 376 251; 

31\93_93706.jpg
400 268
74 127 249 250; 72 131 252 253; 71 128 249 259; 

31\93_93709.jpg
400 300
61 36 317 280; 92 35 292 159; 84 34 332 291; 

31\93_93710.jpg
400 286
93 6 334 281; 91 75 349 286; 93 75 270 185; 

31\93_93721.jpg
241 400
48 18 101 212; 44 20 105 212; 45 19 104 209; 

31\93_93723.jpg
400 266
12 69 390 209; 174 72 329 217; 16 72 303 199; 

31\93_93766.jpg
400 266
51 36 304 263; 132 34 294 266; 58 34 298 265; 

31\93_93781.jpg
400 260
102 14 274 204; 102 15 272 203; 102 15 272 202; 

31\93_93789.jpg
400 304
35 58 331 284; 34 59 326 285; 34 23 368 282; 

31\93_93790.jpg
400 301
39 161 229 302; 41 159 228 299; 41 160 228 300; 

31\93_93791.jpg
399 307
105 68 295 196; 112 73 294 185; 109 73 293 183; 

31\93_93798.jpg
400 300
129 91 272 231; 132 95 275 230; 132 92 274 229; 

31\93_93799.jpg
400 283
111 51 389 267; 113 51 386 248; 111 52 387 249; 

31\93_93807.jpg
300 400
82 157 214 388; 81 151 209 390; 84 159 207 329; 

31\93_93812.jpg
400 242
145 12 396 181; 145 17 377 176; 146 15 396 175; 

31\93_93825.jpg
400 301
101 26 246 262; 105 28 232 244; 105 28 230 244; 

31\93_93841.jpg
400 309
33 24 337 263; 36 26 332 264; 32 23 331 263; 

31\93_93852.jpg
400 266
106 60 288 158; 107 60 287 258; 107 60 286 266; 

31\93_93863.jpg
300 400
44 11 222 399; 49 12 235 400; 54 13 215 180; 

31\93_93866.jpg
400 296
71 47 337 273; 171 76 338 271; 166 76 337 271; 

31\93_93870.jpg
400 325
14 102 383 278; 16 97 385 275; 15 96 383 270; 

31\93_93883.jpg
400 266
69 92 361 261; 58 104 360 221; 59 72 358 222; 

31\93_93890.jpg
400 259
8 52 291 239; 12 58 291 241; 9 57 292 244; 

31\93_93899.jpg
400 300
30 129 304 281; 30 131 302 297; 29 131 301 298; 

31\93_93901.jpg
400 256
51 94 252 255; 58 94 307 256; 51 93 306 256; 

31\93_93902.jpg
400 263
80 50 321 264; 22 51 322 262; 27 52 320 264; 

31\93_93933.jpg
399 282
55 25 244 270; 57 25 243 264; 58 25 241 258; 

31\93_93949.jpg
400 189
49 38 360 142; 50 37 356 140; 1 38 358 141; 

31\93_93957.jpg
400 300
42 4 223 293; 44 4 243 251; 40 1 244 296; 

31\93_93961.jpg
400 303
9 58 301 303; 11 61 301 300; 12 62 301 303; 

31\93_93969.jpg
299 399
3 155 211 383; 8 156 212 386; 2 155 213 384; 

31\93_93978.jpg
349 399
24 52 194 345; 24 51 197 347; 23 52 195 342; 

31\93_93979.jpg
400 279
12 56 290 267; 32 55 293 200; 122 59 291 181; 

31\93_93981.jpg
400 274
202 92 365 243; 204 94 366 242; 204 94 363 242; 

31\93_93983.jpg
303 400
69 181 244 352; 58 190 249 353; 52 182 263 351; 

31\93_93985.jpg
400 267
89 87 347 235; 88 86 349 233; 89 86 349 232; 

31\93_93988.jpg
400 274
202 92 367 246; 201 92 365 243; 203 93 364 242; 

31\93_93992.jpg
300 400
146 1 254 289; 140 2 273 289; 141 1 273 212; 

31\93_93995.jpg
266 400
63 113 251 400; 62 123 255 396; 62 124 254 400; 

31\94_94000.jpg
400 266
116 28 381 223; 98 8 381 206; 183 31 381 224; 

31\94_94007.jpg
400 352
163 91 388 299; 185 92 390 300; 186 92 389 296; 

31\94_94008.jpg
381 400
59 74 302 364; 67 70 301 360; 65 69 302 340; 

31\94_94015.jpg
400 353
1 91 262 271; 3 90 263 271; 2 89 261 269; 

31\94_94021.jpg
400 300
98 35 241 294; 101 36 241 294; 99 33 240 298; 

31\94_94025.jpg
272 400
81 101 169 291; 81 134 168 291; 82 141 166 288; 

31\94_94028.jpg
400 266
118 34 355 262; 139 36 356 208; 137 33 353 207; 

31\94_94032.jpg
400 292
92 6 205 249; 94 12 205 242; 92 11 204 288; 

31\94_94033.jpg
400 311
115 56 383 302; 88 105 379 299; 89 61 394 303; 

31\94_94037.jpg
400 383
162 90 386 278; 159 95 384 266; 154 93 381 269; 

31\94_94039.jpg
400 398
119 121 221 288; 122 122 216 288; 118 122 214 286; 

31\94_94042.jpg
308 400
20 141 292 268; 19 144 294 222; 18 146 292 246; 

31\94_94046.jpg
399 297
50 7 310 218; 83 9 276 214; 84 71 277 218; 

31\94_94053.jpg
400 400
26 84 364 338; 28 88 363 228; 24 84 363 227; 

31\94_94065.jpg
400 219
198 92 368 200; 198 92 370 203; 199 93 369 202; 

31\94_94077.jpg
314 400
36 12 268 242; 25 71 262 391; 37 15 261 222; 

31\94_94084.jpg
320 400
12 28 234 333; 14 22 235 332; 13 24 271 371; 

31\94_94086.jpg
400 262
89 19 374 231; 87 18 374 232; 89 21 374 231; 

31\94_94088.jpg
400 300
244 16 336 182; 246 16 339 178; 247 17 339 177; 

31\94_94090.jpg
400 400
43 35 374 319; 47 34 374 319; 42 35 375 320; 

31\94_94092.jpg
400 311
34 90 148 241; 31 93 151 300; 33 95 151 241; 

31\94_94093.jpg
400 365
194 43 379 280; 195 58 368 277; 196 53 363 272; 

31\94_94104.jpg
298 400
56 102 237 369; 52 158 228 371; 50 158 232 371; 

31\94_94106.jpg
360 399
78 49 299 360; 79 51 295 361; 124 54 215 184; 

31\94_94109.jpg
400 255
19 41 338 205; 18 37 266 167; 19 39 262 164; 

31\94_94117.jpg
400 400
77 89 304 382; 89 128 318 347; 90 126 316 346; 

31\94_94118.jpg
400 242
34 74 359 179; 173 82 361 170; 33 75 360 174; 

31\94_94130.jpg
317 400
34 71 279 376; 38 70 283 376; 33 69 282 377; 

31\94_94137.jpg
400 298
14 7 259 270; 18 5 260 269; 16 5 259 268; 

31\94_94139.jpg
400 258
24 36 368 183; 26 34 376 162; 26 33 381 162; 

31\94_94140.jpg
320 400
30 31 282 301; 31 30 283 300; 31 30 281 300; 

31\94_94142.jpg
400 296
69 176 322 290; 74 174 311 294; 72 149 309 296; 

31\94_94144.jpg
400 300
58 53 329 281; 85 1 340 298; 85 76 340 231; 

31\94_94145.jpg
400 284
48 61 276 222; 54 61 343 241; 43 61 341 244; 

31\94_94147.jpg
346 400
73 159 277 338; 77 144 278 389; 61 143 277 390; 

31\94_94159.jpg
400 288
64 29 370 221; 69 29 262 217; 70 30 376 216; 

31\94_94162.jpg
400 320
98 98 400 291; 79 63 399 285; 99 105 399 284; 

31\94_94163.jpg
399 266
86 2 308 199; 86 5 312 201; 87 1 309 201; 

31\94_94173.jpg
400 385
119 84 251 356; 120 90 251 351; 119 90 249 357; 

31\94_94174.jpg
303 400
11 200 224 392; 9 201 226 392; 8 201 226 393; 

31\94_94189.jpg
307 400
36 134 276 392; 39 158 289 393; 77 152 199 268; 

31\94_94199.jpg
400 300
7 44 311 194; 1 44 295 190; 1 44 296 191; 

31\94_94218.jpg
286 400
83 49 205 370; 79 50 209 372; 79 49 207 373; 

31\94_94220.jpg
400 337
126 154 254 271; 132 155 258 259; 134 153 255 247; 

31\94_94221.jpg
300 400
112 36 204 294; 114 25 202 286; 114 26 203 336; 

31\94_94222.jpg
300 400
32 62 248 351; 26 61 247 351; 34 62 247 371; 

31\94_94224.jpg
400 300
76 48 301 231; 108 47 342 300; 149 62 261 206; 

31\94_94228.jpg
290 400
43 18 275 297; 116 49 185 200; 17 54 183 384; 

31\94_94230.jpg
400 265
93 8 306 225; 134 15 297 218; 142 2 293 223; 

31\94_94231.jpg
399 299
164 45 362 239; 172 44 374 244; 166 42 374 248; 

31\94_94238.jpg
400 333
135 95 254 207; 139 95 254 206; 138 95 252 205; 

31\94_94240.jpg
400 343
170 78 279 307; 168 70 289 330; 152 34 289 338; 

31\94_94247.jpg
400 314
134 19 314 273; 136 80 357 290; 134 76 355 292; 

31\94_94248.jpg
399 301
49 48 323 301; 48 47 368 252; 48 48 367 253; 

31\94_94250.jpg
400 296
9 72 223 295; 1 84 222 294; 4 81 221 292; 

31\94_94263.jpg
400 300
116 66 274 296; 117 61 274 300; 117 58 274 300; 

31\94_94265.jpg
400 300
146 47 305 284; 133 46 307 300; 133 41 305 299; 

31\94_94291.jpg
400 361
174 61 276 276; 176 62 276 278; 174 62 274 281; 

31\94_94298.jpg
400 302
83 44 314 274; 83 42 314 269; 81 42 313 271; 

31\94_94305.jpg
400 400
68 57 214 249; 55 52 227 255; 48 49 223 251; 

31\94_94308.jpg
400 303
120 28 319 291; 122 52 276 264; 119 21 320 292; 

31\94_94317.jpg
400 285
54 34 311 262; 54 33 312 261; 54 28 311 261; 

31\94_94318.jpg
399 266
8 74 345 260; 2 72 345 264; 0 72 348 239; 

31\94_94319.jpg
400 285
49 60 359 226; 48 61 359 227; 46 60 360 224; 

31\94_94324.jpg
400 365
48 38 322 339; 50 41 320 337; 50 39 319 336; 

31\94_94335.jpg
320 400
29 54 288 307; 31 50 284 210; 30 49 288 212; 

31\94_94347.jpg
400 266
19 79 241 221; 22 81 236 217; 16 83 237 220; 

31\94_94348.jpg
400 266
24 86 366 230; 74 108 326 214; 79 87 369 233; 

31\94_94349.jpg
400 289
161 109 388 232; 151 109 392 240; 150 108 391 241; 

31\94_94359.jpg
399 342
17 152 389 336; 11 149 387 340; 9 150 389 338; 

31\94_94361.jpg
305 400
46 55 228 348; 44 57 196 294; 22 56 196 276; 

31\94_94364.jpg
400 266
219 43 392 187; 219 44 387 161; 222 41 372 169; 

31\94_94366.jpg
400 400
84 58 278 286; 96 75 225 262; 95 76 220 259; 

31\94_94371.jpg
330 400
28 55 256 374; 27 53 258 377; 27 54 257 379; 

31\94_94373.jpg
300 400
94 84 214 338; 90 82 212 338; 91 83 203 338; 

31\94_94374.jpg
400 216
37 54 365 188; 34 54 369 185; 32 54 369 188; 

31\94_94376.jpg
400 263
143 64 242 208; 116 54 242 208; 116 17 241 206; 

31\94_94381.jpg
400 400
119 27 271 375; 118 29 276 377; 118 30 278 374; 

31\94_94382.jpg
300 400
56 39 262 381; 54 41 264 382; 54 39 262 381; 

31\94_94386.jpg
400 273
132 10 375 210; 131 12 344 206; 130 11 385 222; 

31\94_94388.jpg
400 300
38 12 281 208; 70 51 225 183; 72 51 229 188; 

31\94_94390.jpg
295 400
32 65 238 196; 36 60 244 206; 41 60 243 206; 

31\94_94392.jpg
400 220
46 16 311 176; 16 10 310 195; 18 12 399 196; 

31\94_94394.jpg
266 400
54 110 255 375; 126 198 249 372; 128 198 248 373; 

31\94_94395.jpg
400 300
72 16 271 297; 81 21 372 300; 72 18 371 300; 

31\94_94398.jpg
400 266
64 64 388 262; 64 62 315 251; 62 63 314 264; 

31\94_94423.jpg
236 400
86 251 228 394; 92 257 228 394; 88 256 228 392; 

31\94_94438.jpg
400 300
41 38 358 245; 38 49 352 248; 41 51 348 252; 

31\94_94439.jpg
400 300
58 44 366 259; 61 41 326 262; 62 41 326 264; 

31\94_94441.jpg
300 400
60 41 194 277; 61 45 191 234; 66 38 189 196; 

31\94_94444.jpg
266 400
46 39 209 254; 46 32 209 252; 101 6 191 142; 

31\94_94466.jpg
299 399
86 165 175 389; 88 164 185 388; 90 164 171 387; 

31\94_94467.jpg
323 400
131 44 269 304; 113 142 291 319; 114 43 292 318; 

31\94_94468.jpg
400 331
48 38 353 293; 49 36 352 302; 54 46 342 291; 

31\94_94469.jpg
400 300
150 40 328 249; 149 159 222 234; 149 43 323 231; 

31\94_94470.jpg
400 311
212 169 364 254; 214 134 376 254; 214 132 374 255; 

31\94_94475.jpg
400 318
117 128 234 282; 120 125 259 295; 118 128 259 295; 

31\94_94476.jpg
338 400
119 126 195 331; 119 117 193 334; 121 120 193 331; 

31\94_94477.jpg
400 300
48 68 341 288; 141 96 330 189; 154 98 326 186; 

31\94_94488.jpg
400 300
152 47 272 239; 154 52 281 241; 154 52 282 241; 

31\94_94490.jpg
400 300
44 164 363 262; 41 164 362 263; 42 165 359 263; 

31\94_94492.jpg
400 284
58 9 281 249; 168 76 278 250; 170 74 275 250; 

31\94_94505.jpg
400 328
105 76 261 250; 99 90 262 272; 99 90 262 271; 

31\94_94511.jpg
400 321
170 5 399 271; 156 201 227 269; 153 204 226 265; 

31\94_94512.jpg
400 320
71 70 364 301; 53 88 364 304; 65 16 366 304; 

31\94_94513.jpg
400 226
1 104 227 221; 119 105 228 221; 2 101 226 225; 

31\94_94516.jpg
266 400
57 66 225 394; 59 62 222 377; 59 64 202 236; 

31\94_94520.jpg
316 399
40 19 232 363; 52 127 228 362; 56 118 229 361; 

31\94_94523.jpg
400 243
26 58 378 221; 31 58 349 207; 31 54 351 208; 

31\94_94524.jpg
400 300
114 8 385 252; 112 84 385 254; 114 71 387 256; 

31\94_94526.jpg
400 300
200 84 384 285; 162 87 369 253; 164 87 372 270; 

31\94_94532.jpg
400 234
40 21 282 229; 41 20 174 169; 40 21 284 171; 

31\94_94544.jpg
400 320
111 35 300 188; 104 34 305 197; 101 35 306 194; 

31\94_94565.jpg
400 320
168 91 396 318; 170 91 256 224; 168 91 257 226; 

31\94_94566.jpg
320 400
3 64 194 288; 39 76 189 273; 1 4 206 299; 

31\94_94570.jpg
300 400
88 29 266 386; 94 99 176 265; 93 41 211 262; 

31\94_94584.jpg
400 266
192 80 320 219; 191 79 321 218; 194 80 320 218; 

31\94_94586.jpg
380 400
20 24 359 277; 98 58 308 195; 187 58 305 184; 

31\94_94588.jpg
400 360
118 72 266 287; 116 74 255 287; 117 72 282 284; 

31\94_94592.jpg
299 400
58 34 289 257; 60 37 290 255; 59 35 291 256; 

31\94_94596.jpg
299 400
56 2 255 308; 49 9 249 293; 55 8 251 290; 

31\94_94597.jpg
400 385
104 80 260 310; 104 76 256 303; 104 78 274 302; 

31\94_94612.jpg
290 400
39 48 236 358; 41 54 235 361; 42 54 233 362; 

31\94_94617.jpg
400 360
14 36 381 251; 12 41 361 186; 12 39 288 198; 

31\94_94620.jpg
400 300
129 23 288 257; 124 22 289 256; 125 19 286 258; 

31\94_94627.jpg
400 320
52 57 297 294; 58 50 294 297; 61 59 297 291; 

31\94_94642.jpg
320 400
16 99 316 299; 19 101 288 257; 19 101 319 282; 

31\94_94648.jpg
320 400
29 66 262 334; 69 67 189 321; 32 69 304 339; 

31\94_94650.jpg
400 224
108 17 302 212; 110 16 299 211; 109 17 302 211; 

31\94_94652.jpg
399 303
70 74 326 270; 79 119 324 275; 51 63 390 278; 

31\94_94653.jpg
400 320
29 70 360 237; 32 69 358 237; 32 72 357 238; 

31\94_94657.jpg
400 321
2 87 379 266; 146 152 310 257; 65 57 377 268; 

31\94_94663.jpg
400 266
84 11 248 252; 110 27 244 248; 91 1 243 245; 

31\94_94667.jpg
400 248
71 68 379 247; 88 71 388 234; 72 71 399 248; 

31\94_94681.jpg
400 275
107 28 359 214; 99 33 362 236; 278 54 359 155; 

31\94_94683.jpg
399 267
191 20 367 166; 191 26 369 162; 192 25 369 165; 

31\94_94690.jpg
399 267
106 14 369 251; 108 16 369 250; 106 15 370 252; 

31\94_94693.jpg
400 266
84 26 321 238; 84 28 318 236; 83 26 320 238; 

31\94_94694.jpg
266 400
7 129 207 394; 0 137 188 385; 1 136 213 400; 

31\94_94695.jpg
400 347
123 15 274 280; 131 16 264 146; 131 15 262 144; 

31\94_94696.jpg
266 400
54 14 267 252; 114 1 266 247; 55 3 266 228; 

31\94_94697.jpg
400 300
66 3 306 216; 46 121 372 277; 51 114 369 280; 

31\94_94700.jpg
300 400
48 0 157 399; 47 86 156 328; 48 1 155 398; 

31\94_94709.jpg
400 266
109 14 338 238; 105 16 339 219; 108 16 339 236; 

31\94_94722.jpg
400 266
24 68 314 231; 2 73 305 208; 192 1 398 211; 

31\94_94729.jpg
400 400
219 105 342 324; 238 120 346 342; 222 8 369 221; 

31\94_94739.jpg
400 351
16 75 235 331; 116 112 239 221; 111 152 183 223; 

31\94_94740.jpg
400 321
24 49 246 301; 106 68 248 301; 22 59 248 300; 

31\94_94741.jpg
360 400
91 9 337 335; 100 10 337 319; 212 9 328 146; 

31\94_94763.jpg
400 266
109 41 295 238; 111 44 297 236; 109 43 295 234; 

31\94_94766.jpg
400 245
188 97 392 243; 186 98 394 245; 188 98 395 244; 

31\94_94769.jpg
400 400
8 111 190 314; 15 123 186 312; 16 121 191 311; 

31\94_94770.jpg
400 300
39 69 396 266; 144 62 400 261; 143 63 377 209; 

31\94_94778.jpg
400 300
61 32 344 268; 67 32 341 262; 68 34 341 263; 

31\94_94781.jpg
400 153
11 19 245 136; 13 20 244 136; 11 19 244 138; 

31\94_94785.jpg
266 400
22 103 239 285; 23 128 243 317; 22 59 245 317; 

31\94_94786.jpg
400 400
199 134 364 348; 186 129 358 347; 182 130 358 346; 

31\94_94797.jpg
400 400
46 40 142 289; 46 38 134 266; 45 38 134 264; 

31\94_94802.jpg
266 400
36 55 203 322; 34 53 225 333; 71 56 204 229; 

31\94_94812.jpg
290 400
56 41 225 378; 55 41 232 380; 54 43 234 379; 

31\94_94816.jpg
400 400
188 59 389 227; 183 60 385 223; 184 60 384 221; 

31\94_94818.jpg
400 299
64 7 238 284; 61 134 240 292; 65 1 241 297; 

31\94_94820.jpg
300 400
76 136 203 320; 79 142 196 329; 78 142 197 326; 

31\94_94823.jpg
400 300
16 108 285 296; 4 110 291 180; 1 110 289 179; 

31\94_94824.jpg
400 340
80 26 211 278; 99 31 212 273; 76 34 211 274; 

31\94_94826.jpg
400 281
39 64 288 249; 36 66 290 247; 36 68 289 252; 

31\94_94828.jpg
400 245
54 54 322 201; 52 51 313 207; 23 49 379 208; 

31\94_94837.jpg
400 342
52 84 332 338; 118 87 288 339; 54 85 328 342; 

31\94_94844.jpg
400 266
146 45 300 249; 145 42 301 248; 146 43 301 249; 

31\94_94851.jpg
400 266
117 13 346 260; 186 11 312 193; 187 8 311 195; 

31\94_94860.jpg
351 399
67 36 317 343; 119 63 296 288; 87 63 309 301; 

31\94_94878.jpg
369 400
81 34 331 383; 79 122 341 380; 76 34 341 378; 

31\94_94881.jpg
400 287
22 13 275 228; 17 6 278 216; 18 6 279 236; 

31\94_94889.jpg
336 400
125 55 216 307; 124 61 213 386; 126 64 210 398; 

31\94_94894.jpg
400 331
29 22 216 207; 30 21 212 204; 30 22 211 202; 

31\94_94895.jpg
400 266
98 66 381 252; 95 75 296 251; 96 68 386 250; 

31\94_94901.jpg
400 230
6 51 197 229; 1 57 193 229; 0 58 191 229; 

31\94_94902.jpg
400 363
183 47 397 354; 176 47 399 362; 174 48 399 362; 

31\94_94917.jpg
400 300
0 120 363 280; 1 120 365 279; 0 120 363 279; 

31\94_94928.jpg
300 400
81 59 171 286; 24 45 231 283; 23 45 230 284; 

31\94_94930.jpg
400 326
66 81 219 228; 71 85 225 250; 62 86 204 239; 

31\94_94933.jpg
400 266
225 32 328 157; 223 34 327 161; 224 33 327 160; 

31\94_94937.jpg
400 270
154 67 372 259; 156 67 377 264; 156 68 378 265; 

31\94_94945.jpg
400 278
12 54 264 244; 11 57 258 232; 11 58 258 232; 

31\94_94947.jpg
400 285
56 91 327 267; 55 92 334 264; 58 92 187 260; 

31\94_94950.jpg
299 400
9 52 295 269; 13 51 295 249; 12 52 293 249; 

31\94_94953.jpg
399 290
155 12 349 283; 158 13 351 282; 157 14 351 282; 

31\94_94977.jpg
400 306
126 89 301 304; 127 98 257 238; 126 98 256 231; 

31\94_94985.jpg
270 400
11 132 251 396; 14 133 256 397; 14 144 252 399; 

31\94_94987.jpg
400 365
52 56 358 291; 102 62 357 289; 103 61 356 214; 

31\94_94991.jpg
400 266
92 31 296 231; 94 31 292 234; 95 32 293 231; 

31\94_94992.jpg
400 268
69 81 369 204; 70 88 370 195; 70 88 371 196; 

31\95_95010.jpg
400 285
93 28 370 255; 96 32 368 254; 94 30 367 255; 

31\95_95014.jpg
400 359
24 9 245 348; 24 6 246 349; 21 6 276 349; 

31\95_95015.jpg
398 400
92 97 231 358; 45 98 231 362; 47 99 229 362; 

31\95_95036.jpg
400 266
145 9 364 248; 141 122 271 249; 141 8 366 249; 

31\95_95044.jpg
400 205
118 27 208 128; 118 27 208 129; 119 28 206 129; 

31\95_95049.jpg
285 400
50 22 204 216; 49 18 206 217; 48 18 201 216; 

31\95_95053.jpg
328 400
64 59 211 228; 37 53 211 250; 39 56 208 248; 

31\95_95059.jpg
400 265
247 120 376 242; 249 121 376 242; 251 116 374 238; 

31\95_95062.jpg
105 400
21 4 83 400; 18 8 88 399; 19 9 86 399; 

31\95_95069.jpg
400 283
52 42 348 199; 52 45 343 199; 54 44 344 161; 

31\95_95070.jpg
400 266
112 61 325 264; 114 58 279 261; 114 57 322 261; 

31\95_95071.jpg
400 304
51 74 332 297; 51 74 381 300; 51 75 249 223; 

31\95_95072.jpg
399 399
130 51 340 386; 129 111 351 347; 129 27 372 349; 

31\95_95073.jpg
266 400
21 78 257 316; 19 75 239 322; 20 74 239 321; 

31\95_95074.jpg
400 287
96 73 283 238; 98 84 292 239; 101 84 291 238; 

31\95_95078.jpg
400 303
218 84 350 296; 216 89 348 294; 217 89 342 197; 

31\95_95081.jpg
274 399
156 37 247 370; 157 37 247 371; 157 37 246 372; 

31\95_95086.jpg
300 400
6 1 213 311; 3 2 198 305; 1 1 208 322; 

31\95_95109.jpg
400 299
154 6 388 292; 152 40 324 296; 155 2 389 297; 

31\95_95112.jpg
400 298
131 20 371 281; 133 22 349 282; 131 24 396 282; 

31\95_95115.jpg
400 268
161 59 350 221; 162 54 355 224; 164 59 348 224; 

31\95_95116.jpg
260 400
32 49 249 246; 32 51 249 249; 34 49 249 250; 

31\95_95123.jpg
400 276
106 49 375 262; 108 49 372 264; 106 48 372 266; 

31\95_95132.jpg
400 234
13 41 226 211; 58 89 207 211; 58 83 206 211; 

31\95_95134.jpg
400 314
139 11 364 266; 151 11 382 264; 103 13 385 291; 

31\95_95137.jpg
400 266
112 96 229 215; 122 98 224 198; 121 97 224 195; 

31\95_95142.jpg
400 299
72 19 315 297; 33 137 337 299; 33 138 334 299; 

31\95_95149.jpg
330 400
148 206 291 353; 153 208 296 341; 161 226 274 335; 

31\95_95159.jpg
399 189
66 19 389 145; 6 19 391 182; 10 20 392 150; 

31\95_95161.jpg
390 400
60 76 229 395; 87 147 209 398; 87 149 209 400; 

31\95_95169.jpg
266 400
9 86 193 394; 88 131 244 289; 88 169 242 289; 

31\95_95170.jpg
400 301
37 85 378 289; 35 88 292 291; 37 76 369 289; 

31\95_95171.jpg
400 277
221 14 368 114; 220 12 365 278; 221 13 366 278; 

31\95_95185.jpg
400 342
76 45 335 329; 79 13 330 326; 77 13 333 295; 

31\95_95187.jpg
400 384
79 79 336 351; 70 101 331 355; 78 32 352 356; 

31\95_95188.jpg
400 220
70 95 366 220; 71 95 294 220; 73 91 221 219; 

31\95_95190.jpg
400 337
144 59 347 287; 145 61 350 287; 145 60 349 287; 

31\95_95196.jpg
400 271
166 84 324 214; 164 89 322 190; 57 28 319 224; 

31\95_95202.jpg
400 304
112 76 355 296; 114 76 344 297; 113 76 347 298; 

31\95_95208.jpg
277 400
56 23 206 384; 61 171 191 400; 101 22 212 188; 

31\95_95222.jpg
399 353
125 8 381 319; 127 10 382 316; 126 10 381 317; 

31\95_95224.jpg
288 400
41 87 185 240; 51 99 192 241; 49 105 176 235; 

31\95_95226.jpg
400 300
80 59 380 259; 79 58 248 261; 80 60 382 259; 

31\95_95237.jpg
400 400
171 56 399 396; 174 53 398 399; 171 57 399 399; 

31\95_95239.jpg
285 400
71 9 214 289; 101 150 184 287; 100 152 182 288; 

31\95_95242.jpg
400 285
57 52 195 166; 61 54 195 169; 61 54 194 164; 

31\95_95249.jpg
326 400
19 79 268 297; 1 106 264 291; 50 111 278 359; 

31\95_95255.jpg
400 400
162 159 382 374; 169 160 382 372; 170 161 380 372; 

31\95_95256.jpg
400 400
23 31 254 289; 13 26 296 292; 14 28 296 292; 

31\95_95262.jpg
400 266
97 74 378 264; 121 76 391 249; 155 79 399 266; 

31\95_95265.jpg
400 288
58 72 311 227; 63 72 310 198; 62 72 309 233; 

31\95_95267.jpg
400 293
11 55 307 288; 82 61 191 174; 82 62 190 174; 

31\95_95275.jpg
400 344
57 49 344 264; 69 52 342 259; 64 48 342 262; 

31\95_95298.jpg
400 286
98 19 376 261; 162 18 291 161; 161 19 294 160; 

31\95_95300.jpg
400 285
76 16 336 268; 89 32 318 256; 74 15 327 267; 

31\95_95311.jpg
399 253
59 7 173 180; 69 86 168 197; 64 2 168 182; 

31\95_95318.jpg
399 400
133 64 362 333; 108 97 337 334; 109 10 348 331; 

31\95_95320.jpg
400 270
129 62 272 224; 141 65 253 228; 141 28 381 222; 

31\95_95323.jpg
266 399
2 59 254 303; 5 68 214 246; 1 22 266 305; 

31\95_95325.jpg
399 230
82 45 195 224; 82 45 196 229; 83 46 195 230; 

31\95_95331.jpg
400 265
59 84 301 225; 61 88 299 222; 62 89 299 222; 

31\95_95339.jpg
400 265
101 64 349 157; 96 49 389 165; 94 49 387 166; 

31\95_95340.jpg
399 399
137 24 291 253; 138 27 292 254; 139 26 291 254; 

31\95_95343.jpg
400 264
123 80 394 260; 116 82 398 263; 115 81 399 264; 

31\95_95344.jpg
331 400
58 29 321 265; 82 28 331 271; 118 29 234 162; 

31\95_95347.jpg
289 399
77 33 290 255; 19 36 244 381; 129 31 289 148; 

31\95_95348.jpg
400 334
223 0 368 327; 232 5 375 330; 225 3 376 327; 

31\95_95361.jpg
400 266
31 28 362 219; 26 31 368 220; 24 31 365 221; 

31\95_95370.jpg
400 300
33 108 323 250; 35 109 326 241; 32 109 328 241; 

31\95_95374.jpg
400 398
47 30 359 317; 14 23 365 335; 11 75 310 332; 

31\95_95375.jpg
400 267
220 44 368 264; 207 48 374 268; 229 38 353 152; 

31\95_95396.jpg
298 399
31 81 270 312; 38 115 273 308; 43 121 188 257; 

31\95_95416.jpg
400 319
186 105 391 263; 189 106 395 294; 186 106 399 292; 

31\95_95422.jpg
302 400
21 44 202 249; 24 49 199 245; 22 45 201 248; 

31\95_95424.jpg
313 400
19 35 275 325; 126 35 276 308; 21 34 276 328; 

31\95_95438.jpg
400 266
65 34 357 227; 60 79 366 229; 79 74 298 229; 

31\95_95440.jpg
400 288
35 39 243 272; 39 39 244 281; 36 32 243 281; 

31\95_95442.jpg
400 266
4 67 400 188; 7 72 332 172; 1 72 398 196; 

31\95_95446.jpg
400 320
198 146 355 254; 194 130 352 248; 195 132 350 249; 

31\95_95488.jpg
400 281
17 99 209 273; 17 101 164 276; 17 101 163 274; 

31\95_95489.jpg
400 368
193 106 389 363; 193 109 381 366; 194 108 394 368; 

31\95_95490.jpg
400 249
56 93 253 214; 65 92 253 219; 64 94 249 218; 

31\95_95492.jpg
308 399
30 156 191 367; 28 158 187 362; 28 159 186 360; 

31\95_95495.jpg
272 400
13 112 191 379; 14 111 189 379; 13 111 186 378; 

31\95_95500.jpg
400 300
21 36 182 276; 40 42 176 197; 41 40 172 194; 

31\95_95519.jpg
300 400
67 114 269 357; 64 108 293 328; 86 116 221 323; 

31\95_95523.jpg
400 300
172 114 327 264; 170 116 327 263; 172 115 328 262; 

31\95_95530.jpg
300 400
37 78 273 371; 38 81 274 368; 38 79 277 371; 

31\95_95536.jpg
400 265
101 61 255 214; 99 60 339 223; 101 62 254 210; 

31\95_95542.jpg
300 400
14 24 293 263; 166 23 240 264; 168 24 238 261; 

31\95_95550.jpg
261 400
13 24 182 302; 14 22 239 374; 14 22 239 372; 

31\95_95553.jpg
400 283
26 144 231 218; 30 148 376 226; 30 146 377 225; 

31\95_95563.jpg
400 300
9 88 248 222; 8 89 244 221; 6 90 248 268; 

31\95_95570.jpg
320 400
67 59 319 338; 14 61 302 337; 14 59 319 337; 

31\95_95581.jpg
400 300
202 14 370 286; 201 14 371 288; 202 13 369 288; 

31\95_95582.jpg
400 283
215 94 328 238; 216 94 324 212; 214 92 325 221; 

31\95_95586.jpg
400 266
120 102 318 262; 122 135 312 259; 122 101 309 259; 

31\95_95588.jpg
335 400
28 95 221 331; 30 93 223 328; 28 95 220 329; 

31\95_95593.jpg
400 292
44 91 292 291; 45 95 291 283; 123 94 172 155; 

31\95_95597.jpg
400 300
101 5 347 298; 101 0 351 300; 104 1 348 299; 

31\95_95600.jpg
303 400
35 8 240 264; 39 9 286 252; 38 9 285 246; 

31\95_95604.jpg
400 266
224 6 396 261; 225 18 391 265; 226 46 399 261; 

31\95_95609.jpg
400 191
133 39 364 162; 99 39 362 171; 119 41 384 174; 

31\95_95617.jpg
400 270
11 36 176 261; 41 35 181 266; 44 36 180 264; 

31\95_95619.jpg
321 400
19 59 313 285; 71 41 246 163; 72 42 244 163; 

31\95_95620.jpg
266 400
62 71 198 398; 64 72 199 399; 65 74 199 400; 

31\95_95622.jpg
247 400
34 69 192 396; 30 56 192 399; 34 57 191 399; 

31\95_95628.jpg
400 376
73 45 387 324; 80 44 384 327; 81 44 386 323; 

31\95_95642.jpg
348 400
119 180 292 381; 118 178 291 381; 117 177 291 380; 

31\95_95650.jpg
400 266
94 11 387 201; 96 68 279 203; 95 52 274 204; 

31\95_95651.jpg
249 400
121 16 238 309; 121 16 236 312; 122 15 235 314; 

31\95_95660.jpg
400 287
254 12 386 161; 254 12 384 159; 252 12 385 157; 

31\95_95668.jpg
400 266
98 28 318 256; 146 89 258 185; 146 88 255 182; 

31\95_95671.jpg
400 319
18 102 386 298; 10 126 311 303; 12 126 312 293; 

31\95_95680.jpg
400 293
19 58 206 266; 18 56 214 266; 18 57 212 266; 

31\95_95681.jpg
400 305
54 41 149 273; 49 39 151 274; 51 40 149 273; 

31\95_95684.jpg
399 266
61 65 225 243; 62 62 224 239; 61 64 222 239; 

31\95_95688.jpg
400 331
152 81 299 268; 151 81 303 264; 173 82 299 264; 

31\95_95689.jpg
399 291
207 112 388 291; 204 116 395 291; 206 114 395 291; 

31\95_95695.jpg
400 266
197 94 356 258; 197 96 358 254; 198 98 358 252; 

31\95_95701.jpg
285 400
88 34 259 327; 93 64 171 163; 86 35 249 221; 

31\95_95717.jpg
400 263
90 55 192 264; 66 55 191 264; 56 57 192 264; 

31\95_95757.jpg
400 300
112 48 292 256; 136 102 256 211; 131 95 257 224; 

31\95_95816.jpg
400 320
130 103 358 266; 128 104 347 227; 130 103 349 223; 

31\95_95824.jpg
400 320
65 49 249 276; 39 53 251 275; 46 54 249 279; 

31\95_95827.jpg
400 266
83 32 288 257; 75 34 291 264; 79 33 289 266; 

31\95_95842.jpg
400 400
36 45 371 302; 22 42 377 308; 20 34 374 302; 

31\95_95847.jpg
400 266
118 22 286 266; 121 16 281 266; 106 18 302 266; 

31\95_95848.jpg
400 276
108 28 289 277; 119 16 279 276; 95 16 298 276; 

31\95_95850.jpg
267 400
55 28 228 371; 55 29 243 369; 54 28 244 368; 

31\95_95854.jpg
400 266
118 79 311 194; 116 78 312 192; 118 79 311 192; 

31\95_95864.jpg
399 293
75 104 265 283; 66 116 278 284; 86 132 270 284; 

31\95_95865.jpg
320 400
22 24 178 381; 23 117 178 382; 21 25 178 384; 

31\95_95890.jpg
400 270
73 91 272 246; 76 94 279 242; 74 94 277 242; 

31\95_95892.jpg
400 270
93 57 281 239; 92 56 280 242; 94 57 280 241; 

31\95_95895.jpg
400 358
2 8 351 218; 2 76 341 212; 1 0 288 215; 

31\95_95901.jpg
352 400
25 72 233 324; 31 69 232 313; 28 71 233 311; 

31\95_95903.jpg
400 266
88 31 298 234; 91 27 296 235; 92 28 296 232; 

31\95_95922.jpg
399 266
111 72 218 230; 110 73 215 224; 110 74 217 229; 

31\95_95925.jpg
400 266
61 2 264 252; 61 70 266 249; 62 1 264 249; 

31\95_95960.jpg
400 303
59 41 301 231; 113 59 260 232; 43 42 314 241; 

31\95_95962.jpg
400 300
127 121 329 292; 135 127 327 296; 135 125 328 296; 

