262

33\99_99000.jpg
400 320
112 9 244 254; 68 9 246 254; 68 9 248 256; 

33\99_99002.jpg
400 300
76 22 230 279; 75 22 226 281; 76 25 223 279; 

33\99_99033.jpg
306 400
67 80 288 382; 69 86 272 391; 68 86 298 368; 

33\99_99034.jpg
400 321
48 83 207 280; 51 88 202 264; 50 90 202 266; 

33\99_99036.jpg
400 266
59 49 348 206; 61 86 342 208; 54 38 345 207; 

33\99_99041.jpg
261 400
11 17 217 259; 12 17 208 256; 12 17 208 256; 

33\99_99060.jpg
400 351
176 138 310 276; 170 128 308 284; 159 17 384 281; 

33\99_99062.jpg
400 266
59 16 326 251; 60 10 330 251; 60 12 376 248; 

33\99_99068.jpg
400 317
78 31 338 311; 102 14 259 209; 107 19 258 209; 

33\99_99070.jpg
400 299
79 6 279 246; 81 8 276 245; 81 8 278 246; 

33\99_99079.jpg
400 288
141 42 351 224; 141 40 351 227; 141 39 350 227; 

33\99_99103.jpg
400 303
19 136 240 264; 18 138 239 271; 15 104 271 276; 

33\99_99124.jpg
300 400
58 18 209 238; 64 7 209 231; 66 8 211 228; 

33\99_99129.jpg
400 266
126 6 294 188; 128 2 294 173; 128 1 295 172; 

33\99_99131.jpg
296 400
39 22 228 271; 44 32 239 287; 44 32 238 287; 

33\99_99198.jpg
400 381
153 22 354 218; 155 16 351 219; 151 15 354 222; 

33\99_99202.jpg
400 266
82 34 260 194; 82 33 256 190; 83 34 258 192; 

33\99_99207.jpg
400 265
156 0 394 264; 167 41 400 229; 167 28 399 227; 

33\99_99223.jpg
300 400
50 99 217 316; 50 102 219 322; 55 102 219 322; 

33\99_99242.jpg
318 400
112 109 296 356; 125 112 303 280; 117 111 302 357; 

33\99_99257.jpg
400 300
199 99 344 287; 194 102 345 286; 194 100 346 286; 

33\99_99260.jpg
400 266
78 46 329 230; 82 43 325 216; 81 42 326 214; 

33\99_99263.jpg
299 400
111 25 279 382; 112 19 282 400; 112 16 283 400; 

33\99_99276.jpg
400 262
197 0 366 108; 200 0 385 109; 199 1 385 109; 

33\99_99279.jpg
400 251
32 57 356 215; 35 61 356 209; 36 61 357 211; 

33\99_99288.jpg
400 266
26 91 364 264; 29 89 377 206; 24 89 377 212; 

33\99_99306.jpg
400 266
140 37 269 197; 130 36 271 197; 103 35 269 255; 

33\99_99308.jpg
400 266
60 49 304 239; 65 49 305 230; 63 50 304 267; 

33\99_99325.jpg
400 266
7 64 198 248; 26 65 192 237; 29 62 190 245; 

33\99_99326.jpg
266 400
75 216 182 361; 72 221 178 352; 72 220 181 368; 

33\99_99333.jpg
399 299
93 18 273 299; 111 24 278 297; 93 24 276 299; 

33\99_99340.jpg
400 265
51 46 252 234; 50 49 265 224; 51 52 241 221; 

33\99_99341.jpg
400 265
44 34 238 229; 131 57 239 213; 62 60 238 211; 

33\99_99343.jpg
400 265
117 56 310 229; 163 94 277 257; 92 6 347 255; 

33\99_99354.jpg
400 400
31 115 388 361; 8 204 246 364; 16 114 392 364; 

33\99_99358.jpg
266 400
64 48 238 387; 68 45 237 391; 65 35 237 391; 

33\99_99360.jpg
400 298
168 4 396 222; 162 18 311 204; 164 2 400 233; 

33\99_99362.jpg
400 260
19 35 304 219; 22 32 317 236; 23 34 381 235; 

33\99_99366.jpg
346 400
38 31 244 346; 36 31 146 358; 35 29 144 358; 

33\99_99373.jpg
325 400
111 59 324 399; 81 61 288 400; 128 61 286 273; 

33\99_99376.jpg
400 264
24 22 128 214; 20 12 144 216; 22 15 133 215; 

33\99_99382.jpg
400 299
67 98 308 296; 139 102 209 246; 66 101 305 299; 

33\99_99416.jpg
304 400
56 22 284 334; 54 18 291 327; 56 18 289 327; 

33\99_99456.jpg
400 266
179 95 372 256; 180 98 369 259; 181 97 369 260; 

33\99_99481.jpg
311 399
50 14 256 344; 52 12 253 302; 52 14 251 335; 

33\99_99483.jpg
400 313
83 20 331 249; 82 19 332 246; 82 22 331 252; 

33\99_99484.jpg
400 268
29 25 276 246; 106 21 254 246; 9 21 345 242; 

33\99_99500.jpg
323 399
72 92 231 300; 88 117 244 309; 17 30 243 310; 

33\99_99506.jpg
400 266
285 36 389 259; 286 38 382 257; 286 40 384 256; 

33\99_99507.jpg
400 302
88 61 335 239; 92 19 331 237; 91 64 331 236; 

33\99_99531.jpg
400 352
89 84 338 286; 100 88 346 262; 98 88 344 262; 

33\99_99541.jpg
400 300
59 104 394 294; 52 140 357 296; 64 146 383 297; 

33\99_99556.jpg
400 265
76 6 308 259; 97 9 308 198; 99 6 308 198; 

33\99_99560.jpg
299 400
69 128 252 389; 68 133 250 373; 68 130 251 396; 

33\99_99578.jpg
400 266
20 39 185 262; 18 38 184 260; 16 41 188 258; 

33\99_99579.jpg
400 364
107 101 321 316; 137 116 345 301; 135 62 347 297; 

33\99_99581.jpg
270 400
74 34 208 396; 72 46 209 171; 72 48 206 399; 

33\99_99610.jpg
400 295
239 37 381 292; 236 31 382 294; 237 32 381 295; 

33\99_99611.jpg
400 300
97 2 322 232; 148 2 318 236; 101 2 321 241; 

33\99_99631.jpg
320 400
6 109 298 371; 22 102 301 370; 1 106 301 377; 

33\99_99705.jpg
400 284
186 5 394 282; 184 29 397 279; 186 4 387 233; 

33\99_99711.jpg
400 300
78 79 233 237; 79 79 236 237; 79 81 233 237; 

33\99_99712.jpg
399 313
10 18 256 255; 62 55 231 259; 35 55 231 242; 

33\99_99728.jpg
400 266
65 3 311 241; 102 16 301 241; 67 0 311 241; 

33\99_99744.jpg
400 266
100 36 234 214; 99 34 212 212; 100 3 259 211; 

33\99_99746.jpg
400 196
156 23 231 158; 162 25 254 172; 24 26 383 171; 

33\99_99751.jpg
400 249
27 27 312 207; 33 27 174 174; 31 27 170 172; 

33\99_99764.jpg
400 303
32 49 366 261; 74 48 183 208; 75 50 189 208; 

33\99_99765.jpg
400 300
13 69 398 252; 7 95 316 198; 6 94 334 255; 

33\99_99777.jpg
400 244
128 66 261 244; 130 68 259 183; 130 64 259 243; 

33\99_99780.jpg
400 300
32 142 181 294; 31 144 181 300; 30 144 181 300; 

33\99_99794.jpg
400 400
171 10 371 278; 185 78 381 246; 180 2 391 244; 

33\99_99802.jpg
400 300
109 60 361 296; 107 64 361 297; 108 62 359 299; 

33\99_99803.jpg
400 299
169 60 290 259; 170 56 286 299; 169 58 285 299; 

33\99_99806.jpg
266 400
12 233 252 398; 4 226 266 400; 1 231 265 399; 

33\99_99807.jpg
320 400
28 31 206 316; 44 68 171 309; 26 16 212 214; 

33\99_99823.jpg
399 302
15 77 395 240; 8 79 397 244; 8 80 393 240; 

33\99_99824.jpg
399 299
67 86 265 203; 69 89 262 205; 70 47 260 205; 

33\99_99829.jpg
399 254
251 90 397 249; 253 91 399 252; 257 91 399 254; 

33\99_99859.jpg
219 400
24 24 121 389; 26 24 155 393; 1 26 116 394; 

33\99_99885.jpg
400 300
71 60 358 286; 52 59 317 281; 55 60 398 300; 

33\99_99899.jpg
321 400
8 150 314 388; 18 149 317 400; 0 154 321 399; 

33\99_99908.jpg
309 399
19 206 248 389; 17 205 248 399; 16 204 249 396; 

33\99_99916.jpg
299 400
112 58 243 265; 113 95 244 268; 112 94 243 267; 

33\99_99924.jpg
302 400
55 198 296 385; 57 197 253 315; 59 199 265 315; 

33\99_99928.jpg
400 300
209 48 399 297; 213 63 400 216; 214 61 399 296; 

33\99_99931.jpg
358 400
76 129 246 322; 77 128 249 321; 75 130 248 321; 

33\100_100015.jpg
400 333
27 24 256 175; 30 29 256 170; 28 27 256 170; 

33\100_100048.jpg
400 314
25 112 363 310; 107 182 272 313; 111 184 270 315; 

33\100_100061.jpg
298 400
15 67 207 234; 15 69 220 231; 15 69 220 231; 

33\100_100070.jpg
277 400
51 36 223 370; 53 36 221 369; 54 38 220 370; 

33\100_100074.jpg
400 259
62 37 276 155; 66 38 281 152; 66 40 279 154; 

33\100_100139.jpg
400 320
118 126 326 250; 111 126 326 247; 113 126 327 254; 

33\100_100156.jpg
400 300
9 82 244 262; 139 102 255 271; 110 126 252 286; 

33\100_100159.jpg
400 300
88 75 321 296; 91 77 321 298; 88 76 322 300; 

33\100_100160.jpg
400 266
31 27 206 248; 32 26 205 246; 32 28 202 246; 

33\100_100165.jpg
400 300
199 66 372 253; 198 68 371 256; 200 69 369 251; 

33\100_100170.jpg
366 399
101 19 288 385; 101 19 289 400; 101 19 288 400; 

33\100_100171.jpg
225 400
54 19 158 381; 48 18 189 379; 48 20 189 381; 

33\100_100213.jpg
400 358
73 32 295 316; 108 32 296 291; 106 32 294 299; 

33\100_100229.jpg
400 320
16 96 353 231; 2 102 351 209; 1 101 353 224; 

33\100_100233.jpg
300 400
56 81 254 319; 58 81 254 317; 69 92 239 312; 

33\100_100235.jpg
400 266
115 52 289 172; 114 50 292 163; 117 51 293 162; 

33\100_100261.jpg
260 400
79 18 234 386; 84 15 234 397; 80 14 232 400; 

33\100_100264.jpg
260 400
51 13 220 371; 51 6 225 396; 51 6 220 400; 

33\100_100275.jpg
400 381
146 15 321 346; 183 105 319 344; 91 11 318 340; 

33\100_100284.jpg
400 399
146 66 341 393; 133 102 308 326; 124 66 306 356; 

33\100_100292.jpg
395 400
56 52 346 377; 128 108 235 279; 119 51 239 241; 

33\100_100308.jpg
400 300
54 38 342 214; 168 87 337 202; 170 91 334 202; 

33\100_100344.jpg
296 400
95 2 198 396; 94 2 198 400; 106 2 199 254; 

33\100_100347.jpg
400 265
62 18 236 252; 82 16 227 229; 58 18 228 227; 

33\100_100376.jpg
400 300
72 79 234 242; 80 78 234 238; 79 79 233 237; 

33\100_100390.jpg
400 400
14 66 294 378; 8 68 289 386; 11 62 289 399; 

33\100_100391.jpg
399 399
101 170 375 346; 103 168 375 343; 102 170 375 344; 

33\100_100396.jpg
399 252
53 49 287 246; 50 50 283 244; 51 51 282 249; 

33\100_100397.jpg
250 400
60 126 192 369; 68 216 176 369; 64 126 184 369; 

33\100_100401.jpg
266 400
91 98 171 356; 94 119 166 350; 96 56 164 350; 

33\100_100417.jpg
400 268
85 6 245 234; 108 102 211 225; 91 1 258 216; 

33\100_100428.jpg
400 348
46 26 247 282; 99 67 211 184; 62 25 238 165; 

33\100_100431.jpg
400 266
113 27 321 258; 119 24 316 255; 114 28 314 265; 

33\100_100436.jpg
300 400
59 49 201 359; 63 59 197 350; 72 63 186 343; 

33\100_100439.jpg
400 266
179 6 376 261; 164 20 396 265; 163 23 394 265; 

33\100_100444.jpg
400 266
12 54 284 231; 126 74 287 266; 1 56 286 238; 

33\100_100450.jpg
400 266
39 20 341 202; 36 19 391 196; 36 19 323 198; 

33\100_100461.jpg
400 176
13 16 199 154; 14 19 202 152; 11 19 203 155; 

33\100_100464.jpg
400 266
243 26 381 259; 204 24 381 266; 205 25 381 265; 

33\100_100465.jpg
400 266
213 42 380 229; 212 41 378 228; 214 44 376 228; 

33\100_100472.jpg
400 266
39 32 194 232; 39 32 193 231; 39 32 192 229; 

33\100_100486.jpg
400 266
165 41 316 212; 164 39 316 211; 166 42 315 211; 

33\100_100517.jpg
400 266
42 67 179 216; 41 67 178 216; 41 67 176 217; 

33\100_100518.jpg
266 400
86 52 186 399; 91 64 183 399; 92 66 183 400; 

33\100_100542.jpg
400 257
108 67 314 246; 106 59 316 234; 111 70 301 246; 

33\100_100543.jpg
400 267
61 66 350 219; 100 86 348 211; 101 86 347 214; 

33\100_100547.jpg
266 400
74 16 229 382; 76 13 199 196; 77 14 198 196; 

33\100_100552.jpg
400 300
62 105 352 290; 127 111 319 268; 127 113 347 300; 

33\100_100577.jpg
320 400
17 29 275 318; 122 109 278 316; 4 38 281 317; 

33\100_100601.jpg
388 400
80 112 356 360; 236 112 342 259; 236 113 341 259; 

33\100_100631.jpg
266 399
48 45 206 323; 48 38 210 330; 48 36 210 330; 

33\100_100633.jpg
400 320
88 88 256 274; 89 86 259 274; 91 88 258 276; 

33\100_100635.jpg
400 266
39 64 180 220; 42 66 176 216; 39 66 177 217; 

33\100_100664.jpg
356 400
78 70 278 279; 74 77 279 281; 76 83 281 284; 

33\100_100670.jpg
400 400
144 9 330 282; 143 18 321 277; 147 1 331 276; 

33\100_100684.jpg
399 334
211 6 367 325; 212 10 354 317; 212 8 374 330; 

33\100_100691.jpg
257 400
23 93 206 298; 6 122 140 283; 30 122 139 229; 

33\100_100715.jpg
400 320
104 34 366 302; 113 32 368 304; 146 37 306 161; 

33\100_100723.jpg
400 366
83 71 315 271; 107 129 290 225; 100 129 289 247; 

33\100_100791.jpg
400 266
174 82 345 209; 171 82 348 210; 174 84 347 216; 

33\100_100856.jpg
280 400
64 63 193 387; 63 61 182 400; 55 61 177 399; 

33\100_100858.jpg
300 400
92 100 230 316; 81 104 209 295; 41 62 214 294; 

33\100_100859.jpg
400 343
66 128 339 272; 56 130 297 248; 59 46 388 275; 

33\100_100863.jpg
400 316
58 51 352 273; 53 92 218 272; 54 53 354 274; 

33\100_100872.jpg
400 266
149 10 363 254; 142 4 300 266; 148 3 400 266; 

33\100_100990.jpg
261 400
31 18 226 268; 31 18 229 259; 31 17 228 258; 

33\100_100991.jpg
241 400
66 216 165 396; 67 215 164 400; 68 218 162 399; 

33\100_100999.jpg
263 400
75 117 212 311; 79 112 213 309; 54 114 254 328; 

33\101_101033.jpg
400 266
294 128 388 258; 298 127 394 262; 298 129 392 262; 

33\101_101034.jpg
399 284
80 66 361 241; 82 67 361 234; 83 69 360 241; 

33\101_101035.jpg
399 301
18 82 340 261; 16 80 340 249; 18 80 340 253; 

33\101_101041.jpg
400 299
64 54 308 296; 82 91 306 296; 29 8 302 297; 

33\101_101060.jpg
266 400
56 72 176 229; 57 72 176 228; 58 74 177 228; 

33\101_101115.jpg
400 326
30 27 179 310; 28 26 181 303; 30 28 181 303; 

33\101_101168.jpg
400 303
38 34 321 236; 45 32 321 263; 44 34 321 272; 

33\101_101195.jpg
300 400
32 8 174 266; 32 2 177 263; 35 1 154 148; 

33\101_101204.jpg
400 300
128 32 307 298; 155 36 306 299; 185 38 298 161; 

33\101_101268.jpg
399 307
102 116 308 294; 119 131 304 261; 101 126 305 289; 

33\101_101269.jpg
300 400
44 133 273 380; 39 159 265 381; 41 161 266 381; 

33\101_101289.jpg
340 400
56 27 334 294; 76 86 166 217; 75 86 166 184; 

33\101_101291.jpg
400 320
172 55 342 282; 172 81 324 282; 171 62 331 284; 

33\101_101300.jpg
400 281
94 68 386 281; 131 89 377 281; 96 12 399 280; 

33\101_101313.jpg
400 300
162 76 277 291; 161 86 271 300; 163 85 271 300; 

33\101_101314.jpg
400 374
142 150 331 349; 145 152 328 348; 146 149 327 344; 

33\101_101319.jpg
400 400
86 65 322 362; 128 115 327 358; 126 68 376 362; 

33\101_101320.jpg
400 400
122 86 272 292; 124 82 264 272; 124 86 259 355; 

33\101_101328.jpg
400 183
60 28 315 159; 62 24 316 149; 62 25 313 147; 

33\101_101329.jpg
400 300
52 32 301 298; 40 13 295 298; 39 12 294 299; 

33\101_101336.jpg
266 400
6 38 221 326; 10 36 246 363; 6 36 246 364; 

33\101_101339.jpg
296 400
76 109 203 350; 96 124 185 332; 69 15 186 390; 

33\101_101340.jpg
400 266
19 66 321 194; 12 68 366 191; 10 67 366 201; 

33\101_101357.jpg
266 400
78 94 188 301; 77 98 189 296; 80 96 211 298; 

33\101_101359.jpg
400 263
176 107 366 256; 226 110 354 227; 223 110 352 232; 

33\101_101372.jpg
395 400
221 70 362 352; 221 69 365 354; 222 66 365 354; 

33\101_101376.jpg
268 400
52 20 212 374; 49 16 214 374; 51 20 215 376; 

33\101_101380.jpg
400 266
56 106 352 219; 58 110 338 218; 58 111 329 214; 

33\101_101387.jpg
376 400
62 130 284 382; 63 128 289 359; 63 131 287 357; 

33\101_101388.jpg
349 400
67 96 257 393; 63 105 263 393; 66 229 263 393; 

33\101_101389.jpg
400 293
58 50 256 267; 64 50 259 266; 64 51 259 265; 

33\101_101392.jpg
400 400
52 32 246 348; 41 35 248 388; 46 32 248 388; 

33\101_101394.jpg
400 280
162 34 336 236; 164 34 334 234; 164 35 334 233; 

33\101_101395.jpg
400 266
84 34 286 252; 84 34 270 220; 88 28 268 220; 

33\101_101396.jpg
320 400
21 93 164 385; 29 97 161 387; 28 99 161 384; 

33\101_101400.jpg
400 266
99 59 320 264; 102 61 346 266; 146 119 321 266; 

33\101_101403.jpg
369 400
238 94 330 378; 237 91 329 375; 237 93 328 377; 

33\101_101407.jpg
400 223
82 87 387 183; 55 74 387 179; 1 73 386 216; 

33\101_101414.jpg
305 400
51 119 183 364; 53 133 174 363; 55 132 181 364; 

33\101_101415.jpg
400 260
241 9 342 252; 242 9 341 259; 244 10 341 260; 

33\101_101433.jpg
267 400
44 69 185 322; 47 63 184 372; 46 61 183 372; 

33\101_101434.jpg
400 300
84 50 347 256; 92 47 349 256; 86 48 346 254; 

33\101_101443.jpg
266 400
20 115 240 389; 19 113 220 364; 4 117 225 268; 

33\101_101449.jpg
313 400
39 28 265 213; 42 28 264 216; 41 29 263 215; 

33\101_101454.jpg
400 300
109 18 355 288; 54 68 311 300; 104 1 324 236; 

33\101_101455.jpg
245 400
85 61 211 306; 89 58 211 309; 89 64 211 309; 

33\101_101459.jpg
251 400
62 40 229 369; 43 38 222 400; 49 39 222 400; 

33\101_101464.jpg
400 265
94 79 298 201; 78 57 333 203; 144 76 259 199; 

33\101_101466.jpg
300 399
3 7 245 291; 4 0 250 287; 1 1 253 290; 

33\101_101468.jpg
400 256
86 38 242 216; 86 41 267 256; 85 41 264 256; 

33\101_101469.jpg
400 310
69 121 314 286; 71 124 314 280; 71 125 313 280; 

33\101_101470.jpg
400 400
141 126 324 333; 136 124 316 333; 142 122 319 332; 

33\101_101479.jpg
400 351
176 111 362 233; 188 111 368 181; 189 112 362 164; 

33\101_101481.jpg
282 399
40 65 243 390; 28 67 248 399; 78 67 225 225; 

33\101_101482.jpg
266 400
130 68 237 249; 129 72 232 255; 132 73 266 254; 

33\101_101500.jpg
400 301
111 64 347 276; 114 59 342 284; 256 106 339 208; 

33\101_101513.jpg
286 400
62 51 237 332; 60 51 229 328; 62 52 227 330; 

33\101_101517.jpg
261 400
56 72 184 352; 55 134 176 322; 53 70 177 349; 

33\101_101549.jpg
288 400
61 22 212 339; 62 23 216 208; 62 23 211 204; 

33\101_101558.jpg
299 400
66 35 212 334; 72 32 198 327; 67 15 201 331; 

33\101_101559.jpg
300 400
36 129 289 398; 41 128 298 400; 48 132 215 345; 

33\101_101560.jpg
338 400
83 114 330 391; 87 118 312 399; 159 120 308 299; 

33\101_101562.jpg
319 399
78 44 242 294; 79 44 242 374; 79 43 244 373; 

33\101_101628.jpg
400 266
124 43 285 257; 122 41 258 265; 154 107 221 153; 

33\101_101629.jpg
400 320
77 71 320 307; 75 61 235 320; 93 61 216 221; 

33\101_101632.jpg
400 300
167 70 286 188; 151 70 287 203; 154 72 286 203; 

33\101_101636.jpg
400 266
124 9 281 262; 130 16 277 231; 124 14 286 231; 

33\101_101641.jpg
399 299
121 78 302 238; 132 35 306 234; 132 79 303 235; 

33\101_101652.jpg
400 400
78 26 250 396; 78 16 244 399; 81 14 244 399; 

33\101_101677.jpg
400 300
146 42 353 289; 144 41 356 284; 146 44 358 286; 

33\101_101693.jpg
400 300
137 32 384 283; 143 36 384 276; 140 33 384 275; 

33\101_101718.jpg
320 400
85 108 221 302; 108 163 212 302; 76 119 221 400; 

33\101_101745.jpg
400 300
198 78 347 294; 222 85 311 253; 226 86 308 252; 

33\101_101749.jpg
400 310
21 68 159 301; 24 69 151 310; 23 72 141 310; 

33\101_101759.jpg
400 300
94 56 314 248; 92 56 316 251; 107 66 304 239; 

33\101_101770.jpg
400 297
67 45 255 297; 64 52 264 298; 64 52 261 298; 

33\101_101787.jpg
400 350
95 101 309 343; 96 97 294 332; 95 94 312 331; 

33\101_101797.jpg
283 400
101 76 191 346; 102 78 195 344; 101 79 189 346; 

33\101_101806.jpg
266 400
8 72 197 331; 3 83 193 331; 6 85 193 330; 

33\101_101815.jpg
368 400
95 31 266 368; 114 229 261 356; 112 45 260 358; 

33\101_101817.jpg
400 300
118 50 278 277; 121 49 282 271; 126 50 272 268; 

33\101_101824.jpg
400 300
89 86 346 264; 177 99 328 267; 170 109 323 264; 

33\101_101826.jpg
400 273
69 76 224 266; 88 62 214 265; 90 61 212 248; 

33\101_101851.jpg
254 400
34 30 208 344; 64 22 192 352; 72 25 184 222; 

33\101_101853.jpg
400 300
111 0 326 288; 112 57 311 231; 171 95 235 165; 

33\101_101858.jpg
393 400
66 63 191 322; 68 66 188 328; 68 66 186 321; 

33\101_101862.jpg
400 288
77 39 258 287; 82 106 194 267; 72 106 114 186; 

33\101_101867.jpg
400 300
54 7 318 269; 76 1 269 266; 77 1 266 267; 

33\101_101875.jpg
400 266
94 24 299 221; 98 24 299 221; 98 25 298 219; 

33\101_101882.jpg
400 310
160 27 372 308; 162 70 344 243; 160 31 371 310; 

33\101_101889.jpg
300 400
83 46 262 381; 61 45 259 393; 61 48 258 392; 

33\101_101895.jpg
400 300
32 11 307 248; 131 14 310 254; 129 15 304 249; 

33\101_101897.jpg
400 300
175 62 298 192; 179 62 294 194; 178 64 294 192; 

33\101_101902.jpg
300 400
92 5 229 370; 84 7 231 374; 82 9 230 376; 

33\101_101920.jpg
388 400
85 187 282 378; 86 187 270 368; 87 188 271 368; 

33\101_101921.jpg
294 399
51 110 248 339; 50 55 254 320; 54 117 236 344; 

33\101_101924.jpg
400 235
25 41 324 220; 26 42 337 191; 25 44 334 221; 

33\101_101932.jpg
369 400
58 46 286 371; 74 47 271 314; 49 49 304 314; 

33\101_101939.jpg
400 326
131 60 324 279; 154 59 321 265; 129 56 331 263; 

33\101_101941.jpg
400 266
150 58 356 248; 147 53 323 253; 152 62 281 201; 

33\101_101943.jpg
400 266
169 115 331 252; 168 116 329 246; 198 117 270 179; 

33\101_101946.jpg
400 266
35 61 388 241; 201 59 305 183; 192 59 305 182; 

33\101_101951.jpg
400 378
169 31 391 369; 174 29 389 333; 219 31 376 184; 

33\101_101952.jpg
400 266
154 26 351 244; 161 36 338 202; 158 42 338 194; 

33\101_101968.jpg
400 266
101 39 338 218; 94 42 332 211; 109 42 315 207; 

33\101_101972.jpg
266 400
19 52 249 304; 2 53 253 308; 54 56 241 184; 

33\101_101973.jpg
400 266
89 8 364 240; 57 1 371 248; 186 1 353 187; 

