273

39\117_117002.jpg
400 276
157 40 384 275; 158 39 389 274; 158 41 388 276; 

39\117_117003.jpg
400 315
156 127 322 279; 152 124 325 285; 144 132 324 282; 

39\117_117011.jpg
400 266
128 66 280 198; 126 68 286 230; 114 34 305 256; 

39\117_117039.jpg
400 400
58 32 220 356; 54 26 226 369; 88 37 208 186; 

39\117_117069.jpg
400 224
79 49 308 209; 80 50 309 209; 79 50 308 209; 

39\117_117079.jpg
400 400
42 12 362 300; 57 26 316 301; 41 2 346 297; 

39\117_117081.jpg
301 400
11 96 244 374; 66 85 239 284; 0 83 239 285; 

39\117_117086.jpg
400 266
109 9 378 241; 110 8 379 239; 111 6 379 236; 

39\117_117091.jpg
400 263
1 5 178 260; 31 2 154 262; 2 1 174 262; 

39\117_117093.jpg
400 266
21 46 183 144; 24 48 179 143; 26 48 178 142; 

39\117_117097.jpg
289 400
88 8 241 279; 93 55 239 276; 94 2 238 284; 

39\117_117099.jpg
400 266
19 26 240 252; 21 26 243 247; 20 26 242 246; 

39\117_117101.jpg
373 400
14 112 307 381; 18 111 308 379; 14 110 307 379; 

39\117_117104.jpg
400 300
26 51 314 227; 26 51 316 226; 27 51 315 228; 

39\117_117108.jpg
400 300
132 39 358 249; 131 38 284 249; 131 39 362 252; 

39\117_117128.jpg
400 266
116 60 291 250; 114 61 291 249; 114 62 290 249; 

39\117_117136.jpg
399 314
169 153 323 277; 165 153 322 279; 172 154 325 283; 

39\117_117148.jpg
400 266
114 6 344 258; 116 87 341 259; 116 1 342 259; 

39\117_117150.jpg
303 400
96 52 299 351; 94 52 263 357; 96 52 303 353; 

39\117_117157.jpg
400 275
51 34 330 254; 51 32 329 262; 1 34 328 260; 

39\117_117165.jpg
400 300
0 121 148 298; 1 121 154 299; 0 123 154 300; 

39\117_117169.jpg
400 400
82 88 344 324; 78 88 341 324; 83 88 341 325; 

39\117_117175.jpg
400 300
112 74 282 203; 109 74 279 188; 109 75 280 188; 

39\117_117177.jpg
400 300
88 77 305 197; 94 85 236 204; 61 33 311 214; 

39\117_117184.jpg
320 400
71 32 282 221; 76 31 242 216; 28 30 285 218; 

39\117_117187.jpg
320 400
51 81 278 351; 71 92 181 230; 68 75 236 224; 

39\117_117188.jpg
320 400
61 46 274 309; 62 42 181 309; 61 45 276 318; 

39\117_117189.jpg
400 320
51 29 189 256; 46 24 184 241; 44 25 187 240; 

39\117_117190.jpg
400 400
53 49 248 356; 53 45 256 323; 54 45 252 322; 

39\117_117195.jpg
400 268
23 57 359 236; 24 56 363 219; 21 59 363 241; 

39\117_117196.jpg
400 300
126 47 301 231; 128 43 301 219; 129 46 302 220; 

39\117_117197.jpg
400 301
79 139 386 296; 76 139 235 269; 79 140 233 270; 

39\117_117200.jpg
300 400
60 46 292 237; 66 52 293 236; 61 51 292 238; 

39\117_117210.jpg
400 266
9 44 342 203; 241 37 348 140; 242 39 294 141; 

39\117_117213.jpg
320 400
46 33 262 382; 46 16 264 394; 48 18 263 394; 

39\117_117218.jpg
357 399
110 78 224 256; 108 77 227 258; 110 81 223 256; 

39\117_117242.jpg
266 400
55 42 259 290; 54 41 156 284; 54 42 264 285; 

39\117_117248.jpg
400 300
56 16 286 252; 59 14 283 252; 58 14 282 252; 

39\117_117257.jpg
300 400
28 45 294 306; 34 46 297 308; 52 87 276 278; 

39\117_117277.jpg
400 300
78 28 326 262; 78 26 319 265; 79 28 322 263; 

39\117_117281.jpg
400 300
22 21 221 188; 21 20 222 151; 21 21 284 212; 

39\117_117285.jpg
400 298
26 45 384 208; 28 46 359 141; 27 46 398 158; 

39\117_117323.jpg
400 266
178 11 392 262; 176 7 400 193; 178 10 400 266; 

39\117_117328.jpg
400 331
183 25 361 246; 186 26 361 246; 186 28 361 245; 

39\117_117346.jpg
400 266
163 93 369 237; 161 89 379 237; 161 88 379 238; 

39\117_117372.jpg
400 322
123 24 384 318; 226 54 370 227; 231 10 368 224; 

39\117_117382.jpg
322 400
66 22 247 242; 70 22 248 227; 69 21 248 228; 

39\117_117383.jpg
400 282
148 62 356 259; 149 61 356 261; 150 62 356 263; 

39\117_117393.jpg
400 266
24 29 183 182; 24 29 179 185; 24 30 179 184; 

39\117_117397.jpg
400 285
114 52 338 228; 114 52 326 246; 117 52 398 248; 

39\117_117405.jpg
380 400
36 40 341 332; 153 100 244 276; 37 40 338 331; 

39\117_117408.jpg
305 400
46 114 282 378; 46 118 281 376; 13 66 289 376; 

39\117_117423.jpg
300 400
56 31 262 372; 46 54 251 347; 46 29 261 379; 

39\117_117435.jpg
320 400
68 48 230 214; 69 48 231 213; 71 47 232 214; 

39\117_117458.jpg
399 299
102 53 276 190; 106 52 274 246; 106 53 274 178; 

39\117_117489.jpg
400 306
70 119 347 279; 77 112 352 277; 74 112 355 279; 

39\117_117490.jpg
400 266
9 54 200 254; 1 53 199 266; 0 55 200 266; 

39\117_117491.jpg
400 273
30 44 319 259; 34 41 323 260; 28 42 323 258; 

39\117_117493.jpg
400 327
150 4 372 320; 151 3 366 252; 153 1 391 328; 

39\117_117659.jpg
400 300
256 21 369 232; 262 11 379 224; 261 11 378 208; 

39\117_117661.jpg
300 400
69 66 271 326; 76 73 232 297; 74 73 282 285; 

39\117_117662.jpg
400 343
30 79 364 254; 31 81 366 234; 32 82 364 232; 

39\117_117666.jpg
400 285
93 22 238 275; 130 64 232 226; 129 47 231 224; 

39\117_117677.jpg
400 313
22 50 308 261; 19 51 300 264; 22 51 300 264; 

39\117_117679.jpg
399 300
90 42 273 227; 87 42 279 224; 88 42 280 224; 

39\117_117744.jpg
400 266
148 56 359 264; 168 48 257 137; 169 50 398 266; 

39\117_117751.jpg
291 400
61 80 241 332; 74 175 168 342; 20 85 266 342; 

39\117_117752.jpg
291 400
53 86 267 325; 71 174 169 341; 9 96 257 341; 

39\117_117758.jpg
400 266
26 11 241 257; 39 7 196 173; 23 6 244 258; 

39\117_117759.jpg
400 266
21 6 249 256; 88 74 250 260; 8 1 249 258; 

39\117_117761.jpg
400 312
142 63 317 223; 143 69 316 222; 143 62 318 222; 

39\117_117805.jpg
300 400
17 74 261 366; 21 73 251 222; 20 74 249 373; 

39\117_117809.jpg
333 400
25 136 221 365; 29 132 220 365; 27 134 220 362; 

39\117_117819.jpg
266 400
78 44 262 284; 76 37 267 281; 76 39 265 282; 

39\117_117830.jpg
400 272
146 30 363 240; 204 29 363 238; 145 29 364 238; 

39\117_117838.jpg
400 320
126 18 384 270; 148 20 217 139; 128 19 399 270; 

39\117_117839.jpg
300 400
62 10 248 386; 81 4 250 384; 61 4 249 400; 

39\117_117840.jpg
266 400
40 55 214 398; 73 5 237 217; 70 5 235 216; 

39\117_117846.jpg
400 309
69 48 321 288; 140 54 237 281; 110 54 304 217; 

39\117_117847.jpg
400 173
62 26 337 171; 98 22 285 172; 99 23 285 156; 

39\117_117848.jpg
400 320
39 105 340 301; 104 145 311 305; 51 109 341 304; 

39\117_117849.jpg
400 321
33 8 312 271; 34 174 322 272; 34 2 322 271; 

39\117_117885.jpg
400 394
23 5 317 302; 137 166 257 301; 137 163 256 301; 

39\117_117907.jpg
185 400
34 36 141 286; 32 28 144 285; 32 28 145 286; 

39\117_117923.jpg
300 400
60 156 287 372; 63 156 288 370; 62 156 288 372; 

39\117_117942.jpg
400 288
69 63 273 281; 77 64 269 212; 74 65 332 289; 

39\117_117944.jpg
400 400
28 54 341 347; 104 64 290 219; 103 62 308 351; 

39\117_117945.jpg
400 400
15 89 298 391; 4 109 304 398; 2 111 305 397; 

39\117_117946.jpg
400 400
106 45 272 366; 110 46 269 367; 104 46 268 372; 

39\117_117947.jpg
300 400
40 3 217 359; 41 4 232 231; 41 3 230 231; 

39\117_117975.jpg
258 400
61 228 215 375; 64 226 214 384; 64 228 212 382; 

39\118_118015.jpg
400 266
109 58 244 244; 104 51 238 237; 93 49 239 238; 

39\118_118019.jpg
400 283
141 31 370 238; 128 24 382 251; 130 31 371 246; 

39\118_118032.jpg
322 400
9 96 312 301; 82 216 246 302; 2 104 318 302; 

39\118_118076.jpg
400 199
108 18 387 164; 109 9 395 159; 4 9 395 164; 

39\118_118079.jpg
400 300
88 119 382 274; 101 116 279 270; 89 118 391 276; 

39\118_118094.jpg
399 300
124 33 392 294; 127 70 310 290; 129 32 398 301; 

39\118_118105.jpg
397 400
76 51 332 372; 71 54 334 335; 71 44 332 368; 

39\118_118110.jpg
350 399
61 203 320 377; 61 204 304 376; 62 206 322 377; 

39\118_118136.jpg
290 400
21 12 161 396; 26 13 162 352; 19 12 162 393; 

39\118_118138.jpg
400 266
22 3 228 211; 88 38 229 186; 90 40 226 184; 

39\118_118160.jpg
400 300
11 3 221 289; 31 6 217 197; 0 0 217 300; 

39\118_118180.jpg
400 325
63 109 394 309; 51 105 281 310; 64 107 399 325; 

39\118_118182.jpg
400 214
121 30 297 187; 108 21 297 184; 112 19 294 182; 

39\118_118186.jpg
279 400
58 65 219 384; 63 69 212 252; 62 62 221 251; 

39\118_118188.jpg
400 306
89 61 388 294; 94 60 385 293; 83 62 385 296; 

39\118_118210.jpg
307 400
50 134 260 342; 50 134 259 339; 51 132 258 341; 

39\118_118216.jpg
400 300
152 81 385 296; 214 80 353 201; 145 81 400 300; 

39\118_118235.jpg
400 400
82 45 325 376; 87 112 274 387; 83 35 317 384; 

39\118_118239.jpg
400 268
70 25 285 212; 68 18 279 198; 65 19 279 201; 

39\118_118243.jpg
400 266
138 83 279 181; 135 76 282 176; 139 76 282 178; 

39\118_118245.jpg
300 400
60 68 254 347; 52 63 251 361; 51 62 268 362; 

39\118_118246.jpg
399 300
104 57 370 262; 89 57 377 271; 87 57 376 271; 

39\118_118272.jpg
266 400
25 8 193 370; 19 7 190 371; 18 6 188 373; 

39\118_118274.jpg
400 277
166 54 370 253; 166 59 369 242; 168 59 369 246; 

39\118_118283.jpg
400 330
155 10 372 323; 152 3 376 325; 153 3 377 324; 

39\118_118284.jpg
400 212
86 22 303 208; 129 21 251 136; 89 21 308 212; 

39\118_118286.jpg
276 400
39 159 215 315; 69 158 216 296; 71 159 216 295; 

39\118_118287.jpg
400 265
147 48 363 188; 121 46 362 237; 154 48 363 237; 

39\118_118294.jpg
400 309
14 14 268 300; 26 13 240 191; 30 14 239 191; 

39\118_118303.jpg
266 400
6 10 151 302; 10 13 167 314; 12 12 165 316; 

39\118_118308.jpg
400 300
99 42 295 244; 112 76 284 214; 99 49 294 244; 

39\118_118314.jpg
399 373
96 107 304 272; 96 107 301 261; 132 143 261 230; 

39\118_118324.jpg
322 400
57 26 253 376; 81 28 236 306; 61 28 256 378; 

39\118_118326.jpg
400 360
96 26 314 219; 89 22 319 179; 50 23 348 178; 

39\118_118329.jpg
400 266
146 50 292 263; 145 49 300 266; 148 51 289 266; 

39\118_118339.jpg
400 357
21 109 322 338; 106 133 263 337; 26 129 262 334; 

39\118_118341.jpg
400 296
41 13 201 257; 50 10 169 261; 51 10 352 281; 

39\118_118344.jpg
400 295
62 61 313 231; 65 56 358 226; 56 66 374 231; 

39\118_118354.jpg
400 393
178 5 380 381; 177 2 389 386; 10 15 352 385; 

39\118_118370.jpg
400 304
6 13 242 298; 5 1 249 304; 8 2 250 304; 

39\118_118374.jpg
400 284
135 41 339 253; 133 40 343 253; 133 41 343 253; 

39\118_118383.jpg
280 400
58 77 225 268; 94 64 235 262; 94 64 235 261; 

39\118_118389.jpg
266 400
43 55 218 325; 44 56 166 321; 41 56 173 322; 

39\118_118392.jpg
320 400
15 30 275 269; 13 153 273 271; 13 152 273 272; 

39\118_118417.jpg
400 389
152 92 342 374; 133 95 342 389; 135 96 340 389; 

39\118_118420.jpg
281 400
36 85 236 284; 33 82 239 281; 34 83 238 281; 

39\118_118427.jpg
400 400
71 44 371 312; 73 46 344 281; 73 44 378 326; 

39\118_118428.jpg
266 400
84 89 226 390; 81 91 225 397; 83 90 225 396; 

39\118_118450.jpg
400 285
111 8 308 257; 114 7 291 252; 156 9 291 183; 

39\118_118483.jpg
266 400
50 20 264 313; 49 22 174 254; 50 21 265 343; 

39\118_118487.jpg
400 266
153 2 335 235; 156 1 314 249; 155 1 338 249; 

39\118_118489.jpg
266 400
105 19 217 341; 103 19 216 345; 103 19 215 346; 

39\118_118492.jpg
266 400
77 21 191 373; 68 23 195 399; 69 23 194 400; 

39\118_118493.jpg
400 266
91 5 319 256; 111 11 266 214; 90 0 305 212; 

39\118_118509.jpg
344 400
27 225 177 343; 26 227 175 342; 26 227 177 341; 

39\118_118520.jpg
400 300
66 15 319 291; 94 25 312 266; 86 17 322 267; 

39\118_118528.jpg
400 300
14 83 374 201; 15 102 355 183; 14 102 385 221; 

39\118_118542.jpg
399 321
115 65 294 225; 129 86 277 224; 129 84 292 222; 

39\118_118543.jpg
400 278
44 31 345 220; 48 57 318 192; 44 31 354 222; 

39\118_118554.jpg
400 301
49 148 187 243; 50 156 173 229; 30 91 194 255; 

39\118_118555.jpg
400 300
47 67 331 224; 47 64 342 228; 48 63 339 229; 

39\118_118560.jpg
266 400
62 19 258 288; 61 6 254 230; 62 1 257 254; 

39\118_118561.jpg
266 400
21 17 194 238; 26 16 176 230; 26 1 182 228; 

39\118_118573.jpg
400 363
48 18 335 302; 69 35 329 285; 70 33 329 287; 

39\118_118577.jpg
400 352
72 28 339 304; 69 29 335 299; 71 28 335 297; 

39\118_118582.jpg
400 300
166 17 381 286; 166 11 394 288; 168 11 394 287; 

39\118_118611.jpg
400 321
10 5 287 279; 3 2 235 212; 1 1 294 282; 

39\118_118614.jpg
400 259
40 40 364 232; 123 48 278 219; 38 48 366 225; 

39\118_118620.jpg
400 266
151 85 341 253; 166 89 342 252; 147 85 341 252; 

39\118_118632.jpg
400 266
76 44 256 163; 109 56 246 154; 56 42 250 163; 

39\118_118639.jpg
400 300
124 62 246 272; 121 58 246 264; 123 58 245 268; 

39\118_118648.jpg
400 266
121 44 361 218; 121 91 357 216; 120 92 359 220; 

39\118_118649.jpg
400 266
131 22 366 206; 131 27 240 191; 131 26 238 193; 

39\118_118650.jpg
400 266
74 17 244 192; 76 19 207 169; 78 18 253 199; 

39\118_118652.jpg
399 212
162 15 394 205; 193 13 392 204; 195 13 392 205; 

39\118_118673.jpg
399 299
90 3 344 274; 98 40 306 246; 93 35 312 253; 

39\118_118675.jpg
398 400
108 2 296 367; 116 6 295 371; 116 7 294 370; 

39\118_118683.jpg
300 400
4 49 202 392; 5 48 174 221; 4 48 184 244; 

39\118_118688.jpg
400 300
45 81 238 258; 46 81 238 257; 47 82 238 255; 

39\118_118697.jpg
400 286
68 49 307 201; 58 54 346 223; 39 52 364 219; 

39\118_118717.jpg
400 251
162 41 240 208; 172 41 235 207; 171 40 236 205; 

39\118_118722.jpg
400 303
92 109 314 285; 134 101 278 253; 132 103 267 240; 

39\118_118727.jpg
299 399
53 20 281 314; 52 55 267 262; 53 8 268 260; 

39\118_118729.jpg
300 400
23 20 259 300; 73 38 159 191; 62 9 228 211; 

39\118_118742.jpg
399 300
127 35 273 203; 123 67 264 205; 122 65 271 196; 

39\118_118751.jpg
400 270
54 16 294 242; 52 18 269 202; 48 17 291 256; 

39\118_118757.jpg
400 276
41 15 324 207; 156 49 283 181; 20 6 369 206; 

39\118_118773.jpg
299 400
71 11 195 355; 86 18 193 356; 89 20 193 356; 

39\118_118775.jpg
400 301
141 56 349 272; 136 61 348 273; 138 62 348 273; 

39\118_118780.jpg
400 300
112 53 331 242; 114 71 331 222; 114 52 329 224; 

39\118_118782.jpg
321 400
114 50 313 351; 114 81 243 351; 116 57 264 351; 

39\118_118783.jpg
281 400
84 26 221 313; 91 29 212 305; 90 29 217 311; 

39\118_118784.jpg
311 400
108 17 261 313; 115 21 250 316; 118 21 249 318; 

39\118_118785.jpg
314 400
122 32 282 371; 126 29 278 372; 125 30 278 376; 

39\118_118789.jpg
400 300
49 36 246 175; 51 38 242 171; 51 38 242 172; 

39\118_118791.jpg
303 400
66 26 185 366; 68 27 181 371; 68 26 182 370; 

39\118_118794.jpg
320 400
90 71 311 379; 81 68 284 327; 84 68 320 328; 

39\118_118803.jpg
400 184
19 15 157 173; 6 4 152 182; 6 5 150 182; 

39\118_118859.jpg
400 266
2 4 232 233; 10 57 171 221; 0 1 232 230; 

39\118_118865.jpg
400 266
111 30 359 259; 111 31 279 202; 110 30 280 202; 

39\118_118867.jpg
400 266
89 37 301 247; 91 39 298 203; 93 39 296 203; 

39\118_118869.jpg
194 248
32 39 164 216; 31 38 165 218; 32 37 164 216; 

39\118_118883.jpg
300 400
44 18 220 363; 53 17 289 282; 52 19 251 281; 

39\118_118885.jpg
400 312
31 172 390 280; 31 174 369 246; 32 176 398 281; 

39\118_118923.jpg
399 319
48 41 305 223; 48 41 304 198; 50 42 305 201; 

39\118_118935.jpg
266 400
17 82 223 324; 59 164 214 321; 3 76 238 316; 

39\118_118945.jpg
288 400
61 21 261 292; 102 21 261 196; 102 22 261 196; 

39\118_118953.jpg
400 300
63 65 397 265; 98 109 261 231; 99 109 261 229; 

39\118_118960.jpg
399 321
230 56 379 284; 234 58 379 286; 231 59 380 286; 

39\118_118962.jpg
399 355
27 77 363 328; 18 70 283 193; 21 69 371 343; 

39\118_118965.jpg
400 266
9 34 249 261; 6 31 263 199; 5 32 262 266; 

39\118_118966.jpg
400 400
164 149 370 361; 166 152 376 358; 164 156 375 357; 

39\118_118983.jpg
400 266
79 35 224 203; 79 38 215 202; 81 10 341 203; 

39\118_118990.jpg
400 320
24 136 233 274; 20 137 226 286; 19 136 228 285; 

39\119_119014.jpg
266 400
18 29 181 349; 6 239 178 369; 8 21 183 367; 

39\119_119016.jpg
300 400
29 58 293 315; 69 42 184 309; 21 44 300 315; 

39\119_119022.jpg
400 266
68 66 381 244; 58 71 382 242; 25 37 381 246; 

39\119_119028.jpg
363 400
82 16 325 326; 88 18 325 311; 75 18 325 323; 

39\119_119029.jpg
400 300
79 65 348 262; 81 64 346 260; 79 64 348 260; 

39\119_119037.jpg
400 266
77 34 336 239; 101 31 343 226; 78 41 329 248; 

39\119_119043.jpg
266 400
68 64 258 304; 67 64 266 316; 68 62 266 316; 

39\119_119045.jpg
266 400
48 26 216 370; 31 26 222 368; 33 26 223 366; 

39\119_119047.jpg
400 266
101 38 316 246; 99 38 314 243; 101 40 313 244; 

39\119_119049.jpg
299 399
33 27 282 296; 90 9 198 227; 88 10 248 176; 

39\119_119054.jpg
400 300
82 11 320 288; 172 93 246 234; 89 9 323 300; 

39\119_119057.jpg
399 202
197 7 385 197; 200 11 391 197; 201 13 389 195; 

39\119_119058.jpg
400 279
42 70 215 196; 48 72 212 193; 48 74 211 191; 

39\119_119059.jpg
348 399
48 104 307 341; 48 93 299 354; 48 91 324 352; 

39\119_119073.jpg
400 290
158 91 367 246; 165 84 372 218; 168 85 372 222; 

39\119_119076.jpg
400 311
29 39 293 308; 36 42 294 305; 35 41 293 305; 

39\119_119105.jpg
400 266
157 103 292 199; 159 113 283 187; 141 99 295 199; 

39\119_119106.jpg
400 336
24 61 332 318; 28 61 325 309; 26 57 326 311; 

39\119_119182.jpg
400 300
110 36 308 247; 117 89 300 246; 119 87 302 246; 

39\119_119222.jpg
266 400
70 43 170 196; 77 44 165 194; 81 46 163 187; 

39\119_119258.jpg
400 266
36 49 201 231; 35 52 216 234; 37 52 202 231; 

39\119_119260.jpg
400 245
88 33 323 244; 162 27 325 245; 116 28 324 245; 

39\119_119291.jpg
400 266
95 25 347 222; 95 24 296 260; 95 24 250 86; 

39\119_119298.jpg
400 329
169 52 386 325; 222 72 400 329; 164 46 399 329; 

39\119_119304.jpg
354 400
29 146 289 348; 29 143 348 357; 31 143 346 356; 

39\119_119330.jpg
320 400
55 71 313 351; 59 73 316 348; 59 72 315 347; 

39\119_119336.jpg
400 387
143 82 399 380; 141 80 302 188; 143 81 301 212; 

39\119_119338.jpg
266 400
46 19 241 345; 52 22 242 344; 54 25 241 343; 

39\119_119402.jpg
266 400
58 42 216 260; 61 42 212 258; 60 44 266 400; 

39\119_119403.jpg
266 400
48 42 234 268; 51 44 230 269; 52 43 229 269; 

39\119_119404.jpg
266 400
16 62 227 259; 16 62 222 260; 14 60 222 261; 

39\119_119406.jpg
266 400
17 42 241 301; 16 48 239 303; 16 47 237 305; 

39\119_119418.jpg
266 400
71 23 182 372; 76 29 183 374; 77 29 183 400; 

39\119_119442.jpg
400 266
41 26 180 261; 41 22 181 262; 41 24 181 266; 

39\119_119443.jpg
400 266
87 11 345 252; 53 12 263 256; 51 11 365 258; 

39\119_119476.jpg
350 400
63 28 256 354; 59 21 222 357; 55 22 249 355; 

39\119_119519.jpg
400 320
28 97 365 254; 1 94 399 239; 2 95 398 269; 

39\119_119527.jpg
400 266
159 76 362 231; 159 73 364 238; 161 75 362 242; 

39\119_119553.jpg
400 314
28 30 282 204; 19 18 270 194; 23 19 270 196; 

39\119_119582.jpg
266 400
46 16 149 367; 67 27 161 373; 68 28 160 372; 

39\119_119618.jpg
400 320
18 36 317 281; 149 21 332 217; 149 22 329 218; 

39\119_119619.jpg
399 297
71 45 372 255; 68 47 368 256; 66 46 370 258; 

39\119_119631.jpg
400 300
244 51 365 258; 245 52 365 258; 244 53 364 258; 

39\119_119650.jpg
266 400
54 28 211 358; 58 29 203 356; 58 32 204 356; 

39\119_119694.jpg
400 303
16 55 220 291; 9 56 232 296; 6 56 232 297; 

39\119_119710.jpg
400 300
68 24 299 208; 70 24 299 207; 69 24 306 208; 

39\119_119720.jpg
400 275
132 22 339 245; 142 27 336 244; 141 21 334 241; 

39\119_119732.jpg
400 250
4 8 208 216; 5 8 209 215; 6 7 208 214; 

39\119_119733.jpg
400 300
48 32 295 271; 51 36 294 239; 51 35 294 241; 

39\119_119764.jpg
399 228
266 77 389 222; 264 79 389 221; 9 11 214 153; 

39\119_119774.jpg
400 243
13 87 367 201; 209 114 368 194; 12 86 368 194; 

39\119_119795.jpg
360 400
22 18 311 297; 105 112 310 297; 22 19 308 298; 

39\119_119814.jpg
400 300
48 52 369 246; 44 54 374 239; 45 58 381 242; 

39\119_119826.jpg
400 362
79 41 348 316; 84 48 246 301; 85 47 344 329; 

39\119_119883.jpg
400 201
13 28 368 162; 9 24 297 164; 11 23 400 162; 

39\119_119885.jpg
400 300
116 129 268 277; 114 130 271 269; 113 132 272 271; 

39\119_119901.jpg
400 319
79 52 263 267; 71 69 265 271; 38 66 270 265; 

39\119_119915.jpg
400 305
76 45 317 279; 77 46 326 277; 78 47 327 276; 

39\119_119918.jpg
400 276
103 11 371 251; 149 34 378 253; 148 34 379 252; 

39\119_119925.jpg
400 304
56 37 351 253; 34 60 326 283; 34 24 368 284; 

39\119_119930.jpg
400 363
122 37 318 259; 128 34 319 262; 123 36 318 254; 

39\119_119938.jpg
400 370
3 58 281 352; 126 104 284 308; 117 46 299 309; 

39\119_119942.jpg
301 399
15 6 176 274; 0 0 172 233; 0 0 172 235; 

39\119_119956.jpg
300 400
120 36 248 368; 121 38 246 363; 120 34 246 362; 

39\119_119962.jpg
400 300
60 69 262 193; 111 99 256 188; 112 71 257 186; 

39\119_119968.jpg
400 380
20 75 382 278; 17 73 214 254; 19 73 399 278; 

39\119_119986.jpg
400 273
46 54 328 234; 41 53 328 230; 42 54 329 226; 

39\119_119991.jpg
400 320
208 85 346 227; 214 85 336 185; 213 86 334 218; 

