248

40\120_120000.jpg
313 400
86 24 294 358; 85 4 291 362; 84 165 291 334; 

40\120_120001.jpg
400 400
65 45 387 281; 102 49 336 280; 106 48 318 280; 

40\120_120003.jpg
400 392
215 10 338 285; 195 174 321 322; 218 8 334 282; 

40\120_120009.jpg
400 300
11 78 388 228; 22 84 359 166; 1 79 398 198; 

40\120_120010.jpg
400 267
84 18 310 253; 84 51 171 155; 86 38 310 254; 

40\120_120011.jpg
400 320
24 21 245 298; 36 81 208 238; 1 0 218 238; 

40\120_120014.jpg
399 299
128 111 287 191; 127 111 285 185; 127 111 282 183; 

40\120_120015.jpg
400 342
72 69 272 258; 72 70 276 259; 72 69 263 259; 

40\120_120028.jpg
400 300
12 46 305 283; 115 76 268 255; 6 45 306 288; 

40\120_120030.jpg
400 265
170 127 360 246; 133 128 366 240; 174 129 366 242; 

40\120_120031.jpg
400 271
52 24 249 259; 52 24 248 248; 52 23 248 250; 

40\120_120033.jpg
400 398
11 4 358 279; 106 94 317 273; 135 107 312 271; 

40\120_120034.jpg
399 316
37 75 353 285; 36 77 246 209; 115 141 309 291; 

40\120_120037.jpg
318 400
91 14 249 363; 92 16 249 161; 92 16 249 362; 

40\120_120040.jpg
400 320
18 11 260 298; 40 78 219 240; 1 4 219 238; 

40\120_120045.jpg
400 300
15 9 265 291; 14 102 252 291; 14 10 263 291; 

40\120_120048.jpg
400 331
10 5 244 322; 12 59 241 286; 10 4 243 284; 

40\120_120055.jpg
294 400
92 7 286 264; 109 100 260 260; 91 6 285 260; 

40\120_120076.jpg
400 266
19 69 331 211; 19 68 326 209; 19 66 343 248; 

40\120_120077.jpg
400 387
67 65 317 308; 74 77 326 303; 74 79 322 302; 

40\120_120098.jpg
399 393
111 109 265 261; 125 119 260 252; 125 119 253 250; 

40\120_120101.jpg
400 299
111 30 303 262; 158 94 250 202; 106 32 309 266; 

40\120_120116.jpg
400 273
43 74 284 238; 46 109 239 238; 46 79 281 237; 

40\120_120123.jpg
266 400
86 32 264 209; 92 42 266 203; 92 44 264 202; 

40\120_120138.jpg
399 311
97 42 296 266; 203 148 297 267; 99 39 301 268; 

40\120_120149.jpg
400 307
92 28 318 204; 92 21 312 199; 95 25 313 202; 

40\120_120156.jpg
266 400
105 119 214 356; 106 162 216 355; 108 163 215 353; 

40\120_120157.jpg
400 324
12 51 325 298; 62 123 249 274; 12 52 323 303; 

40\120_120166.jpg
400 312
139 97 331 295; 156 102 318 285; 157 102 334 293; 

40\120_120175.jpg
300 400
58 55 194 233; 51 51 196 232; 52 54 195 232; 

40\120_120178.jpg
400 328
102 35 372 301; 163 131 371 302; 166 68 369 302; 

40\120_120190.jpg
399 319
117 97 374 306; 115 95 374 306; 119 96 374 260; 

40\120_120191.jpg
374 400
47 71 332 329; 46 74 330 329; 47 73 329 331; 

40\120_120196.jpg
303 399
64 37 274 380; 64 39 273 380; 66 40 274 400; 

40\120_120197.jpg
270 400
21 129 228 332; 22 133 229 329; 22 132 228 326; 

40\120_120198.jpg
400 266
106 38 344 198; 107 41 338 186; 108 36 338 184; 

40\120_120200.jpg
400 234
81 19 291 214; 82 21 296 214; 81 10 296 235; 

40\120_120201.jpg
400 380
186 89 371 330; 196 87 364 278; 196 88 362 278; 

40\120_120236.jpg
400 276
29 70 303 209; 141 114 253 197; 18 64 326 231; 

40\120_120251.jpg
400 234
143 4 378 135; 162 12 282 134; 203 54 282 134; 

40\120_120253.jpg
400 346
16 166 167 316; 18 166 166 314; 18 166 164 313; 

40\120_120282.jpg
400 321
6 22 268 297; 7 22 272 301; 6 22 265 297; 

40\120_120290.jpg
400 266
24 70 346 263; 24 72 347 203; 22 71 347 266; 

40\120_120291.jpg
400 323
8 76 201 275; 8 77 203 276; 9 77 203 277; 

40\120_120294.jpg
400 266
125 18 297 257; 124 14 299 251; 115 18 299 266; 

40\120_120318.jpg
400 266
42 18 217 257; 30 9 213 213; 32 11 212 266; 

40\120_120319.jpg
266 399
37 13 221 277; 32 7 216 226; 31 26 223 264; 

40\120_120328.jpg
400 300
151 10 373 232; 212 29 340 196; 154 11 369 231; 

40\120_120355.jpg
400 400
66 68 292 184; 62 69 240 186; 26 37 307 218; 

40\120_120371.jpg
306 400
12 138 222 356; 40 236 186 353; 10 134 221 357; 

40\120_120378.jpg
400 320
155 102 326 274; 146 102 326 269; 147 104 326 278; 

40\120_120383.jpg
400 383
41 46 218 376; 37 115 218 374; 38 9 354 372; 

40\120_120388.jpg
400 320
41 118 384 282; 134 133 379 236; 134 132 378 236; 

40\120_120391.jpg
400 266
162 40 261 220; 165 39 259 224; 167 40 399 225; 

40\120_120392.jpg
400 320
169 64 398 206; 171 68 337 195; 172 64 400 197; 

40\120_120394.jpg
318 400
16 17 266 261; 19 16 264 259; 19 16 266 263; 

40\120_120420.jpg
398 400
31 75 302 346; 31 74 231 342; 31 78 298 345; 

40\120_120423.jpg
400 265
43 8 246 234; 46 42 245 231; 45 33 245 230; 

40\120_120436.jpg
400 300
91 24 272 256; 89 26 284 205; 90 10 266 296; 

40\120_120448.jpg
300 400
70 30 214 376; 71 27 212 374; 67 28 211 375; 

40\120_120451.jpg
400 266
6 87 376 224; 7 88 377 226; 8 84 378 225; 

40\120_120454.jpg
400 300
80 26 275 243; 78 26 278 260; 79 26 276 260; 

40\120_120482.jpg
400 266
100 18 340 263; 98 19 351 264; 98 20 350 264; 

40\120_120530.jpg
320 400
19 101 308 292; 18 158 199 259; 19 101 320 282; 

40\120_120534.jpg
400 320
159 38 369 232; 161 39 365 232; 162 36 365 235; 

40\120_120549.jpg
400 400
71 26 327 369; 109 66 289 326; 111 68 289 324; 

40\120_120550.jpg
399 399
90 53 316 353; 124 88 281 321; 126 90 281 319; 

40\120_120553.jpg
400 299
38 29 361 236; 58 33 364 237; 58 31 363 234; 

40\120_120589.jpg
400 267
43 12 278 243; 128 2 275 198; 1 1 276 231; 

40\120_120636.jpg
400 301
132 99 390 287; 130 101 385 289; 134 101 386 283; 

40\120_120641.jpg
400 400
34 36 206 392; 32 35 208 392; 34 39 206 392; 

40\120_120642.jpg
400 336
32 29 278 326; 72 126 230 312; 24 30 275 308; 

40\120_120647.jpg
400 300
79 26 277 260; 79 29 280 260; 79 28 276 260; 

40\120_120649.jpg
266 400
68 54 230 253; 66 55 228 255; 67 56 230 381; 

40\120_120650.jpg
400 246
148 16 380 245; 151 47 382 246; 151 16 391 246; 

40\120_120651.jpg
199 400
14 210 183 358; 14 211 183 354; 12 209 182 400; 

40\120_120698.jpg
400 276
138 16 336 241; 11 15 398 274; 160 16 331 186; 

40\120_120703.jpg
400 291
161 151 392 288; 171 150 396 285; 148 140 399 291; 

40\120_120711.jpg
300 400
76 76 272 348; 72 86 261 346; 76 82 279 343; 

40\120_120717.jpg
399 372
103 42 320 314; 101 43 320 311; 104 42 318 315; 

40\120_120729.jpg
400 267
125 50 313 156; 124 51 354 159; 123 50 351 162; 

40\120_120740.jpg
400 285
73 17 352 206; 51 19 357 212; 48 16 353 259; 

40\120_120746.jpg
266 400
45 34 216 366; 46 37 217 361; 45 35 215 400; 

40\120_120750.jpg
384 400
19 18 258 396; 19 28 261 395; 18 13 257 396; 

40\120_120751.jpg
400 266
119 11 312 257; 119 13 314 266; 118 11 326 266; 

40\120_120771.jpg
400 320
96 22 304 309; 98 19 308 312; 98 21 304 309; 

40\120_120774.jpg
266 400
42 15 188 394; 39 18 187 249; 39 14 186 394; 

40\120_120781.jpg
300 400
4 61 286 251; 1 61 296 254; 1 60 298 251; 

40\120_120789.jpg
400 306
148 17 295 298; 147 16 299 256; 143 18 298 249; 

40\120_120806.jpg
400 303
57 86 289 282; 55 88 250 286; 58 88 272 283; 

40\120_120808.jpg
400 200
11 4 251 158; 23 6 272 152; 14 1 269 198; 

40\120_120812.jpg
400 400
38 109 365 333; 37 116 279 332; 40 61 368 331; 

40\120_120841.jpg
400 301
58 2 214 182; 55 4 211 177; 58 0 211 178; 

40\120_120849.jpg
400 284
76 39 358 229; 83 41 362 228; 74 41 358 226; 

40\120_120867.jpg
374 400
13 13 252 376; 7 6 215 268; 1 0 212 262; 

40\120_120869.jpg
400 265
26 11 263 261; 76 7 151 123; 28 1 279 265; 

40\120_120878.jpg
265 400
8 37 252 288; 17 42 259 291; 17 39 262 293; 

40\120_120880.jpg
400 265
176 29 336 197; 2 26 334 194; 0 26 332 190; 

40\120_120881.jpg
400 265
84 1 330 138; 106 3 331 136; 106 1 331 133; 

40\120_120882.jpg
400 265
69 65 229 216; 81 65 238 224; 74 67 236 224; 

40\120_120883.jpg
265 400
47 216 244 391; 63 212 263 399; 95 214 190 350; 

40\120_120893.jpg
305 400
54 66 262 286; 58 83 256 286; 2 28 256 284; 

40\120_120899.jpg
400 266
82 9 328 262; 136 11 278 221; 136 11 256 132; 

40\120_120900.jpg
400 266
41 71 316 263; 61 98 145 219; 60 96 167 218; 

40\120_120905.jpg
400 266
14 77 341 242; 23 82 242 186; 22 80 239 197; 

40\120_120968.jpg
277 400
51 109 252 311; 79 69 226 187; 52 67 264 313; 

40\121_121002.jpg
266 400
21 72 214 311; 18 88 226 311; 46 52 226 312; 

40\121_121003.jpg
400 266
47 75 378 262; 132 94 283 266; 52 18 382 266; 

40\121_121038.jpg
400 300
129 40 278 292; 130 45 278 237; 94 20 322 232; 

40\121_121039.jpg
400 327
104 79 359 273; 104 98 294 271; 106 51 372 271; 

40\121_121090.jpg
400 266
162 78 372 231; 160 78 373 236; 162 79 371 231; 

40\121_121133.jpg
390 400
15 66 231 375; 20 65 228 397; 21 67 229 334; 

40\121_121194.jpg
400 296
44 25 356 238; 38 32 362 239; 43 30 360 239; 

40\121_121200.jpg
400 263
50 116 176 242; 50 116 176 243; 51 117 176 239; 

40\121_121203.jpg
399 305
69 91 363 283; 59 92 367 288; 65 92 364 284; 

40\121_121207.jpg
400 266
103 49 276 193; 118 39 298 202; 107 40 307 198; 

40\121_121217.jpg
400 271
34 21 236 268; 34 19 237 271; 34 21 235 271; 

40\121_121226.jpg
400 266
27 58 312 166; 27 56 312 169; 28 58 311 218; 

40\121_121240.jpg
300 400
69 45 242 379; 70 47 242 377; 71 48 246 379; 

40\121_121276.jpg
340 400
91 61 245 284; 88 62 244 260; 88 63 245 259; 

40\121_121302.jpg
400 202
111 39 306 200; 115 42 305 202; 115 42 304 202; 

40\121_121305.jpg
266 400
66 125 238 302; 64 126 235 307; 64 128 234 348; 

40\121_121321.jpg
400 294
152 18 354 288; 154 11 363 294; 154 11 362 294; 

40\121_121328.jpg
305 400
35 163 238 378; 34 164 239 377; 36 164 237 376; 

40\121_121331.jpg
290 400
18 82 258 355; 98 81 231 285; 18 81 260 350; 

40\121_121334.jpg
400 262
58 31 258 199; 151 32 233 171; 1 31 249 202; 

40\121_121340.jpg
300 400
74 64 280 356; 79 69 272 320; 79 67 278 319; 

40\121_121347.jpg
400 320
40 76 298 292; 41 79 260 296; 43 80 259 294; 

40\121_121348.jpg
239 400
27 27 158 396; 27 14 147 296; 9 14 162 400; 

40\121_121359.jpg
400 300
6 9 241 226; 8 21 238 224; 10 13 238 223; 

40\121_121361.jpg
265 400
70 92 202 304; 73 94 203 285; 61 26 202 382; 

40\121_121392.jpg
400 266
172 28 345 254; 170 29 346 221; 166 27 346 266; 

40\121_121396.jpg
400 266
91 22 266 254; 95 27 263 231; 98 19 264 231; 

40\121_121402.jpg
364 400
118 25 349 383; 118 22 351 322; 118 23 351 400; 

40\121_121406.jpg
320 400
43 128 239 391; 42 130 263 338; 47 129 173 400; 

40\121_121416.jpg
320 400
53 130 239 389; 48 128 261 338; 46 129 172 400; 

40\121_121455.jpg
400 266
22 24 194 178; 24 26 193 177; 25 25 194 178; 

40\121_121461.jpg
351 400
124 34 298 266; 124 33 300 260; 124 35 297 254; 

40\121_121466.jpg
316 400
51 38 265 385; 53 134 236 379; 55 44 268 378; 

40\121_121490.jpg
400 300
81 12 314 277; 90 29 324 291; 109 32 310 259; 

40\121_121497.jpg
320 400
64 7 264 389; 144 8 215 156; 63 9 264 400; 

40\121_121502.jpg
400 301
105 26 291 189; 106 26 284 187; 85 26 296 188; 

40\121_121519.jpg
400 399
56 59 301 392; 55 144 287 380; 56 66 301 385; 

40\121_121533.jpg
400 266
123 28 313 252; 125 15 318 254; 121 14 314 256; 

40\121_121578.jpg
399 283
93 12 354 258; 67 7 308 268; 53 6 354 268; 

40\121_121580.jpg
400 285
88 11 334 268; 149 75 336 273; 91 3 334 268; 

40\121_121584.jpg
400 330
152 40 341 271; 151 46 341 267; 151 46 339 268; 

40\121_121586.jpg
266 400
5 13 181 369; 3 11 178 347; 3 7 186 398; 

40\121_121606.jpg
372 400
108 3 334 191; 148 11 333 187; 148 11 334 188; 

40\121_121608.jpg
400 266
56 28 263 260; 60 27 239 264; 59 30 238 266; 

40\121_121615.jpg
300 400
6 44 245 304; 188 56 248 138; 188 56 248 139; 

40\121_121628.jpg
400 276
185 108 302 212; 185 108 299 209; 187 109 300 208; 

40\121_121632.jpg
400 266
185 52 344 230; 186 60 338 264; 186 51 341 219; 

40\121_121638.jpg
266 400
6 164 248 337; 2 170 240 305; 1 172 248 358; 

40\121_121645.jpg
400 194
146 9 374 189; 147 4 371 194; 146 4 372 194; 

40\121_121710.jpg
400 300
94 65 374 285; 92 64 379 284; 93 64 378 284; 

40\121_121719.jpg
325 400
111 48 283 212; 111 48 291 210; 110 48 290 213; 

40\121_121737.jpg
300 400
60 49 250 355; 61 48 249 286; 59 48 248 400; 

40\121_121738.jpg
400 270
98 59 278 251; 153 58 278 146; 178 60 278 179; 

40\121_121746.jpg
400 344
119 49 338 209; 115 48 316 214; 114 34 399 344; 

40\121_121755.jpg
286 400
23 93 264 315; 63 138 216 244; 16 10 266 313; 

40\121_121769.jpg
400 266
78 30 275 242; 78 51 274 240; 81 4 274 240; 

40\121_121779.jpg
280 400
109 61 187 281; 68 61 206 351; 109 64 186 279; 

40\121_121791.jpg
400 308
207 29 351 303; 209 30 352 308; 209 31 354 308; 

40\121_121803.jpg
400 362
154 64 392 360; 154 56 308 169; 156 69 309 179; 

40\121_121832.jpg
281 400
15 170 265 367; 15 171 266 367; 15 171 266 398; 

40\121_121834.jpg
400 323
37 36 299 298; 38 36 298 296; 37 38 298 302; 

40\121_121857.jpg
382 400
25 42 199 358; 22 36 200 353; 22 38 306 394; 

40\121_121861.jpg
400 266
62 42 167 244; 65 52 168 241; 66 29 168 241; 

40\121_121896.jpg
400 315
47 108 317 241; 122 110 308 245; 123 110 307 244; 

40\121_121899.jpg
400 295
87 76 211 261; 91 19 229 187; 93 22 228 266; 

40\121_121901.jpg
388 399
75 85 277 337; 124 82 274 234; 81 83 273 336; 

40\121_121903.jpg
317 399
40 35 230 354; 43 116 193 353; 43 40 251 353; 

40\121_121905.jpg
400 300
88 119 264 235; 82 123 264 211; 82 123 263 245; 

40\121_121908.jpg
400 280
6 95 291 274; 71 95 302 269; 71 96 151 142; 

40\121_121909.jpg
400 261
123 57 375 251; 124 57 281 217; 124 59 398 259; 

40\121_121911.jpg
300 400
97 11 279 353; 98 13 280 61; 98 13 278 356; 

40\121_121928.jpg
400 390
91 74 292 384; 141 101 318 295; 88 13 344 271; 

40\121_121976.jpg
363 400
24 43 346 295; 24 42 345 297; 25 42 345 296; 

40\121_121982.jpg
400 298
36 22 201 284; 38 22 201 284; 38 22 201 284; 

40\121_121987.jpg
400 306
25 82 256 249; 26 86 256 186; 26 87 256 186; 

40\122_122004.jpg
400 268
178 143 378 258; 178 142 382 258; 178 144 381 257; 

40\122_122013.jpg
269 400
27 37 226 233; 25 40 228 229; 27 39 229 250; 

40\122_122016.jpg
400 305
94 148 361 278; 91 82 363 285; 90 82 363 284; 

40\122_122019.jpg
300 400
25 41 255 304; 21 38 265 288; 20 41 298 338; 

40\122_122035.jpg
265 400
25 52 216 381; 24 50 174 400; 71 49 171 152; 

40\122_122042.jpg
400 320
169 68 361 312; 172 65 358 287; 174 67 254 160; 

40\122_122047.jpg
289 400
75 14 232 392; 59 8 259 392; 61 12 259 392; 

40\122_122070.jpg
321 400
68 59 284 320; 50 57 300 318; 58 34 222 266; 

40\122_122073.jpg
400 266
150 62 338 261; 148 61 384 266; 149 62 376 264; 

40\122_122155.jpg
311 400
8 47 301 292; 6 46 306 292; 9 49 306 332; 

40\122_122172.jpg
400 313
161 76 388 297; 158 80 388 304; 159 80 388 303; 

40\122_122186.jpg
400 313
41 19 219 295; 42 68 214 299; 42 9 222 298; 

40\122_122191.jpg
400 266
74 18 338 249; 94 24 336 262; 88 1 341 262; 

40\122_122204.jpg
400 266
71 48 323 208; 42 59 316 183; 28 23 388 231; 

40\122_122207.jpg
320 400
154 109 256 381; 153 5 257 239; 154 6 256 395; 

40\122_122228.jpg
400 320
79 45 331 238; 79 48 331 239; 79 46 365 278; 

40\122_122242.jpg
400 305
44 39 172 148; 42 33 173 160; 41 32 174 158; 

40\122_122254.jpg
320 400
56 14 242 385; 53 14 245 289; 53 17 251 400; 

40\122_122262.jpg
400 300
76 24 321 252; 76 42 324 212; 76 13 343 211; 

40\122_122273.jpg
400 300
150 6 376 292; 201 2 366 220; 152 3 393 218; 

40\122_122306.jpg
400 320
225 166 338 280; 226 169 339 279; 225 168 339 279; 

40\122_122384.jpg
400 367
247 42 366 326; 237 43 367 322; 165 2 365 323; 

40\122_122401.jpg
400 320
28 38 211 212; 26 31 206 194; 29 32 206 199; 

40\122_122407.jpg
400 266
51 54 352 171; 50 54 372 169; 50 54 373 168; 

40\122_122470.jpg
282 400
30 30 176 381; 28 51 180 400; 27 17 181 400; 

40\122_122473.jpg
400 288
28 14 260 242; 26 11 260 243; 22 12 276 275; 

40\122_122488.jpg
321 400
27 10 268 290; 26 10 254 274; 27 10 267 288; 

40\122_122489.jpg
400 266
128 8 320 265; 130 46 296 266; 131 2 328 266; 

40\122_122492.jpg
400 320
99 9 388 241; 152 8 388 249; 154 10 387 248; 

40\122_122501.jpg
400 320
114 9 352 258; 119 60 342 244; 116 1 351 255; 

40\122_122533.jpg
400 300
164 16 386 292; 169 19 381 216; 184 17 376 263; 

40\122_122534.jpg
300 400
51 38 239 369; 48 89 239 296; 47 36 238 298; 

40\122_122535.jpg
400 300
166 12 334 240; 166 14 334 214; 165 15 334 212; 

40\122_122536.jpg
300 400
28 21 236 281; 21 21 248 228; 29 21 246 228; 

40\122_122545.jpg
400 319
156 26 381 262; 155 24 386 262; 157 26 384 262; 

40\122_122555.jpg
400 265
160 15 394 230; 159 14 395 256; 159 17 396 257; 

40\122_122582.jpg
400 276
21 43 365 225; 21 43 378 224; 19 42 378 224; 

40\122_122683.jpg
300 400
37 138 270 397; 87 142 262 338; 79 41 299 332; 

40\122_122684.jpg
400 301
4 18 255 289; 6 21 256 203; 6 23 270 301; 

40\122_122685.jpg
400 326
178 31 394 322; 172 22 399 277; 170 23 400 326; 

40\122_122763.jpg
266 400
122 24 229 389; 114 21 236 331; 112 19 236 396; 

40\122_122770.jpg
400 350
149 57 352 311; 144 58 352 324; 151 54 351 317; 

40\122_122772.jpg
400 267
88 22 361 244; 84 22 287 244; 81 21 375 242; 

40\122_122776.jpg
266 400
72 128 249 388; 76 39 239 235; 59 41 259 397; 

40\122_122780.jpg
400 239
206 19 372 186; 211 17 375 179; 211 14 376 179; 

40\122_122783.jpg
400 266
198 82 351 222; 201 83 349 221; 199 82 346 221; 

40\122_122812.jpg
400 300
121 65 262 206; 124 71 285 209; 123 69 259 191; 

40\122_122822.jpg
400 171
100 75 387 165; 103 78 392 167; 103 77 392 169; 

40\122_122823.jpg
400 400
84 56 322 253; 86 59 269 246; 88 61 320 249; 

40\122_122828.jpg
400 400
14 66 371 328; 212 66 376 300; 212 66 374 299; 

40\122_122829.jpg
400 400
8 108 323 350; 76 110 383 249; 76 110 382 250; 

40\122_122831.jpg
400 300
131 8 333 295; 132 13 337 239; 132 3 334 240; 

40\122_122851.jpg
400 295
142 64 294 198; 141 64 291 194; 142 64 291 194; 

40\122_122857.jpg
300 400
74 82 272 370; 76 84 276 370; 78 86 274 373; 

40\122_122863.jpg
330 400
122 60 321 393; 122 59 321 395; 122 60 329 397; 

40\122_122869.jpg
400 300
77 23 248 294; 70 21 251 300; 70 21 251 300; 

40\122_122879.jpg
257 400
51 10 198 359; 50 13 224 383; 52 12 224 385; 

40\122_122887.jpg
400 266
57 11 238 245; 53 8 251 203; 54 8 249 195; 

40\122_122902.jpg
400 260
100 69 226 207; 108 78 219 196; 106 78 218 201; 

40\122_122904.jpg
238 400
15 68 147 388; 15 69 148 382; 17 68 146 400; 

40\122_122906.jpg
293 400
51 184 275 369; 53 182 273 368; 52 184 272 366; 

40\122_122907.jpg
308 400
16 196 261 361; 17 193 259 360; 16 195 259 359; 

40\122_122910.jpg
270 400
31 181 218 366; 32 183 221 367; 32 182 219 366; 

40\122_122940.jpg
230 400
18 148 207 338; 16 139 208 341; 14 142 207 341; 

40\122_122956.jpg
400 266
80 24 169 246; 82 24 166 248; 82 23 168 245; 

40\122_122977.jpg
400 246
17 9 219 167; 7 9 222 169; 8 7 223 167; 

40\122_122994.jpg
400 296
181 51 333 223; 179 18 334 221; 179 18 334 221; 

