368

44\132_132007.jpg
314 400
58 44 242 348; 58 42 257 352; 58 43 255 351; 

44\132_132015.jpg
400 281
113 4 267 274; 126 2 266 279; 115 1 265 281; 

44\132_132018.jpg
400 266
17 32 271 263; 19 26 281 266; 19 39 276 266; 

44\132_132021.jpg
400 266
47 68 348 242; 45 67 352 244; 45 69 354 243; 

44\132_132052.jpg
400 266
98 45 289 264; 95 48 289 266; 98 45 281 161; 

44\132_132057.jpg
266 400
28 98 220 390; 23 93 244 371; 20 92 242 370; 

44\132_132066.jpg
400 266
61 44 136 230; 62 48 132 226; 64 47 131 231; 

44\132_132074.jpg
400 265
14 11 223 252; 32 45 153 179; 31 45 151 187; 

44\132_132078.jpg
400 254
47 27 299 246; 43 28 379 249; 44 28 300 239; 

44\132_132082.jpg
400 277
78 33 272 259; 81 30 273 226; 82 26 272 232; 

44\132_132090.jpg
318 400
71 51 269 344; 87 116 254 324; 73 61 265 338; 

44\132_132091.jpg
400 320
99 50 295 240; 104 49 269 174; 102 50 326 320; 

44\132_132099.jpg
339 400
32 115 164 321; 33 113 150 318; 36 114 169 319; 

44\132_132100.jpg
266 400
89 40 172 328; 89 39 178 324; 89 38 178 325; 

44\132_132108.jpg
214 400
31 37 156 382; 32 35 161 382; 31 34 157 384; 

44\132_132117.jpg
300 400
22 67 254 329; 62 62 244 195; 63 61 229 196; 

44\132_132121.jpg
400 320
196 35 384 312; 258 61 381 231; 257 1 379 231; 

44\132_132126.jpg
400 266
95 74 256 257; 9 77 261 261; 12 79 270 266; 

44\132_132132.jpg
336 400
45 74 222 201; 76 73 220 191; 78 69 221 191; 

44\132_132147.jpg
400 270
74 21 263 265; 74 18 277 269; 72 18 276 270; 

44\132_132150.jpg
300 400
46 72 237 380; 78 81 206 149; 78 82 210 340; 

44\132_132158.jpg
400 300
138 131 387 270; 142 129 397 270; 141 118 394 266; 

44\132_132160.jpg
291 399
11 16 236 309; 62 64 228 313; 14 16 234 311; 

44\132_132169.jpg
368 400
78 4 248 331; 80 51 255 322; 80 1 252 324; 

44\132_132194.jpg
400 250
32 26 191 156; 28 20 198 154; 25 17 195 153; 

44\132_132221.jpg
400 400
54 61 334 377; 58 114 334 376; 57 76 331 379; 

44\132_132227.jpg
328 400
136 66 312 330; 137 64 317 332; 138 64 314 345; 

44\132_132238.jpg
400 320
118 42 366 292; 116 41 370 292; 116 42 369 294; 

44\132_132250.jpg
266 400
30 18 247 310; 56 106 218 299; 24 14 253 298; 

44\132_132251.jpg
298 400
38 112 287 347; 38 113 288 344; 38 113 288 344; 

44\132_132274.jpg
307 400
120 46 261 362; 121 48 238 359; 121 47 256 358; 

44\132_132275.jpg
380 400
38 34 298 347; 38 68 251 338; 15 19 374 338; 

44\132_132283.jpg
400 329
82 86 365 320; 156 83 369 294; 157 82 370 299; 

44\132_132284.jpg
323 400
80 133 283 377; 104 124 286 377; 80 122 284 378; 

44\132_132307.jpg
400 276
32 126 186 254; 35 123 185 248; 35 125 184 248; 

44\132_132308.jpg
297 400
131 12 281 378; 131 18 276 350; 134 20 276 347; 

44\132_132310.jpg
320 400
9 33 300 253; 6 34 305 252; 5 35 306 251; 

44\132_132327.jpg
277 400
8 156 199 396; 2 156 220 399; 2 160 220 400; 

44\132_132335.jpg
400 300
21 56 379 221; 30 61 366 216; 31 62 382 226; 

44\132_132341.jpg
400 271
1 69 123 251; 2 73 121 266; 1 72 121 264; 

44\132_132342.jpg
373 400
31 200 146 399; 32 202 142 399; 31 201 142 399; 

44\132_132353.jpg
400 266
103 86 359 261; 103 87 362 266; 104 86 240 266; 

44\132_132365.jpg
264 400
55 10 218 219; 58 15 213 219; 58 15 212 219; 

44\132_132368.jpg
400 300
128 15 360 284; 128 20 366 236; 128 15 376 289; 

44\132_132370.jpg
260 400
37 31 196 392; 38 28 196 399; 40 28 195 399; 

44\132_132379.jpg
400 300
123 6 393 194; 120 3 341 190; 122 3 392 191; 

44\132_132381.jpg
400 300
42 11 278 282; 41 9 277 292; 44 9 278 293; 

44\132_132386.jpg
295 400
32 164 206 351; 34 163 206 348; 34 164 203 348; 

44\132_132388.jpg
400 271
91 29 373 256; 94 31 311 226; 94 29 382 259; 

44\132_132400.jpg
266 400
41 33 200 337; 41 30 201 334; 41 7 200 338; 

44\132_132405.jpg
266 400
23 69 138 254; 24 71 138 251; 24 69 139 251; 

44\132_132414.jpg
400 351
18 102 278 336; 18 103 278 339; 16 103 278 336; 

44\132_132429.jpg
400 266
113 6 352 259; 113 1 239 191; 114 1 237 188; 

44\132_132431.jpg
400 300
141 44 358 298; 142 41 374 300; 144 38 376 300; 

44\132_132434.jpg
366 400
56 152 364 393; 56 152 311 374; 56 154 366 391; 

44\132_132446.jpg
400 266
108 1 313 212; 117 101 341 217; 86 0 340 213; 

44\132_132454.jpg
400 315
181 62 348 263; 179 89 281 259; 179 46 346 258; 

44\132_132455.jpg
383 400
126 34 289 390; 127 36 290 391; 127 40 286 400; 

44\132_132457.jpg
291 400
44 71 189 306; 46 69 186 311; 47 70 186 314; 

44\132_132478.jpg
400 320
23 78 274 287; 36 110 226 260; 16 98 226 269; 

44\132_132481.jpg
400 265
81 59 375 214; 83 61 373 211; 83 60 374 209; 

44\132_132483.jpg
348 400
24 66 288 381; 64 62 281 374; 62 57 290 372; 

44\132_132488.jpg
400 266
131 25 331 225; 133 28 351 165; 131 27 347 181; 

44\132_132489.jpg
400 266
104 11 336 264; 131 35 278 198; 132 0 301 230; 

44\132_132494.jpg
266 400
106 21 244 389; 106 24 245 336; 106 26 243 400; 

44\132_132501.jpg
260 399
25 14 238 204; 23 18 238 204; 26 17 237 202; 

44\132_132513.jpg
356 399
83 23 205 353; 81 23 199 347; 82 23 201 349; 

44\132_132515.jpg
400 233
46 34 341 149; 43 29 344 145; 43 32 346 145; 

44\132_132521.jpg
400 295
68 11 271 288; 72 1 278 232; 66 1 281 247; 

44\132_132523.jpg
400 299
171 135 386 296; 176 130 398 299; 173 131 399 299; 

44\132_132528.jpg
400 300
48 6 285 276; 71 18 272 238; 63 0 272 244; 

44\132_132553.jpg
400 270
61 71 201 231; 59 69 205 238; 58 69 206 205; 

44\132_132555.jpg
270 400
38 73 223 341; 33 75 222 342; 32 76 222 342; 

44\132_132562.jpg
400 270
38 79 358 219; 39 84 361 223; 41 83 365 216; 

44\132_132566.jpg
270 400
34 14 235 326; 23 48 248 327; 26 47 248 331; 

44\132_132570.jpg
270 400
46 71 238 316; 45 73 239 365; 36 64 223 331; 

44\132_132581.jpg
342 400
39 104 249 375; 41 102 241 369; 39 100 241 368; 

44\132_132583.jpg
400 298
26 9 273 288; 26 16 274 284; 28 16 273 284; 

44\132_132584.jpg
400 300
29 17 285 279; 28 24 284 281; 32 22 282 279; 

44\132_132594.jpg
400 300
73 99 216 299; 72 98 214 219; 72 99 213 216; 

44\132_132613.jpg
395 400
13 121 348 391; 16 118 346 368; 16 116 344 400; 

44\132_132615.jpg
400 328
78 112 253 308; 73 115 257 312; 74 115 256 309; 

44\132_132634.jpg
311 400
49 54 267 367; 42 51 269 366; 44 52 269 366; 

44\132_132672.jpg
300 400
36 51 229 266; 31 51 226 267; 32 50 225 267; 

44\132_132683.jpg
400 300
162 122 346 232; 166 127 342 229; 167 126 344 228; 

44\132_132690.jpg
400 240
204 85 350 182; 201 85 345 181; 204 86 344 182; 

44\132_132691.jpg
285 400
48 22 254 296; 64 89 239 292; 48 15 267 294; 

44\132_132692.jpg
400 266
26 17 281 250; 33 61 287 214; 32 0 286 214; 

44\132_132697.jpg
400 256
70 47 340 156; 69 68 271 120; 67 67 272 122; 

44\132_132715.jpg
400 300
44 46 186 287; 47 69 228 298; 48 42 226 300; 

44\132_132718.jpg
400 293
105 37 310 277; 107 58 223 211; 109 49 312 207; 

44\132_132726.jpg
400 300
92 1 301 292; 93 58 235 300; 94 0 303 300; 

44\132_132733.jpg
400 341
59 26 315 291; 44 17 291 286; 42 18 316 283; 

44\132_132745.jpg
400 300
36 17 272 291; 46 32 241 249; 41 4 276 300; 

44\132_132746.jpg
301 400
8 136 209 339; 18 131 196 329; 1 134 256 359; 

44\132_132767.jpg
400 266
13 17 175 259; 39 45 177 265; 13 0 171 265; 

44\132_132770.jpg
400 289
66 21 349 244; 64 20 347 195; 64 21 345 246; 

44\132_132774.jpg
400 268
99 48 350 248; 152 78 319 199; 136 71 353 239; 

44\132_132778.jpg
300 400
48 62 226 249; 45 57 204 241; 45 58 206 241; 

44\132_132782.jpg
400 400
12 18 256 386; 62 14 194 176; 61 16 195 176; 

44\132_132784.jpg
400 320
89 99 331 315; 97 95 332 320; 97 95 333 320; 

44\132_132800.jpg
400 266
242 121 368 255; 254 122 362 205; 256 122 360 201; 

44\132_132826.jpg
400 296
122 139 350 285; 125 139 358 291; 124 137 356 292; 

44\132_132827.jpg
320 400
6 141 313 386; 2 162 301 384; 1 162 320 384; 

44\132_132850.jpg
400 266
11 86 351 232; 49 88 357 233; 51 89 357 234; 

44\132_132858.jpg
337 399
26 96 317 366; 25 89 219 365; 17 91 313 367; 

44\132_132859.jpg
400 266
40 25 226 244; 41 25 229 245; 39 25 226 244; 

44\132_132868.jpg
400 266
40 5 248 256; 146 2 239 159; 138 6 249 246; 

44\132_132875.jpg
400 300
31 18 284 285; 34 14 254 236; 44 18 240 238; 

44\132_132900.jpg
400 300
168 16 308 287; 168 16 313 284; 169 16 312 282; 

44\132_132901.jpg
400 300
106 63 362 294; 108 66 362 261; 111 65 361 300; 

44\132_132918.jpg
400 314
42 32 301 286; 136 32 304 280; 29 33 303 280; 

44\132_132926.jpg
400 315
62 29 211 276; 67 26 218 276; 68 22 216 273; 

44\132_132931.jpg
400 300
117 4 287 277; 118 48 289 290; 116 31 288 289; 

44\132_132944.jpg
378 399
28 200 210 324; 30 112 329 324; 28 112 329 327; 

44\132_132985.jpg
308 400
14 108 301 281; 42 110 261 205; 41 112 254 209; 

44\132_132990.jpg
400 300
63 67 305 266; 146 65 305 231; 58 66 302 271; 

44\133_133010.jpg
400 278
51 46 292 219; 44 51 384 212; 44 50 386 214; 

44\133_133016.jpg
364 399
63 22 297 342; 64 23 304 324; 65 21 300 330; 

44\133_133022.jpg
300 400
34 34 248 369; 81 31 248 344; 26 32 247 375; 

44\133_133027.jpg
400 266
16 26 184 258; 15 26 185 256; 16 28 184 253; 

44\133_133041.jpg
314 399
152 109 299 390; 161 91 302 388; 161 92 311 388; 

44\133_133055.jpg
370 400
8 3 210 386; 51 38 213 271; 7 0 206 388; 

44\133_133056.jpg
400 318
158 67 394 313; 159 69 397 297; 159 71 399 318; 

44\133_133063.jpg
256 400
20 24 162 198; 26 21 169 196; 36 23 166 114; 

44\133_133064.jpg
400 300
142 17 338 296; 142 51 340 252; 140 4 343 254; 

44\133_133066.jpg
400 300
77 41 334 292; 81 41 244 226; 79 42 337 300; 

44\133_133075.jpg
320 400
75 32 253 360; 79 34 251 358; 76 37 254 364; 

44\133_133086.jpg
400 300
102 71 318 282; 104 71 317 276; 103 70 316 279; 

44\133_133099.jpg
400 301
32 25 222 181; 17 23 241 209; 19 30 228 185; 

44\133_133100.jpg
400 295
29 51 203 235; 31 54 200 223; 31 54 198 224; 

44\133_133101.jpg
300 400
11 242 192 325; 16 246 189 325; 16 246 187 320; 

44\133_133124.jpg
400 322
126 21 364 314; 129 68 320 239; 128 4 386 269; 

44\133_133136.jpg
400 266
180 16 379 251; 166 10 370 265; 189 9 382 183; 

44\133_133142.jpg
400 303
148 62 260 226; 130 64 258 229; 144 64 257 221; 

44\133_133154.jpg
400 266
142 18 311 243; 72 21 270 149; 44 11 310 244; 

44\133_133160.jpg
266 400
77 80 236 275; 75 80 236 274; 77 79 236 274; 

44\133_133166.jpg
400 300
18 72 240 205; 18 73 246 204; 18 72 244 202; 

44\133_133167.jpg
266 400
79 68 186 361; 83 72 188 361; 84 71 187 361; 

44\133_133170.jpg
266 400
31 86 226 334; 31 89 228 279; 66 118 226 279; 

44\133_133175.jpg
400 285
257 61 363 253; 256 82 350 255; 249 28 385 212; 

44\133_133176.jpg
400 200
116 57 391 189; 116 56 398 197; 118 57 400 200; 

44\133_133179.jpg
400 303
86 26 279 271; 89 28 279 218; 92 27 279 274; 

44\133_133201.jpg
324 400
28 178 202 351; 32 174 199 350; 29 175 200 348; 

44\133_133206.jpg
400 266
162 20 393 183; 235 28 368 169; 159 6 386 168; 

44\133_133213.jpg
268 400
31 66 222 398; 54 61 223 352; 57 19 241 256; 

44\133_133217.jpg
400 266
116 28 324 260; 127 28 274 232; 129 1 376 231; 

44\133_133219.jpg
400 266
131 30 365 261; 133 31 362 264; 132 32 364 264; 

44\133_133221.jpg
400 266
8 2 221 231; 5 12 222 227; 6 3 222 221; 

44\133_133232.jpg
400 234
38 110 198 205; 29 109 199 204; 32 110 198 204; 

44\133_133237.jpg
300 400
70 39 252 301; 73 42 249 299; 71 39 248 216; 

44\133_133238.jpg
300 400
115 12 248 391; 111 10 248 259; 107 10 260 400; 

44\133_133239.jpg
400 300
70 61 312 218; 74 64 225 179; 75 66 224 179; 

44\133_133240.jpg
300 400
39 86 289 338; 44 76 280 326; 43 76 298 325; 

44\133_133241.jpg
300 400
81 68 232 396; 78 84 226 383; 81 84 237 384; 

44\133_133244.jpg
400 300
41 41 358 219; 38 52 356 217; 41 40 356 218; 

44\133_133247.jpg
400 300
92 28 186 289; 98 56 179 283; 97 26 178 284; 

44\133_133249.jpg
400 269
28 59 272 251; 28 64 273 210; 29 63 272 254; 

44\133_133252.jpg
400 281
110 101 385 254; 112 125 387 253; 114 84 386 254; 

44\133_133254.jpg
266 400
14 20 163 206; 38 61 161 191; 1 1 178 191; 

44\133_133256.jpg
330 400
62 41 281 220; 68 40 267 212; 66 22 280 216; 

44\133_133264.jpg
400 266
72 86 341 226; 69 89 290 236; 68 89 338 216; 

44\133_133276.jpg
400 263
115 16 365 249; 117 13 298 240; 121 14 320 236; 

44\133_133279.jpg
400 218
135 8 331 211; 123 12 332 219; 148 8 271 146; 

44\133_133287.jpg
400 266
72 12 309 239; 71 9 305 238; 73 9 303 239; 

44\133_133288.jpg
400 248
141 52 334 235; 143 51 329 248; 144 51 357 248; 

44\133_133291.jpg
400 266
9 40 176 178; 5 34 174 172; 4 38 172 173; 

44\133_133295.jpg
400 228
268 74 384 196; 270 76 381 227; 269 76 384 229; 

44\133_133309.jpg
400 284
50 56 294 269; 50 61 299 270; 52 59 298 271; 

44\133_133335.jpg
399 271
63 58 379 215; 158 62 365 149; 62 66 399 211; 

44\133_133357.jpg
400 261
91 81 366 244; 96 85 368 240; 96 85 367 239; 

44\133_133358.jpg
400 388
126 74 353 381; 201 160 357 388; 206 164 354 384; 

44\133_133364.jpg
400 336
136 58 310 259; 167 75 313 255; 184 71 307 267; 

44\133_133376.jpg
400 266
61 14 319 258; 81 79 262 242; 56 2 313 240; 

44\133_133388.jpg
399 400
124 54 371 379; 126 48 371 400; 127 48 371 400; 

44\133_133389.jpg
300 400
25 66 188 314; 48 66 189 314; 51 67 186 310; 

44\133_133391.jpg
300 400
69 52 233 389; 72 51 231 400; 70 52 240 400; 

44\133_133397.jpg
400 266
98 41 289 196; 95 42 291 163; 96 43 290 192; 

44\133_133400.jpg
400 266
112 20 345 253; 197 22 337 204; 199 23 333 186; 

44\133_133405.jpg
400 266
199 111 380 261; 202 106 372 266; 206 128 351 266; 

44\133_133413.jpg
400 320
215 47 356 204; 218 44 318 203; 219 48 365 205; 

44\133_133414.jpg
400 288
27 35 246 263; 28 36 244 267; 29 35 244 264; 

44\133_133417.jpg
400 266
159 46 312 180; 159 42 306 155; 159 48 306 155; 

44\133_133433.jpg
400 266
141 66 278 242; 148 74 259 242; 115 58 320 266; 

44\133_133459.jpg
400 266
48 9 292 258; 167 9 289 250; 41 9 287 258; 

44\133_133464.jpg
400 270
41 66 337 211; 42 71 389 212; 42 70 337 203; 

44\133_133475.jpg
300 400
28 171 291 349; 34 98 285 362; 19 172 286 359; 

44\133_133490.jpg
400 266
116 21 321 258; 114 20 324 258; 117 20 320 258; 

44\133_133491.jpg
266 400
43 79 156 361; 48 76 158 356; 47 78 155 356; 

44\133_133494.jpg
400 299
7 5 239 295; 1 37 200 239; 1 0 199 239; 

44\133_133499.jpg
400 301
10 10 257 298; 53 75 242 285; 0 0 263 284; 

44\133_133511.jpg
266 400
6 63 159 341; 14 60 158 295; 12 65 162 295; 

44\133_133517.jpg
400 266
30 49 229 263; 29 46 187 266; 34 47 187 266; 

44\133_133518.jpg
400 266
59 29 261 265; 51 28 282 266; 56 29 282 266; 

44\133_133523.jpg
295 400
44 107 176 331; 47 110 180 338; 48 109 179 336; 

44\133_133524.jpg
400 320
141 70 311 213; 141 61 326 219; 142 63 326 214; 

44\133_133539.jpg
320 400
77 42 224 375; 74 40 222 375; 77 40 221 379; 

44\133_133570.jpg
400 320
38 74 260 189; 41 26 259 188; 38 27 259 188; 

44\133_133572.jpg
400 266
2 80 194 229; 3 35 195 190; 0 82 176 192; 

44\133_133593.jpg
400 400
127 28 298 356; 131 86 306 358; 128 85 304 359; 

44\133_133603.jpg
294 400
69 11 212 386; 69 10 211 397; 70 11 212 395; 

44\133_133636.jpg
400 312
7 65 250 309; 1 66 247 312; 0 67 250 312; 

44\133_133638.jpg
400 266
162 21 358 246; 156 19 391 250; 163 20 357 249; 

44\133_133656.jpg
266 400
39 64 187 392; 28 57 211 263; 31 56 212 262; 

44\133_133660.jpg
399 287
156 102 387 284; 154 96 397 284; 155 99 396 284; 

44\133_133674.jpg
400 293
1 74 316 288; 106 65 313 248; 109 66 315 248; 

44\133_133677.jpg
266 399
49 26 228 276; 54 28 189 217; 50 27 189 215; 

44\133_133678.jpg
266 399
60 8 222 209; 60 3 183 180; 62 2 185 160; 

44\133_133679.jpg
266 399
21 5 242 285; 38 1 170 191; 11 2 167 189; 

44\133_133693.jpg
300 400
106 147 294 380; 109 152 292 381; 112 148 291 382; 

44\133_133698.jpg
400 265
98 16 229 260; 95 11 230 262; 98 14 229 265; 

44\133_133702.jpg
400 276
59 71 318 251; 38 72 311 256; 32 75 312 269; 

44\133_133726.jpg
400 320
49 95 279 251; 47 89 305 249; 47 91 303 288; 

44\133_133732.jpg
400 339
52 51 349 283; 51 52 345 247; 51 50 348 275; 

44\133_133746.jpg
400 283
57 31 350 256; 58 33 348 257; 58 33 347 258; 

44\133_133759.jpg
400 303
84 33 309 249; 88 35 306 246; 88 36 307 246; 

44\133_133761.jpg
399 266
32 28 238 243; 33 27 236 240; 35 28 235 239; 

44\133_133770.jpg
297 400
71 3 266 307; 69 1 266 324; 68 1 266 328; 

44\133_133782.jpg
400 281
115 22 335 256; 119 86 323 252; 113 19 351 250; 

44\133_133800.jpg
400 400
76 42 339 381; 101 55 302 384; 84 34 348 378; 

44\133_133804.jpg
400 388
82 58 322 320; 98 98 309 314; 61 22 311 314; 

44\133_133812.jpg
400 266
74 36 234 266; 73 34 244 266; 76 37 238 266; 

44\133_133841.jpg
400 266
92 4 288 262; 124 81 243 265; 96 1 288 266; 

44\133_133858.jpg
400 266
28 6 271 232; 31 2 255 231; 29 0 256 232; 

44\133_133882.jpg
400 300
48 101 224 203; 46 100 296 207; 46 101 223 207; 

44\133_133888.jpg
306 400
99 185 301 396; 98 184 279 379; 98 185 306 400; 

44\133_133904.jpg
400 266
29 81 114 264; 36 84 109 264; 36 82 110 262; 

44\133_133920.jpg
400 320
6 11 271 268; 11 9 269 270; 4 16 269 271; 

44\133_133923.jpg
400 313
48 38 337 294; 44 38 330 292; 44 38 398 299; 

44\133_133950.jpg
400 266
221 82 372 247; 218 81 370 254; 221 81 372 253; 

44\133_133965.jpg
400 300
86 59 288 209; 84 59 294 201; 82 57 294 201; 

44\133_133974.jpg
400 245
70 121 320 223; 70 122 322 228; 72 122 324 229; 

44\133_133976.jpg
302 400
29 89 187 381; 38 96 184 328; 39 97 183 393; 

44\133_133978.jpg
400 266
85 13 331 258; 84 14 328 189; 87 8 328 266; 

44\133_133983.jpg
400 300
83 17 310 283; 86 30 281 188; 88 31 281 281; 

44\133_133988.jpg
400 225
35 46 363 182; 37 45 362 187; 40 47 363 188; 

44\133_133990.jpg
400 266
28 99 238 230; 29 99 234 222; 29 102 236 238; 

44\133_133997.jpg
387 400
25 44 358 281; 26 81 186 285; 26 16 364 272; 

44\134_134009.jpg
400 303
81 84 232 296; 82 76 263 298; 79 76 265 298; 

44\134_134047.jpg
263 400
52 56 215 267; 86 83 193 258; 63 59 210 281; 

44\134_134054.jpg
400 315
54 42 236 263; 52 41 236 268; 54 42 236 268; 

44\134_134065.jpg
320 400
67 35 294 345; 65 31 299 326; 63 31 297 358; 

44\134_134087.jpg
400 286
28 44 281 246; 37 44 258 239; 17 40 284 258; 

44\134_134095.jpg
300 400
0 56 207 348; 2 64 204 341; 1 62 204 351; 

44\134_134099.jpg
400 266
182 32 344 224; 182 59 343 228; 182 59 343 226; 

44\134_134113.jpg
400 400
99 112 313 377; 209 151 313 356; 65 116 313 383; 

44\134_134121.jpg
400 266
79 26 354 244; 82 24 353 241; 82 28 351 240; 

44\134_134147.jpg
266 400
21 169 162 320; 26 168 155 288; 12 169 154 320; 

44\134_134156.jpg
400 266
78 28 354 242; 84 27 354 238; 81 29 352 242; 

44\134_134159.jpg
400 266
163 10 351 249; 168 20 348 182; 172 6 344 172; 

44\134_134162.jpg
400 285
100 15 376 206; 94 16 373 206; 38 15 375 285; 

44\134_134165.jpg
318 400
76 48 275 289; 76 31 282 266; 76 31 284 266; 

44\134_134167.jpg
400 266
126 44 272 211; 126 42 268 212; 132 44 266 191; 

44\134_134169.jpg
400 303
106 44 355 235; 106 44 359 197; 108 46 362 237; 

44\134_134170.jpg
400 300
107 10 291 284; 104 11 289 282; 107 11 290 282; 

44\134_134177.jpg
400 311
10 38 378 232; 188 57 387 231; 53 57 374 233; 

44\134_134183.jpg
400 270
56 21 330 209; 51 22 335 209; 53 22 331 208; 

44\134_134203.jpg
400 269
48 39 242 219; 38 41 242 247; 34 40 244 253; 

44\134_134206.jpg
400 388
19 222 223 378; 21 218 217 376; 19 219 214 379; 

44\134_134215.jpg
311 400
24 52 241 385; 15 48 238 400; 11 48 239 399; 

44\134_134216.jpg
400 400
49 130 271 383; 45 136 269 386; 47 136 268 384; 

44\134_134233.jpg
400 300
168 22 315 215; 159 108 271 221; 160 112 270 221; 

44\134_134236.jpg
400 266
88 18 292 264; 88 1 266 264; 94 1 290 236; 

44\134_134272.jpg
400 300
44 7 279 293; 42 31 277 293; 47 1 278 300; 

44\134_134283.jpg
400 400
10 124 230 334; 10 125 229 335; 12 125 229 359; 

44\134_134287.jpg
286 400
63 65 266 381; 102 151 265 359; 34 65 265 357; 

44\134_134292.jpg
300 400
125 98 209 241; 126 94 207 242; 125 100 204 239; 

44\134_134297.jpg
400 266
117 20 348 249; 109 27 352 232; 108 24 350 229; 

44\134_134300.jpg
266 400
12 118 258 302; 6 118 266 304; 5 115 265 304; 

44\134_134310.jpg
400 265
136 26 260 259; 139 28 259 258; 139 26 256 257; 

44\134_134333.jpg
400 300
118 60 283 252; 119 56 282 252; 122 63 282 248; 

44\134_134338.jpg
400 400
34 12 223 386; 37 14 211 388; 37 13 223 388; 

44\134_134339.jpg
400 298
9 46 246 292; 2 48 246 299; 1 49 245 299; 

44\134_134344.jpg
266 400
57 132 254 391; 54 132 264 399; 56 134 266 399; 

44\134_134351.jpg
400 300
72 132 279 286; 71 136 283 224; 74 138 285 226; 

44\134_134352.jpg
387 400
19 16 261 318; 19 19 264 310; 4 19 263 400; 

44\134_134356.jpg
266 400
56 159 243 369; 59 166 247 371; 59 166 246 367; 

44\134_134374.jpg
266 400
58 57 252 385; 60 54 253 384; 86 54 253 354; 

44\134_134378.jpg
265 399
90 22 220 392; 86 18 222 400; 89 22 220 400; 

44\134_134395.jpg
400 312
50 116 339 264; 53 112 342 272; 54 113 381 270; 

44\134_134402.jpg
400 303
54 63 342 279; 48 131 346 281; 50 73 347 281; 

44\134_134408.jpg
400 280
18 32 174 272; 6 25 169 280; 7 25 170 280; 

44\134_134409.jpg
266 400
26 263 156 373; 28 264 155 370; 29 266 153 369; 

44\134_134412.jpg
400 346
24 32 224 331; 27 24 196 344; 28 24 229 340; 

44\134_134413.jpg
400 265
82 38 256 242; 77 35 262 246; 74 36 262 245; 

44\134_134420.jpg
400 273
6 88 388 256; 47 88 358 171; 49 88 354 171; 

44\134_134424.jpg
400 318
72 58 369 294; 78 57 374 293; 78 57 376 293; 

44\134_134434.jpg
400 320
65 24 355 268; 66 11 353 226; 67 11 352 261; 

44\134_134452.jpg
400 300
40 110 320 220; 34 75 389 231; 41 76 336 223; 

44\134_134456.jpg
299 399
65 55 263 345; 101 53 230 236; 99 55 231 236; 

44\134_134461.jpg
266 400
32 68 236 319; 32 69 259 321; 36 69 256 316; 

44\134_134465.jpg
400 284
23 94 212 184; 20 89 220 179; 21 93 221 179; 

44\134_134472.jpg
326 400
6 129 321 343; 2 134 322 281; 2 129 323 338; 

44\134_134474.jpg
400 332
52 13 292 308; 54 10 185 314; 53 8 298 319; 

44\134_134483.jpg
400 353
54 179 150 346; 55 184 153 342; 56 183 163 341; 

44\134_134491.jpg
400 324
72 136 306 239; 72 132 309 234; 75 131 308 233; 

44\134_134505.jpg
400 266
62 27 189 258; 67 32 184 261; 72 48 173 228; 

44\134_134509.jpg
400 338
38 59 221 333; 25 56 230 145; 26 57 229 146; 

44\134_134512.jpg
400 295
74 52 221 278; 76 56 222 192; 78 58 219 295; 

44\134_134513.jpg
400 266
16 74 207 261; 88 78 206 266; 4 78 206 266; 

44\134_134518.jpg
400 266
112 75 324 252; 109 79 328 266; 111 80 328 266; 

44\134_134546.jpg
400 306
114 15 323 294; 112 16 278 281; 113 15 314 221; 

44\134_134552.jpg
298 400
96 102 175 270; 99 106 171 219; 99 106 171 219; 

44\134_134559.jpg
400 400
15 139 379 380; 17 144 369 382; 17 144 377 381; 

44\134_134560.jpg
201 400
44 125 190 363; 46 128 196 381; 3 26 194 360; 

44\134_134564.jpg
400 265
115 12 266 246; 116 15 264 236; 116 14 263 265; 

44\134_134568.jpg
400 400
112 131 311 339; 115 131 311 338; 117 129 309 337; 

44\134_134571.jpg
400 313
70 104 342 311; 218 144 341 312; 48 141 340 312; 

44\134_134591.jpg
400 300
56 18 292 284; 62 16 290 286; 60 16 290 289; 

44\134_134592.jpg
399 331
179 34 382 331; 178 35 383 332; 176 37 382 332; 

44\134_134597.jpg
266 400
21 48 233 210; 21 49 238 214; 23 51 236 193; 

44\134_134625.jpg
400 400
98 74 309 235; 42 73 308 312; 41 72 308 317; 

44\134_134627.jpg
400 195
108 13 232 177; 112 12 272 184; 112 12 274 186; 

44\134_134633.jpg
400 376
178 61 336 258; 172 65 352 258; 171 64 350 264; 

44\134_134634.jpg
400 296
192 23 397 279; 214 121 308 214; 184 12 373 291; 

44\134_134639.jpg
400 300
132 18 352 289; 126 94 305 291; 129 4 369 290; 

44\134_134647.jpg
300 400
61 77 238 347; 63 78 237 347; 63 78 237 345; 

44\134_134652.jpg
400 300
205 59 349 292; 203 59 355 300; 204 61 353 300; 

44\134_134654.jpg
320 400
16 66 220 362; 34 170 218 364; 35 173 215 366; 

44\134_134659.jpg
394 400
134 68 370 352; 131 64 370 351; 134 67 372 353; 

44\134_134662.jpg
400 266
6 65 263 260; 101 64 261 260; 1 62 261 264; 

44\134_134664.jpg
400 266
66 6 284 199; 65 4 284 201; 62 3 282 199; 

44\134_134666.jpg
400 266
109 45 331 261; 112 44 329 266; 112 11 389 266; 

44\134_134668.jpg
320 400
62 49 240 268; 59 45 251 278; 60 45 244 278; 

44\134_134677.jpg
400 391
118 118 272 374; 121 118 274 374; 120 118 272 376; 

44\134_134679.jpg
322 400
28 24 294 269; 31 24 296 266; 31 29 294 265; 

44\134_134684.jpg
399 266
65 83 350 266; 84 78 398 264; 83 82 398 266; 

44\134_134689.jpg
268 400
57 88 214 314; 54 90 216 314; 56 90 212 311; 

44\134_134692.jpg
300 400
42 78 204 392; 42 79 201 398; 42 79 202 398; 

44\134_134693.jpg
400 273
114 48 309 246; 119 48 308 244; 118 48 309 246; 

44\134_134709.jpg
399 282
62 54 371 266; 62 52 277 266; 60 55 399 266; 

44\134_134720.jpg
400 312
70 26 336 286; 68 25 332 285; 69 26 332 287; 

44\134_134725.jpg
320 400
38 115 221 297; 41 116 212 294; 42 113 262 296; 

44\134_134726.jpg
400 316
14 83 301 276; 19 87 290 208; 18 86 291 256; 

44\134_134732.jpg
400 400
160 202 328 350; 229 225 327 345; 227 228 327 347; 

44\134_134733.jpg
300 400
53 118 262 361; 61 122 264 358; 60 121 271 356; 

44\134_134734.jpg
400 282
125 88 342 281; 125 91 344 232; 126 89 343 234; 

44\134_134736.jpg
400 344
119 98 318 264; 108 105 317 238; 109 104 316 246; 

44\134_134739.jpg
398 400
109 32 392 339; 112 30 396 339; 112 192 259 339; 

44\134_134777.jpg
400 271
37 18 247 262; 41 19 248 262; 40 18 246 261; 

44\134_134779.jpg
266 400
13 148 262 386; 15 133 263 378; 2 131 266 384; 

44\134_134789.jpg
400 328
62 62 228 264; 64 62 227 232; 64 63 225 229; 

44\134_134791.jpg
400 398
223 34 377 339; 224 36 371 382; 225 34 369 379; 

44\134_134797.jpg
400 293
44 61 392 208; 41 62 396 206; 41 61 399 205; 

44\134_134807.jpg
400 348
16 11 178 211; 47 34 146 208; 46 31 144 208; 

44\134_134810.jpg
400 270
80 15 328 224; 75 19 335 231; 67 8 334 229; 

44\134_134821.jpg
400 266
7 51 210 261; 2 46 204 211; 6 48 206 208; 

44\134_134836.jpg
299 400
101 68 184 310; 103 63 186 306; 105 63 186 304; 

44\134_134847.jpg
400 265
102 57 299 207; 106 65 297 201; 107 67 301 202; 

44\134_134848.jpg
400 265
18 48 328 198; 19 51 339 174; 19 54 344 186; 

44\134_134874.jpg
400 300
72 26 302 269; 73 28 306 269; 72 7 311 273; 

44\134_134876.jpg
400 300
132 89 234 225; 133 88 232 192; 134 88 231 191; 

44\134_134877.jpg
400 300
114 46 281 277; 112 46 313 276; 112 48 312 276; 

44\134_134884.jpg
300 400
24 62 241 392; 26 61 252 378; 25 64 256 379; 

44\134_134895.jpg
400 300
103 36 313 248; 104 38 312 245; 106 39 313 246; 

44\134_134910.jpg
400 300
38 106 256 249; 113 108 229 246; 116 104 228 249; 

44\134_134912.jpg
291 400
58 48 199 396; 66 163 164 290; 56 46 214 400; 

44\134_134924.jpg
266 400
26 62 195 324; 35 28 201 267; 39 29 192 270; 

44\134_134930.jpg
400 266
99 34 296 163; 98 34 298 166; 98 36 295 165; 

44\134_134934.jpg
399 266
85 12 301 212; 79 18 297 213; 62 17 297 219; 

44\134_134940.jpg
400 266
84 92 259 260; 77 94 259 266; 81 95 258 266; 

44\134_134943.jpg
377 399
45 56 342 347; 45 54 338 347; 45 53 336 346; 

44\134_134966.jpg
300 400
81 49 286 322; 150 121 261 271; 137 65 278 272; 

44\134_134970.jpg
400 381
157 59 342 348; 163 54 339 349; 164 56 339 348; 

44\134_134980.jpg
400 262
128 18 388 219; 128 12 367 218; 126 14 398 219; 

44\134_134983.jpg
400 265
161 98 233 258; 163 92 228 264; 163 90 231 265; 

44\134_134985.jpg
400 266
48 28 332 194; 45 29 335 196; 48 29 334 192; 

44\134_134990.jpg
400 266
36 14 203 258; 36 12 221 266; 37 15 218 266; 

