317

52\156_156010.jpg
400 320
208 15 340 302; 207 11 344 302; 204 14 344 320; 

52\156_156034.jpg
400 266
68 70 340 194; 61 71 342 217; 60 72 342 222; 

52\156_156043.jpg
399 278
111 6 344 226; 106 6 345 230; 40 10 343 279; 

52\156_156055.jpg
266 400
26 52 263 322; 24 44 257 301; 28 46 266 400; 

52\156_156056.jpg
266 400
4 60 251 313; 11 61 261 335; 1 61 261 338; 

52\156_156059.jpg
320 400
43 73 246 304; 48 74 250 309; 45 72 252 370; 

52\156_156074.jpg
343 400
42 170 216 284; 46 149 217 286; 45 144 232 282; 

52\156_156082.jpg
399 323
78 113 350 313; 78 79 362 319; 56 14 365 276; 

52\156_156093.jpg
400 266
124 26 359 238; 125 28 305 206; 123 27 359 214; 

52\156_156109.jpg
400 266
24 86 370 243; 26 87 370 237; 25 87 371 241; 

52\156_156117.jpg
400 355
164 24 344 349; 131 27 363 353; 129 24 363 354; 

52\156_156125.jpg
400 300
74 32 364 279; 18 8 366 279; 17 8 366 280; 

52\156_156130.jpg
400 295
96 32 356 266; 136 31 361 269; 171 30 362 185; 

52\156_156137.jpg
400 290
92 81 304 228; 88 55 281 235; 89 54 376 238; 

52\156_156147.jpg
400 266
90 16 334 251; 87 19 319 249; 84 21 316 250; 

52\156_156150.jpg
400 266
90 24 335 249; 87 20 316 249; 83 21 316 250; 

52\156_156160.jpg
400 269
68 16 269 248; 71 16 268 247; 76 17 268 244; 

52\156_156163.jpg
400 269
9 48 221 223; 9 44 221 232; 9 46 219 259; 

52\156_156172.jpg
400 320
98 88 291 207; 128 106 245 201; 132 101 257 199; 

52\156_156182.jpg
400 320
48 36 366 270; 19 9 391 286; 94 41 318 246; 

52\156_156185.jpg
400 266
108 62 298 181; 131 86 249 179; 132 84 263 178; 

52\156_156225.jpg
266 400
54 74 199 386; 56 3 204 329; 58 4 204 387; 

52\156_156245.jpg
400 300
111 21 331 286; 94 22 331 300; 98 25 331 300; 

52\156_156250.jpg
400 377
7 56 247 348; 4 57 191 311; 76 1 249 241; 

52\156_156251.jpg
400 335
183 116 350 286; 183 117 353 287; 186 116 352 287; 

52\156_156260.jpg
400 346
23 135 367 318; 27 133 385 321; 26 136 381 322; 

52\156_156275.jpg
400 320
128 42 306 298; 14 40 384 302; 14 39 383 299; 

52\156_156277.jpg
400 260
100 82 325 206; 100 82 325 205; 103 82 371 205; 

52\156_156284.jpg
320 400
56 8 242 327; 111 42 240 334; 48 0 242 335; 

52\156_156294.jpg
400 267
50 53 334 230; 50 57 337 239; 51 57 336 238; 

52\156_156356.jpg
312 400
32 110 214 286; 34 109 209 283; 10 109 311 399; 

52\156_156360.jpg
400 320
126 23 370 278; 128 38 374 282; 126 41 372 286; 

52\156_156373.jpg
400 280
70 120 260 274; 68 124 275 272; 70 122 271 274; 

52\156_156392.jpg
400 314
3 31 180 308; 5 29 181 305; 6 32 179 309; 

52\156_156402.jpg
400 320
36 98 362 204; 36 96 367 205; 36 99 366 204; 

52\156_156415.jpg
400 266
135 68 275 235; 136 27 356 219; 137 18 353 225; 

52\156_156417.jpg
400 339
64 34 326 329; 63 143 201 329; 64 36 328 330; 

52\156_156418.jpg
400 243
80 43 328 234; 158 11 398 239; 158 10 400 240; 

52\156_156419.jpg
400 300
98 72 302 266; 102 18 304 271; 99 16 302 269; 

52\156_156420.jpg
258 400
104 12 209 392; 108 11 208 394; 108 11 206 395; 

52\156_156422.jpg
369 400
51 60 325 368; 51 58 331 369; 53 56 340 367; 

52\156_156434.jpg
400 320
96 39 355 298; 196 36 357 271; 239 38 356 271; 

52\156_156436.jpg
400 266
112 86 224 234; 114 86 248 236; 113 88 246 236; 

52\156_156437.jpg
400 320
96 41 356 298; 198 39 358 270; 244 38 356 272; 

52\156_156485.jpg
400 296
230 50 340 270; 233 50 340 273; 232 51 341 272; 

52\156_156488.jpg
400 318
134 22 262 312; 134 23 269 318; 133 21 268 315; 

52\156_156489.jpg
400 299
72 72 342 298; 68 72 346 299; 71 72 344 299; 

52\156_156490.jpg
400 298
213 28 342 228; 217 31 342 221; 216 31 341 298; 

52\156_156491.jpg
400 291
56 38 290 152; 51 42 294 155; 56 41 296 154; 

52\156_156499.jpg
400 277
96 42 310 263; 96 22 316 264; 98 22 313 261; 

52\156_156518.jpg
400 296
112 20 361 270; 106 18 362 275; 113 18 362 269; 

52\156_156530.jpg
400 353
16 130 195 349; 5 131 198 352; 1 127 194 352; 

52\156_156535.jpg
399 284
97 30 300 266; 43 23 240 168; 45 25 244 171; 

52\156_156539.jpg
324 400
30 36 266 348; 26 36 271 352; 29 36 272 373; 

52\156_156556.jpg
400 291
42 22 284 264; 41 9 284 266; 39 13 284 266; 

52\156_156573.jpg
400 282
200 76 350 264; 205 75 351 265; 206 76 350 262; 

52\156_156576.jpg
400 186
122 48 346 183; 120 47 346 187; 122 48 345 187; 

52\156_156589.jpg
400 285
11 101 327 194; 9 98 325 196; 10 98 324 196; 

52\156_156644.jpg
400 320
210 98 328 264; 101 49 326 242; 226 71 332 239; 

52\156_156647.jpg
400 400
62 154 384 391; 63 152 389 348; 62 154 388 400; 

52\156_156686.jpg
400 266
22 68 372 177; 16 69 382 179; 21 68 380 178; 

52\156_156691.jpg
400 329
114 84 312 328; 112 92 310 278; 114 22 342 329; 

52\156_156698.jpg
400 266
40 37 294 263; 14 33 211 266; 16 31 302 266; 

52\156_156715.jpg
400 266
137 129 235 248; 136 128 239 231; 132 127 241 253; 

52\156_156722.jpg
400 320
219 16 318 304; 205 19 312 306; 227 19 312 309; 

52\156_156747.jpg
315 400
18 160 182 394; 16 162 183 397; 18 159 182 400; 

52\156_156750.jpg
400 300
170 44 378 256; 153 35 365 262; 160 35 364 262; 

52\156_156756.jpg
400 300
2 92 280 261; 1 93 280 238; 1 94 281 175; 

52\156_156805.jpg
400 266
96 36 302 229; 94 37 305 227; 93 34 302 226; 

52\156_156806.jpg
213 160
34 20 174 159; 42 19 174 158; 71 16 173 160; 

52\156_156809.jpg
333 400
24 20 305 298; 49 42 288 301; 23 19 309 304; 

52\156_156810.jpg
245 400
54 142 171 294; 53 147 179 297; 56 147 162 294; 

52\156_156814.jpg
400 320
6 75 312 294; 129 122 331 206; 129 77 332 208; 

52\156_156819.jpg
266 400
38 58 225 387; 58 29 228 310; 35 31 225 398; 

52\156_156822.jpg
400 266
88 24 342 201; 72 21 392 206; 72 22 389 205; 

52\156_156836.jpg
400 300
98 56 394 278; 61 59 397 299; 62 61 400 300; 

52\156_156845.jpg
400 340
57 27 324 268; 58 29 324 274; 58 28 323 272; 

52\156_156848.jpg
400 299
156 66 378 275; 154 67 378 277; 155 64 379 278; 

52\156_156853.jpg
400 266
56 16 296 263; 48 14 276 211; 78 14 276 251; 

52\156_156876.jpg
400 300
88 92 308 276; 59 97 324 281; 61 95 326 279; 

52\156_156879.jpg
400 300
74 26 334 298; 104 64 312 251; 106 10 312 248; 

52\156_156884.jpg
399 262
49 6 277 258; 47 4 284 262; 47 0 276 262; 

52\156_156910.jpg
396 400
170 55 362 384; 152 47 374 384; 23 46 376 393; 

52\156_156911.jpg
298 400
96 67 215 316; 77 62 221 317; 75 63 221 321; 

52\156_156913.jpg
400 354
112 18 364 318; 169 55 344 248; 171 56 342 248; 

52\156_156914.jpg
386 400
85 95 317 393; 89 92 323 400; 87 93 322 400; 

52\156_156916.jpg
400 300
70 11 338 278; 76 99 356 257; 77 2 364 254; 

52\156_156917.jpg
400 300
74 41 378 240; 71 41 379 284; 71 39 378 282; 

52\156_156923.jpg
192 400
19 22 156 256; 16 21 161 249; 18 21 161 399; 

52\156_156935.jpg
400 300
68 38 316 268; 68 41 318 275; 64 41 318 270; 

52\156_156968.jpg
267 400
30 104 254 334; 30 128 255 333; 30 126 254 330; 

52\157_157032.jpg
400 300
32 28 288 296; 29 17 304 300; 1 27 304 300; 

52\157_157042.jpg
400 266
104 56 340 262; 106 52 337 244; 106 55 361 266; 

52\157_157048.jpg
400 300
152 34 279 294; 148 21 284 298; 151 16 283 300; 

52\157_157051.jpg
400 270
70 64 318 216; 72 69 321 215; 72 68 323 216; 

52\157_157072.jpg
400 266
28 10 249 261; 10 12 250 266; 2 12 249 266; 

52\157_157073.jpg
266 400
80 102 198 264; 79 74 200 367; 79 78 200 369; 

52\157_157075.jpg
400 363
74 16 290 293; 12 49 181 218; 0 21 284 220; 

52\157_157085.jpg
320 400
8 85 264 334; 24 82 266 335; 1 21 267 332; 

52\157_157100.jpg
285 400
14 38 255 296; 8 38 274 397; 14 40 274 400; 

52\157_157119.jpg
266 400
62 54 222 354; 59 49 224 355; 9 51 223 354; 

52\157_157130.jpg
320 400
54 18 290 338; 45 19 294 354; 19 0 291 348; 

52\157_157131.jpg
266 400
45 157 211 396; 44 104 252 400; 43 104 254 244; 

52\157_157132.jpg
300 400
59 44 265 342; 65 48 268 341; 68 48 267 338; 

52\157_157133.jpg
400 300
129 15 388 242; 118 97 318 274; 126 12 387 275; 

52\157_157134.jpg
322 400
14 144 172 258; 7 141 174 258; 7 143 174 269; 

52\157_157136.jpg
400 320
35 30 210 298; 4 14 216 296; 4 13 216 301; 

52\157_157137.jpg
400 308
36 6 264 296; 37 5 254 298; 36 5 254 300; 

52\157_157164.jpg
320 400
21 27 228 302; 10 12 228 261; 11 15 226 260; 

52\157_157174.jpg
400 320
83 8 320 318; 88 6 322 320; 89 8 323 320; 

52\157_157196.jpg
265 400
40 96 244 382; 41 101 245 341; 35 54 242 339; 

52\157_157199.jpg
400 265
56 12 269 264; 58 18 268 265; 55 1 267 265; 

52\157_157200.jpg
400 265
146 54 286 264; 151 21 306 202; 153 20 308 205; 

52\157_157211.jpg
309 400
68 53 248 373; 78 68 248 382; 64 6 250 376; 

52\157_157213.jpg
283 400
54 85 236 361; 53 185 225 354; 53 94 224 396; 

52\157_157242.jpg
331 400
102 70 316 384; 73 141 318 381; 72 143 317 382; 

52\157_157252.jpg
399 310
68 66 274 308; 67 34 231 250; 68 34 276 269; 

52\157_157265.jpg
400 320
164 50 345 265; 162 48 354 269; 163 37 352 243; 

52\157_157280.jpg
400 400
186 195 331 395; 188 205 326 382; 189 204 326 384; 

52\157_157291.jpg
308 400
30 66 178 338; 30 61 174 339; 29 59 178 340; 

52\157_157309.jpg
266 400
60 50 225 394; 60 101 193 269; 59 51 236 270; 

52\157_157310.jpg
265 400
36 78 248 270; 38 78 222 277; 26 71 260 274; 

52\157_157311.jpg
320 400
147 49 284 278; 150 95 274 222; 149 36 287 221; 

52\157_157312.jpg
400 267
89 20 296 264; 85 49 241 255; 71 5 317 266; 

52\157_157327.jpg
400 265
113 13 344 243; 117 43 362 255; 116 43 361 261; 

52\157_157343.jpg
400 301
76 48 334 239; 76 51 334 234; 77 51 335 237; 

52\157_157357.jpg
400 266
11 50 294 263; 1 51 297 266; 1 51 297 266; 

52\157_157360.jpg
400 300
72 38 202 226; 71 39 202 225; 69 38 201 224; 

52\157_157378.jpg
400 287
70 36 278 286; 146 110 280 264; 102 29 280 264; 

52\157_157381.jpg
266 400
44 84 254 386; 22 63 255 389; 21 62 255 391; 

52\157_157397.jpg
400 285
108 68 380 272; 106 67 378 279; 108 66 382 280; 

52\157_157409.jpg
400 266
16 60 301 209; 4 62 299 211; 2 59 299 209; 

52\157_157410.jpg
400 303
142 81 330 241; 142 79 326 236; 144 80 327 234; 

52\157_157422.jpg
400 300
76 42 314 296; 87 39 312 194; 89 40 314 158; 

52\157_157431.jpg
400 265
158 26 289 168; 159 23 291 265; 157 23 289 162; 

52\157_157444.jpg
400 300
88 60 314 258; 110 58 307 249; 87 25 358 275; 

52\157_157450.jpg
400 284
38 70 362 246; 40 79 362 251; 38 79 364 249; 

52\157_157451.jpg
400 294
101 52 336 272; 95 47 332 203; 76 46 338 264; 

52\157_157452.jpg
400 300
230 40 350 248; 229 39 352 248; 231 40 352 248; 

52\157_157466.jpg
266 400
121 69 259 359; 125 71 260 359; 124 70 259 359; 

52\157_157468.jpg
266 400
126 78 257 358; 126 76 259 359; 116 76 258 400; 

52\157_157483.jpg
400 303
34 26 234 284; 31 28 234 288; 32 29 234 286; 

52\157_157497.jpg
400 300
134 52 352 216; 3 52 395 234; 1 52 397 232; 

52\157_157511.jpg
320 400
30 15 232 298; 28 12 253 303; 29 14 315 377; 

52\157_157529.jpg
400 266
78 16 332 244; 34 10 344 241; 46 10 342 243; 

52\157_157530.jpg
400 266
212 92 338 217; 204 94 352 227; 207 93 349 227; 

52\157_157538.jpg
266 400
41 37 189 309; 47 44 187 301; 44 45 184 302; 

52\157_157539.jpg
320 400
45 29 292 306; 40 23 295 281; 44 24 294 310; 

52\157_157542.jpg
400 203
136 22 386 166; 136 19 389 165; 138 17 391 166; 

52\157_157545.jpg
400 255
186 33 378 251; 192 36 379 193; 193 33 378 222; 

52\157_157547.jpg
400 291
190 14 378 284; 187 4 335 286; 189 4 386 286; 

52\157_157560.jpg
400 281
51 34 222 272; 55 36 220 186; 54 35 221 189; 

52\157_157562.jpg
400 341
37 8 274 323; 44 48 230 328; 29 18 276 323; 

52\157_157565.jpg
400 346
190 24 348 199; 183 25 348 199; 186 24 346 198; 

52\157_157567.jpg
266 400
56 168 198 382; 60 164 199 400; 56 165 198 381; 

52\157_157571.jpg
266 400
74 28 176 280; 79 31 174 281; 62 28 184 301; 

52\157_157582.jpg
400 303
80 14 328 281; 124 28 301 241; 127 31 299 238; 

52\157_157583.jpg
300 400
46 48 210 376; 47 48 178 379; 49 49 196 377; 

52\157_157592.jpg
400 314
88 28 366 260; 72 29 280 256; 111 25 282 190; 

52\157_157593.jpg
400 245
48 38 238 239; 52 32 239 221; 52 32 239 221; 

52\157_157600.jpg
400 400
34 90 334 390; 58 157 284 319; 34 94 286 336; 

52\157_157609.jpg
320 400
48 37 306 334; 47 40 263 151; 48 39 307 334; 

52\157_157619.jpg
399 273
120 24 334 139; 116 22 332 138; 117 21 332 141; 

52\157_157620.jpg
400 267
198 28 359 208; 199 31 353 211; 199 31 356 210; 

52\157_157631.jpg
400 266
179 32 374 219; 181 32 374 226; 182 32 376 226; 

52\157_157653.jpg
400 300
64 26 328 282; 63 22 333 286; 64 24 332 286; 

52\157_157658.jpg
400 266
178 14 391 255; 176 0 400 258; 178 1 399 258; 

52\157_157675.jpg
400 286
72 16 312 285; 133 2 288 206; 65 1 399 286; 

52\157_157686.jpg
308 400
10 8 269 264; 8 10 270 259; 8 8 270 261; 

52\157_157707.jpg
400 302
75 97 300 268; 60 28 364 301; 55 24 364 301; 

52\157_157709.jpg
400 288
174 76 300 206; 174 75 301 208; 173 74 302 206; 

52\157_157727.jpg
300 400
54 66 266 368; 59 70 264 379; 61 66 262 387; 

52\157_157732.jpg
400 303
121 36 288 215; 41 34 328 218; 40 34 326 271; 

52\157_157733.jpg
400 266
103 61 332 241; 104 64 331 232; 136 64 331 235; 

52\157_157829.jpg
266 400
42 58 227 298; 44 49 218 300; 46 49 217 297; 

52\157_157831.jpg
266 400
4 94 199 372; 48 173 183 345; 1 94 205 367; 

52\157_157852.jpg
400 362
36 22 316 332; 38 23 316 332; 35 24 316 334; 

52\157_157854.jpg
400 295
51 64 343 274; 44 66 398 224; 51 62 399 295; 

52\157_157860.jpg
295 400
79 118 265 350; 80 119 270 350; 80 120 271 349; 

52\157_157864.jpg
303 400
69 82 237 386; 62 93 245 302; 62 60 243 382; 

52\157_157868.jpg
260 400
54 40 189 364; 51 27 217 366; 55 27 216 367; 

52\157_157873.jpg
400 273
72 46 290 269; 29 8 288 272; 32 4 301 271; 

52\157_157876.jpg
400 300
140 92 270 188; 134 90 271 189; 0 94 398 222; 

52\157_157881.jpg
400 280
104 24 354 279; 160 26 361 198; 164 28 361 193; 

52\157_157884.jpg
266 400
84 56 220 352; 82 59 218 224; 80 58 228 399; 

52\157_157886.jpg
285 400
48 80 228 360; 45 22 228 260; 50 21 226 362; 

52\157_157889.jpg
400 293
56 30 346 272; 53 30 346 272; 55 31 347 266; 

52\157_157892.jpg
400 266
52 34 258 240; 53 36 222 169; 54 35 296 244; 

52\157_157893.jpg
400 337
127 18 295 311; 130 29 301 311; 131 12 303 307; 

52\157_157898.jpg
254 400
62 120 208 274; 28 88 211 273; 33 46 220 379; 

52\157_157905.jpg
397 400
146 130 353 352; 135 129 359 348; 136 129 358 346; 

52\157_157917.jpg
400 285
231 49 393 227; 230 52 397 228; 231 51 398 282; 

52\157_157923.jpg
294 399
34 76 158 394; 33 77 158 396; 33 76 160 395; 

52\157_157925.jpg
266 400
12 101 164 397; 11 94 161 397; 11 92 163 398; 

52\157_157926.jpg
400 256
16 148 170 236; 14 145 169 236; 12 147 168 234; 

52\157_157927.jpg
400 266
64 22 222 241; 69 39 220 191; 66 28 222 189; 

52\157_157967.jpg
400 368
70 18 372 304; 1 19 374 308; 152 19 372 318; 

52\157_157983.jpg
400 266
76 48 286 244; 115 77 290 252; 52 0 297 250; 

52\157_157984.jpg
399 398
17 134 324 296; 60 135 323 222; 0 135 323 292; 

52\157_157987.jpg
400 283
4 76 189 274; 4 66 179 249; 10 74 177 252; 

52\157_157991.jpg
400 266
130 0 314 257; 119 3 316 262; 124 9 316 263; 

52\157_157993.jpg
400 266
138 72 310 259; 134 71 312 266; 136 72 400 266; 

52\157_157994.jpg
400 315
194 50 394 307; 190 49 389 309; 190 48 391 315; 

52\157_157996.jpg
400 266
130 15 392 217; 84 12 399 209; 2 12 399 211; 

52\157_157997.jpg
400 266
112 56 365 253; 138 86 318 257; 121 29 317 254; 

52\157_157999.jpg
400 257
255 149 382 247; 250 150 379 249; 254 142 378 248; 

52\158_158007.jpg
400 266
82 4 294 241; 100 58 294 246; 80 24 313 245; 

52\158_158009.jpg
400 300
137 116 299 221; 129 114 300 242; 129 117 299 243; 

52\158_158011.jpg
400 276
35 14 257 214; 24 44 251 212; 43 2 252 212; 

52\158_158013.jpg
288 400
48 68 192 310; 46 71 192 310; 46 72 193 316; 

52\158_158018.jpg
400 266
90 18 314 257; 91 53 307 235; 71 1 323 242; 

52\158_158022.jpg
400 266
94 28 306 264; 151 90 276 234; 124 2 327 230; 

52\158_158023.jpg
400 300
144 92 270 188; 128 93 272 188; 0 94 399 224; 

52\158_158024.jpg
400 266
92 0 262 225; 106 36 268 228; 82 1 267 229; 

52\158_158029.jpg
400 302
170 20 350 289; 172 16 356 292; 172 16 353 292; 

52\158_158038.jpg
400 300
141 94 272 192; 134 93 272 188; 166 94 271 188; 

52\158_158039.jpg
400 264
254 39 368 172; 256 41 374 171; 256 41 376 263; 

52\158_158041.jpg
295 400
134 147 222 368; 139 143 211 320; 139 148 209 319; 

52\158_158042.jpg
400 228
10 62 386 197; 12 56 393 195; 9 58 391 196; 

52\158_158054.jpg
400 348
34 34 318 286; 29 33 281 281; 32 34 329 341; 

52\158_158057.jpg
400 266
102 52 232 244; 104 52 232 246; 104 51 231 243; 

52\158_158058.jpg
400 320
146 142 349 318; 117 62 391 319; 144 139 356 318; 

52\158_158061.jpg
400 300
132 84 334 270; 132 86 335 223; 134 88 334 300; 

52\158_158065.jpg
266 400
52 40 254 236; 61 0 266 236; 61 0 265 236; 

52\158_158080.jpg
400 400
28 39 315 356; 72 99 209 219; 21 38 319 359; 

52\158_158094.jpg
400 300
94 71 372 248; 85 68 378 281; 83 58 378 289; 

52\158_158098.jpg
400 266
68 25 348 228; 69 14 308 242; 72 12 349 259; 

52\158_158109.jpg
320 399
18 66 289 342; 20 86 243 346; 19 46 292 344; 

52\158_158114.jpg
325 400
46 22 294 262; 46 22 299 274; 46 20 304 276; 

52\158_158120.jpg
338 400
146 20 325 388; 148 37 300 391; 146 49 299 390; 

52\158_158124.jpg
400 261
166 4 369 132; 164 2 371 134; 166 2 374 134; 

52\158_158131.jpg
400 320
42 40 360 260; 44 58 363 264; 44 41 361 265; 

52\158_158143.jpg
400 300
48 92 394 244; 48 90 397 260; 48 91 399 258; 

52\158_158149.jpg
400 266
32 40 208 146; 27 39 211 154; 28 39 213 154; 

52\158_158155.jpg
399 278
87 23 279 262; 81 24 284 263; 79 21 283 263; 

52\158_158165.jpg
400 385
114 14 350 363; 139 159 272 332; 126 10 373 327; 

52\158_158169.jpg
400 246
33 63 251 242; 64 74 219 245; 68 71 372 246; 

52\158_158172.jpg
320 400
56 66 219 312; 55 72 193 307; 56 68 213 313; 

52\158_158173.jpg
274 400
78 144 258 374; 76 146 260 374; 78 144 260 376; 

52\158_158177.jpg
400 266
159 48 323 194; 188 58 324 196; 189 59 324 194; 

52\158_158179.jpg
360 400
76 34 286 348; 78 36 289 230; 78 36 289 349; 

52\158_158184.jpg
400 280
184 24 388 274; 183 3 351 132; 186 2 399 280; 

52\158_158186.jpg
400 306
13 120 348 304; 1 124 329 305; 1 132 327 306; 

52\158_158188.jpg
400 311
198 30 393 289; 194 22 398 309; 198 21 357 216; 

52\158_158193.jpg
340 400
102 36 311 312; 56 38 305 168; 38 39 312 357; 

52\158_158197.jpg
322 400
42 60 296 332; 60 62 303 319; 64 62 302 320; 

52\158_158229.jpg
400 270
71 38 204 245; 78 39 203 242; 79 37 202 242; 

52\158_158233.jpg
300 400
36 32 268 254; 37 35 272 258; 37 34 271 255; 

52\158_158241.jpg
400 270
56 4 201 253; 46 7 198 264; 9 4 294 264; 

52\158_158244.jpg
400 270
76 8 202 236; 76 12 209 264; 75 5 207 265; 

52\158_158246.jpg
400 270
120 16 368 262; 192 12 298 260; 98 11 374 264; 

52\158_158247.jpg
400 270
60 0 286 264; 8 32 284 194; 6 6 282 192; 

52\158_158255.jpg
400 270
42 14 256 264; 58 13 211 264; 43 14 256 265; 

52\158_158257.jpg
400 270
207 39 287 230; 209 41 284 225; 206 37 283 226; 

52\158_158271.jpg
400 270
44 11 195 261; 42 13 192 264; 45 14 192 264; 

52\158_158278.jpg
400 270
164 4 394 255; 168 19 374 211; 159 4 394 216; 

52\158_158296.jpg
400 270
108 4 356 220; 119 63 353 215; 108 4 356 214; 

52\158_158297.jpg
270 400
9 112 190 321; 9 95 189 321; 10 94 189 322; 

52\158_158329.jpg
400 270
130 4 350 264; 131 32 348 251; 132 7 348 248; 

52\158_158331.jpg
400 270
216 17 333 251; 221 17 329 245; 220 18 329 245; 

52\158_158333.jpg
400 270
156 18 348 221; 157 22 298 214; 158 4 392 211; 

52\158_158350.jpg
400 270
138 2 374 260; 132 7 342 175; 133 5 394 264; 

52\158_158352.jpg
400 270
20 11 162 264; 16 12 158 264; 16 12 159 264; 

52\158_158364.jpg
270 400
79 106 249 358; 81 104 249 358; 80 104 248 358; 

52\158_158373.jpg
400 270
172 36 353 230; 171 46 329 232; 172 9 348 230; 

52\158_158382.jpg
400 270
40 4 274 264; 44 69 276 232; 5 4 274 230; 

52\158_158386.jpg
400 270
179 11 391 263; 173 8 359 266; 181 4 357 264; 

52\158_158388.jpg
400 270
10 4 258 264; 76 37 211 193; 58 4 260 181; 

52\158_158422.jpg
400 270
132 11 391 219; 132 33 263 215; 132 5 388 216; 

52\158_158426.jpg
400 336
66 6 306 336; 99 6 272 271; 68 4 309 269; 

52\158_158431.jpg
400 305
118 101 360 249; 124 105 391 286; 128 101 391 285; 

52\158_158443.jpg
251 400
48 9 203 378; 63 10 196 311; 47 9 204 394; 

52\158_158446.jpg
400 267
94 14 298 266; 121 40 268 246; 65 1 284 242; 

52\158_158449.jpg
400 321
78 101 298 197; 79 102 299 196; 79 101 298 198; 

52\158_158460.jpg
399 283
172 42 338 280; 175 41 362 281; 3 43 362 280; 

52\158_158461.jpg
400 301
42 58 336 275; 46 56 383 219; 32 58 381 301; 

52\158_158477.jpg
228 400
92 84 203 356; 92 92 205 353; 91 91 209 355; 

52\158_158494.jpg
266 400
82 28 263 372; 81 29 193 258; 82 29 261 389; 

52\158_158496.jpg
300 400
148 108 241 360; 156 108 243 374; 154 109 243 372; 

52\158_158502.jpg
400 238
162 98 396 170; 24 22 394 202; 169 111 400 156; 

52\158_158526.jpg
280 400
78 58 267 382; 83 48 271 367; 83 51 271 326; 

52\158_158527.jpg
280 400
90 66 271 348; 93 50 274 365; 94 52 274 321; 

52\158_158540.jpg
400 301
54 18 266 299; 55 15 264 301; 56 17 264 301; 

52\158_158542.jpg
322 400
32 28 234 370; 98 18 230 166; 34 19 234 373; 

52\158_158609.jpg
400 266
43 21 288 259; 44 17 289 251; 48 14 290 266; 

52\158_158610.jpg
400 266
159 10 336 254; 164 8 363 252; 162 9 361 252; 

52\158_158614.jpg
296 400
41 74 244 254; 44 74 277 382; 44 78 275 381; 

52\158_158623.jpg
400 260
11 6 116 185; 14 11 111 165; 12 13 111 167; 

52\158_158624.jpg
400 353
54 16 218 325; 54 21 215 313; 32 21 371 324; 

52\158_158629.jpg
400 265
122 30 318 244; 122 29 319 254; 123 29 328 252; 

52\158_158658.jpg
266 400
42 6 221 320; 42 6 225 321; 13 4 224 395; 

52\158_158674.jpg
400 299
17 4 290 256; 7 5 290 179; 15 8 289 176; 

52\158_158683.jpg
400 320
32 84 370 264; 30 83 383 256; 33 84 383 257; 

52\158_158708.jpg
400 331
45 48 346 263; 40 49 303 269; 43 46 343 268; 

52\158_158709.jpg
400 325
51 54 356 243; 53 54 358 266; 52 53 359 289; 

52\158_158727.jpg
400 358
191 23 392 355; 190 29 392 351; 191 29 395 359; 

52\158_158773.jpg
400 270
60 66 322 260; 56 64 322 262; 41 66 323 265; 

52\158_158798.jpg
400 269
91 8 231 234; 99 9 222 231; 34 6 222 233; 

52\158_158800.jpg
400 261
229 12 384 228; 222 8 394 219; 224 4 395 219; 

52\158_158811.jpg
400 266
92 16 328 241; 81 16 336 244; 99 18 326 222; 

52\158_158812.jpg
399 286
16 52 324 201; 1 52 365 196; 1 52 367 222; 

52\158_158815.jpg
400 266
68 20 248 265; 69 20 252 213; 101 14 251 209; 

52\158_158821.jpg
400 313
42 50 262 296; 40 48 264 294; 48 92 241 281; 

52\158_158830.jpg
400 266
162 11 330 250; 190 1 306 155; 185 2 327 153; 

52\158_158832.jpg
399 375
58 50 346 313; 52 118 286 275; 49 38 387 271; 

52\158_158835.jpg
400 242
72 9 341 182; 101 44 297 185; 8 9 299 235; 

52\158_158836.jpg
400 249
36 57 208 171; 36 59 207 172; 36 57 204 169; 

52\158_158844.jpg
266 400
31 41 182 322; 16 25 183 342; 15 21 182 355; 

52\158_158861.jpg
400 260
66 74 318 206; 79 74 312 188; 84 76 314 174; 

52\158_158871.jpg
400 290
3 31 233 275; 1 20 193 251; 0 21 211 249; 

52\158_158949.jpg
400 296
116 11 368 224; 112 49 269 199; 113 2 398 222; 

52\158_158950.jpg
400 266
135 40 286 239; 140 41 288 246; 118 1 277 250; 

52\158_158962.jpg
400 298
112 59 362 268; 129 69 358 266; 114 67 358 264; 

52\158_158967.jpg
400 300
72 24 338 248; 76 28 341 240; 72 27 339 241; 

52\158_158973.jpg
400 276
286 68 374 271; 287 70 375 276; 287 71 373 277; 

52\158_158975.jpg
293 400
64 99 155 378; 81 6 179 361; 26 201 212 384; 

52\158_158995.jpg
400 266
156 28 300 242; 154 11 298 239; 155 6 301 252; 

