350

56\168_168034.jpg
399 242
128 106 286 188; 128 109 287 190; 129 111 287 196; 

56\168_168038.jpg
399 317
32 36 309 309; 118 33 308 302; 117 35 308 308; 

56\168_168039.jpg
400 289
80 24 316 221; 85 25 320 212; 82 23 319 211; 

56\168_168040.jpg
400 331
28 99 379 289; 29 99 399 213; 28 98 400 311; 

56\168_168042.jpg
400 266
142 18 250 261; 143 19 251 255; 143 21 252 246; 

56\168_168066.jpg
381 400
52 21 294 396; 130 18 274 252; 126 19 274 253; 

56\168_168077.jpg
400 300
130 22 340 292; 132 24 342 291; 129 24 344 292; 

56\168_168079.jpg
400 256
86 38 318 197; 19 41 387 222; 29 39 381 219; 

56\168_168080.jpg
400 266
80 50 284 236; 79 46 284 209; 82 49 286 209; 

56\168_168085.jpg
400 266
108 102 278 211; 111 96 287 212; 112 93 286 212; 

56\168_168087.jpg
282 400
14 200 242 374; 3 202 248 366; 1 201 244 381; 

56\168_168097.jpg
400 300
104 28 389 224; 107 31 285 209; 108 16 398 223; 

56\168_168101.jpg
400 320
104 32 360 296; 95 4 363 296; 136 57 367 266; 

56\168_168104.jpg
299 399
34 66 180 396; 32 45 182 392; 33 42 183 395; 

56\168_168113.jpg
400 300
54 32 332 258; 55 26 374 259; 56 26 371 256; 

56\168_168116.jpg
400 266
84 131 340 239; 83 129 341 248; 82 129 341 264; 

56\168_168120.jpg
400 303
172 21 371 267; 167 9 382 190; 166 7 379 302; 

56\168_168121.jpg
400 275
28 134 350 251; 8 130 392 265; 4 131 392 266; 

56\168_168126.jpg
400 300
52 42 336 254; 51 41 338 255; 51 43 338 256; 

56\168_168130.jpg
299 399
72 10 194 353; 74 15 194 365; 73 12 195 367; 

56\168_168134.jpg
400 320
64 36 380 270; 62 34 376 244; 62 33 381 320; 

56\168_168136.jpg
400 265
44 40 298 229; 21 34 301 208; 20 34 298 265; 

56\168_168137.jpg
279 400
81 28 241 324; 82 23 244 324; 38 22 243 323; 

56\168_168159.jpg
276 400
68 61 235 348; 40 61 235 351; 39 61 235 349; 

56\168_168174.jpg
400 273
112 18 358 254; 81 11 394 271; 73 8 400 274; 

56\168_168177.jpg
266 400
31 92 215 378; 32 92 216 379; 31 92 216 378; 

56\168_168178.jpg
400 255
36 18 241 246; 36 15 242 249; 37 16 241 249; 

56\168_168181.jpg
400 278
29 52 284 267; 56 53 285 204; 53 51 286 218; 

56\168_168190.jpg
265 400
66 48 187 288; 68 46 186 299; 69 47 185 297; 

56\168_168191.jpg
400 264
242 52 318 206; 242 52 319 216; 244 52 317 219; 

56\168_168207.jpg
400 295
173 76 318 269; 177 81 315 271; 176 82 314 272; 

56\168_168210.jpg
400 266
72 8 309 259; 114 13 316 266; 140 44 314 266; 

56\168_168211.jpg
400 266
48 5 340 212; 46 43 339 215; 47 1 340 216; 

56\168_168221.jpg
400 265
201 9 344 264; 233 48 332 166; 217 2 348 265; 

56\168_168222.jpg
273 400
94 48 259 284; 98 85 263 284; 99 4 259 287; 

56\168_168224.jpg
400 257
21 2 262 251; 43 50 231 247; 38 4 248 248; 

56\168_168231.jpg
300 400
59 145 286 398; 46 143 282 400; 48 144 300 400; 

56\168_168234.jpg
266 400
28 126 258 239; 25 126 258 239; 24 126 256 240; 

56\168_168238.jpg
400 296
108 64 330 242; 108 64 369 238; 106 64 367 251; 

56\168_168241.jpg
400 294
42 86 380 228; 43 87 381 227; 41 86 382 228; 

56\168_168242.jpg
400 266
44 38 228 206; 43 38 226 204; 42 37 225 206; 

56\168_168252.jpg
400 400
96 26 318 388; 28 23 285 389; 29 26 372 392; 

56\168_168270.jpg
400 343
126 92 238 325; 70 80 237 322; 71 82 236 326; 

56\168_168275.jpg
400 300
49 22 312 226; 52 24 284 274; 51 26 279 212; 

56\168_168277.jpg
400 266
160 30 368 237; 163 31 369 238; 163 31 369 242; 

56\168_168287.jpg
400 266
52 9 261 249; 57 6 278 251; 56 5 281 249; 

56\168_168289.jpg
400 300
104 4 359 261; 148 89 321 253; 138 1 362 252; 

56\168_168307.jpg
400 230
29 13 287 202; 31 16 298 216; 78 15 294 214; 

56\168_168321.jpg
400 266
110 48 386 217; 108 26 389 256; 108 29 389 251; 

56\168_168335.jpg
400 266
18 46 248 199; 16 41 252 251; 16 41 249 253; 

56\168_168338.jpg
400 400
51 62 368 338; 31 59 371 382; 28 60 370 382; 

56\168_168355.jpg
300 400
58 29 256 335; 63 81 262 299; 57 28 262 336; 

56\168_168360.jpg
377 400
64 116 311 229; 59 104 334 222; 61 106 336 364; 

56\168_168372.jpg
400 266
116 28 279 263; 120 29 281 266; 121 28 291 266; 

56\168_168376.jpg
400 200
92 14 204 116; 94 21 203 117; 95 20 203 118; 

56\168_168383.jpg
400 267
110 14 324 221; 115 5 321 223; 113 4 323 221; 

56\168_168396.jpg
400 306
20 4 288 276; 148 63 246 211; 1 1 286 272; 

56\168_168402.jpg
400 308
218 26 372 278; 218 21 377 278; 219 23 375 278; 

56\168_168403.jpg
400 266
27 32 272 184; 27 31 274 176; 20 30 273 245; 

56\168_168405.jpg
400 265
82 35 321 239; 78 37 319 246; 79 38 319 243; 

56\168_168407.jpg
400 316
122 72 378 248; 123 74 379 250; 123 71 379 249; 

56\168_168413.jpg
266 400
97 86 239 294; 93 91 241 284; 96 82 239 284; 

56\168_168420.jpg
300 400
22 15 168 378; 26 14 168 379; 22 10 170 382; 

56\168_168423.jpg
368 400
28 82 296 368; 107 83 222 394; 10 4 356 395; 

56\168_168457.jpg
400 266
78 56 398 232; 78 52 400 236; 76 54 399 214; 

56\168_168462.jpg
266 400
62 242 196 346; 62 243 185 340; 64 245 184 339; 

56\168_168474.jpg
400 320
19 68 342 300; 2 66 355 289; 1 66 351 297; 

56\168_168499.jpg
400 276
140 0 350 245; 138 61 325 236; 140 1 351 239; 

56\168_168503.jpg
400 267
74 69 389 221; 75 60 399 214; 75 69 398 221; 

56\168_168507.jpg
296 400
57 188 271 364; 56 192 275 344; 23 182 272 363; 

56\168_168513.jpg
400 296
29 66 270 293; 28 65 284 290; 28 66 285 289; 

56\168_168519.jpg
267 400
102 154 202 352; 106 154 199 346; 106 154 199 347; 

56\168_168523.jpg
400 300
202 102 324 228; 194 101 336 217; 194 104 331 215; 

56\168_168526.jpg
400 273
112 8 347 272; 128 69 299 232; 116 1 348 229; 

56\168_168530.jpg
400 267
68 48 346 246; 30 74 282 219; 29 53 282 268; 

56\168_168533.jpg
300 400
78 17 232 392; 78 16 231 391; 78 15 232 393; 

56\168_168537.jpg
400 267
130 6 365 266; 131 13 236 216; 129 5 399 268; 

56\168_168552.jpg
400 266
22 63 353 221; 81 65 357 209; 7 63 356 254; 

56\168_168554.jpg
400 266
142 30 330 211; 139 29 383 253; 140 28 380 253; 

56\168_168555.jpg
400 266
160 60 340 209; 159 59 345 211; 157 57 348 251; 

56\168_168556.jpg
400 266
100 28 204 137; 103 29 205 137; 95 28 207 143; 

56\168_168575.jpg
400 300
80 28 258 239; 75 33 248 231; 76 31 253 235; 

56\168_168590.jpg
400 300
126 68 298 238; 139 69 293 248; 141 68 319 245; 

56\168_168608.jpg
400 300
158 11 396 217; 156 14 400 221; 162 9 400 219; 

56\168_168619.jpg
400 266
164 64 242 262; 161 63 246 266; 162 64 246 266; 

56\168_168627.jpg
400 266
198 101 353 179; 198 101 351 166; 198 102 352 174; 

56\168_168643.jpg
400 300
110 54 310 216; 109 52 316 218; 108 51 317 219; 

56\168_168644.jpg
400 300
15 64 149 293; 18 66 142 300; 18 66 143 300; 

56\168_168647.jpg
246 400
15 116 229 379; 14 40 229 382; 14 38 229 382; 

56\168_168671.jpg
400 300
182 66 320 174; 186 69 322 174; 184 67 321 174; 

56\168_168672.jpg
400 361
101 70 308 345; 98 68 312 321; 98 69 312 358; 

56\168_168673.jpg
400 300
124 26 391 183; 124 24 389 179; 125 25 388 181; 

56\168_168692.jpg
400 269
47 12 286 268; 64 11 209 204; 64 11 209 201; 

56\168_168694.jpg
400 266
209 92 364 230; 207 90 364 227; 204 92 363 228; 

56\168_168712.jpg
400 320
126 20 380 251; 128 114 332 250; 126 21 384 252; 

56\168_168727.jpg
400 266
94 30 353 241; 92 17 368 242; 91 19 398 266; 

56\168_168728.jpg
266 400
74 100 204 282; 76 101 206 280; 78 101 205 279; 

56\168_168732.jpg
400 366
104 32 298 363; 104 32 299 281; 104 29 299 366; 

56\168_168736.jpg
286 400
72 84 247 298; 72 88 243 299; 72 41 249 303; 

56\168_168741.jpg
400 310
64 18 364 246; 42 19 366 248; 42 20 364 310; 

56\168_168748.jpg
400 266
4 140 258 241; 1 144 261 240; 1 0 259 266; 

56\168_168750.jpg
400 266
31 108 356 148; 6 104 400 148; 1 105 396 148; 

56\168_168767.jpg
400 300
94 44 291 243; 87 37 302 238; 87 38 284 228; 

56\168_168768.jpg
400 300
92 72 208 202; 92 72 211 202; 96 79 203 187; 

56\168_168781.jpg
400 322
126 82 366 294; 126 82 364 290; 129 82 382 295; 

56\168_168782.jpg
400 345
60 56 298 344; 90 54 300 345; 101 51 290 292; 

56\168_168875.jpg
299 400
32 50 271 213; 47 45 271 213; 41 51 273 214; 

56\168_168878.jpg
400 272
100 58 298 264; 102 54 301 263; 103 54 299 262; 

56\168_168882.jpg
400 323
37 23 250 311; 38 105 251 311; 39 6 251 308; 

56\168_168884.jpg
400 323
180 40 382 308; 181 41 352 238; 182 41 352 238; 

56\168_168886.jpg
400 272
138 26 278 262; 138 16 283 224; 139 16 281 221; 

56\168_168888.jpg
400 272
98 4 285 258; 101 8 282 258; 100 9 284 261; 

56\168_168924.jpg
400 300
100 52 320 280; 98 56 325 284; 93 58 326 286; 

56\168_168927.jpg
400 300
86 4 330 234; 86 3 332 236; 86 3 331 236; 

56\168_168969.jpg
400 266
108 12 289 262; 106 12 278 243; 108 11 276 244; 

56\168_168995.jpg
400 290
195 26 358 256; 188 25 356 256; 194 26 356 254; 

56\168_168998.jpg
266 400
82 86 187 388; 81 52 209 395; 77 51 209 396; 

56\169_169028.jpg
268 400
52 116 244 354; 15 100 249 374; 13 103 249 374; 

56\169_169035.jpg
300 400
94 10 276 282; 91 8 277 284; 93 7 279 284; 

56\169_169042.jpg
400 300
74 32 330 270; 72 34 334 268; 72 34 332 274; 

56\169_169043.jpg
400 300
74 32 330 266; 72 32 332 273; 73 34 334 271; 

56\169_169060.jpg
400 278
70 80 324 198; 69 80 326 201; 71 81 326 199; 

56\169_169061.jpg
400 266
56 32 226 216; 51 2 223 264; 50 2 223 218; 

56\169_169082.jpg
400 288
100 60 362 240; 36 59 361 239; 38 61 362 239; 

56\169_169083.jpg
400 288
46 56 360 212; 34 58 362 213; 37 58 358 214; 

56\169_169114.jpg
400 398
20 22 256 249; 19 23 258 251; 19 22 259 252; 

56\169_169115.jpg
400 265
140 46 310 228; 144 48 312 228; 142 48 312 229; 

56\169_169122.jpg
400 317
40 12 338 255; 13 14 341 215; 13 15 340 292; 

56\169_169128.jpg
399 394
86 44 304 338; 83 44 315 334; 80 44 313 338; 

56\169_169131.jpg
400 320
128 92 326 316; 119 91 334 314; 119 91 332 320; 

56\169_169139.jpg
400 281
228 58 329 254; 231 56 324 253; 231 54 328 253; 

56\169_169149.jpg
400 300
92 24 328 258; 92 24 330 261; 91 25 328 259; 

56\169_169162.jpg
400 395
56 62 360 341; 139 64 362 289; 76 41 365 291; 

56\169_169163.jpg
241 400
42 31 197 204; 91 29 197 154; 52 32 197 156; 

56\169_169164.jpg
378 400
14 28 126 194; 12 27 108 131; 11 28 136 162; 

56\169_169167.jpg
400 320
11 18 159 136; 13 19 158 131; 11 20 159 130; 

56\169_169168.jpg
304 400
130 128 257 272; 128 127 255 276; 131 130 296 271; 

56\169_169182.jpg
400 266
52 82 348 230; 51 84 351 236; 51 6 348 231; 

56\169_169190.jpg
400 315
86 56 272 269; 114 58 274 264; 112 57 272 268; 

56\169_169210.jpg
400 398
15 107 143 396; 51 103 141 320; 83 108 140 165; 

56\169_169220.jpg
400 266
176 38 354 199; 172 39 366 208; 172 42 360 200; 

56\169_169235.jpg
400 275
228 162 364 273; 231 168 369 274; 228 166 368 275; 

56\169_169282.jpg
266 400
18 132 192 397; 1 129 145 307; 2 131 266 400; 

56\169_169288.jpg
400 271
206 89 354 256; 205 89 351 264; 206 89 352 266; 

56\169_169296.jpg
400 265
24 81 360 213; 26 82 362 209; 25 82 361 211; 

56\169_169311.jpg
400 285
38 109 272 209; 41 68 272 210; 38 69 271 209; 

56\169_169319.jpg
400 300
50 30 312 292; 48 34 334 298; 49 32 336 300; 

56\169_169349.jpg
399 265
118 60 384 195; 119 60 388 194; 118 61 386 195; 

56\169_169357.jpg
400 266
164 4 324 230; 171 51 327 232; 170 50 325 230; 

56\169_169361.jpg
300 400
62 38 204 385; 64 36 206 388; 57 37 206 386; 

56\169_169367.jpg
400 300
40 102 329 248; 43 105 328 245; 42 102 331 241; 

56\169_169368.jpg
400 300
50 110 334 254; 48 112 336 251; 48 109 334 249; 

56\169_169373.jpg
400 299
119 0 345 233; 126 3 334 230; 128 2 334 228; 

56\169_169397.jpg
400 355
156 96 304 301; 156 95 308 302; 154 97 307 304; 

56\169_169416.jpg
400 340
76 52 294 330; 76 110 296 340; 67 1 296 319; 

56\169_169429.jpg
399 299
42 42 162 180; 41 41 179 181; 42 41 175 179; 

56\169_169439.jpg
400 379
136 151 266 345; 137 195 268 350; 136 195 268 348; 

56\169_169445.jpg
400 360
10 105 172 262; 5 109 178 259; 2 106 176 260; 

56\169_169475.jpg
400 390
56 6 324 304; 85 58 319 259; 56 1 319 258; 

56\169_169476.jpg
266 400
23 34 252 269; 25 34 254 281; 26 32 253 282; 

56\169_169489.jpg
400 296
209 125 323 242; 221 132 317 243; 215 129 318 242; 

56\169_169491.jpg
400 284
192 39 361 258; 192 37 362 252; 189 36 363 254; 

56\169_169504.jpg
205 400
74 62 175 370; 77 29 180 379; 77 81 182 375; 

56\169_169526.jpg
400 266
24 72 286 253; 27 72 289 255; 28 70 288 261; 

56\169_169536.jpg
400 288
60 44 328 269; 66 43 331 272; 62 44 327 270; 

56\169_169538.jpg
266 400
84 80 239 214; 87 78 239 213; 86 79 239 214; 

56\169_169561.jpg
399 389
9 148 124 370; 6 146 122 388; 6 147 123 390; 

56\169_169563.jpg
400 284
94 58 334 206; 96 59 334 185; 93 59 332 185; 

56\169_169564.jpg
400 267
144 13 332 263; 100 21 334 264; 100 18 332 266; 

56\169_169565.jpg
400 267
104 40 344 237; 39 36 346 240; 40 35 346 237; 

56\169_169600.jpg
400 265
87 28 306 263; 87 80 301 248; 85 1 309 248; 

56\169_169605.jpg
400 300
234 132 364 250; 237 136 364 247; 240 135 359 240; 

56\169_169609.jpg
400 266
239 26 320 218; 240 29 316 217; 240 0 315 217; 

56\169_169616.jpg
400 268
238 62 358 238; 238 62 361 242; 238 63 360 244; 

56\169_169618.jpg
400 265
42 71 306 216; 45 69 308 222; 45 70 309 265; 

56\169_169631.jpg
400 324
94 72 318 308; 92 75 319 304; 92 75 320 305; 

56\169_169641.jpg
265 400
49 18 259 296; 22 18 265 296; 18 17 265 298; 

56\169_169645.jpg
265 400
52 20 185 382; 46 16 201 396; 44 15 199 395; 

56\169_169647.jpg
400 265
34 82 338 175; 32 83 344 176; 32 83 342 179; 

56\169_169651.jpg
265 400
36 23 136 360; 39 19 139 374; 38 18 138 376; 

56\169_169652.jpg
400 265
106 6 314 256; 108 3 309 258; 109 2 399 255; 

56\169_169667.jpg
300 400
10 50 238 230; 7 55 239 231; 9 53 238 229; 

56\169_169683.jpg
400 379
70 40 330 359; 71 84 284 338; 71 12 332 337; 

56\169_169684.jpg
400 270
31 11 216 244; 6 16 258 245; 4 14 256 244; 

56\169_169686.jpg
345 400
59 54 281 346; 58 46 276 354; 55 45 282 352; 

56\169_169688.jpg
285 399
165 114 275 354; 166 114 279 361; 166 114 281 357; 

56\169_169691.jpg
321 400
24 64 235 324; 9 38 312 350; 5 39 312 395; 

56\169_169693.jpg
288 400
26 62 271 312; 14 21 243 294; 112 21 201 131; 

56\169_169695.jpg
288 400
40 46 199 306; 39 33 201 309; 39 34 203 394; 

56\169_169697.jpg
300 400
28 114 264 322; 12 116 265 334; 11 82 265 334; 

56\169_169716.jpg
400 299
259 116 386 280; 261 113 381 273; 262 116 381 272; 

56\169_169734.jpg
400 320
10 14 168 304; 32 60 150 261; 204 91 388 234; 

56\169_169742.jpg
400 266
44 68 369 224; 96 66 366 216; 94 67 365 216; 

56\169_169745.jpg
300 400
18 79 264 322; 14 115 264 335; 11 78 264 334; 

56\169_169759.jpg
400 255
98 28 306 253; 98 28 306 255; 98 28 306 255; 

56\169_169764.jpg
400 311
104 64 314 291; 102 93 294 295; 106 94 296 293; 

56\169_169824.jpg
400 266
6 44 241 264; 64 42 207 212; 0 40 244 266; 

56\169_169835.jpg
206 400
56 78 199 330; 51 78 200 340; 56 76 198 400; 

56\169_169851.jpg
348 400
52 90 302 362; 101 119 288 367; 41 78 305 360; 

56\169_169861.jpg
400 307
76 26 321 282; 88 54 294 264; 79 27 322 288; 

56\169_169867.jpg
400 266
22 32 166 211; 21 103 165 212; 19 102 164 209; 

56\169_169869.jpg
400 248
38 76 349 171; 31 76 356 177; 24 73 364 178; 

56\169_169873.jpg
346 399
64 120 301 268; 58 116 306 266; 57 123 303 266; 

56\169_169874.jpg
400 317
14 183 218 293; 12 183 218 298; 12 186 217 294; 

56\169_169889.jpg
400 320
160 98 312 250; 159 92 314 241; 160 92 312 244; 

56\169_169898.jpg
400 342
78 50 338 264; 81 68 336 261; 78 52 334 259; 

56\169_169901.jpg
400 266
232 58 348 251; 234 56 348 251; 234 54 348 248; 

56\169_169918.jpg
400 400
90 54 310 339; 4 52 304 353; 10 53 306 354; 

56\169_169919.jpg
400 300
56 30 278 252; 51 33 276 255; 51 29 278 251; 

56\169_169936.jpg
400 266
192 4 371 214; 189 6 370 215; 191 6 371 217; 

56\169_169950.jpg
400 396
104 50 302 256; 103 48 306 251; 101 49 308 248; 

56\169_169954.jpg
395 400
58 150 347 336; 56 149 305 341; 56 149 351 340; 

56\169_169989.jpg
400 267
40 18 194 266; 58 19 201 216; 58 19 196 216; 

56\169_169998.jpg
400 275
161 29 353 269; 161 21 321 211; 160 31 400 275; 

56\170_170004.jpg
400 267
16 0 236 266; 78 64 223 237; 18 2 241 268; 

56\170_170009.jpg
400 270
28 32 258 236; 28 24 229 238; 26 22 273 241; 

56\170_170016.jpg
400 293
144 107 342 272; 144 106 345 284; 84 34 347 282; 

56\170_170017.jpg
400 278
153 2 350 278; 154 108 340 236; 144 1 362 236; 

56\170_170018.jpg
279 400
74 26 221 250; 80 93 225 224; 81 24 236 221; 

56\170_170030.jpg
400 300
62 10 252 289; 150 89 232 219; 63 0 251 224; 

56\170_170046.jpg
400 400
150 84 342 386; 151 86 348 380; 148 81 345 400; 

56\170_170047.jpg
399 367
62 85 360 307; 66 82 367 304; 64 87 366 311; 

56\170_170048.jpg
400 334
183 6 354 287; 180 100 335 283; 181 1 348 285; 

56\170_170061.jpg
400 266
138 68 284 262; 139 71 286 266; 138 73 284 266; 

56\170_170064.jpg
400 266
24 82 202 232; 24 101 202 219; 24 105 202 216; 

56\170_170065.jpg
266 400
92 96 194 310; 93 96 194 301; 96 98 196 298; 

56\170_170066.jpg
400 266
156 61 369 256; 154 61 366 229; 154 51 400 266; 

56\170_170068.jpg
400 348
26 67 238 269; 24 72 241 269; 23 72 239 281; 

56\170_170074.jpg
373 400
39 76 221 386; 34 78 153 368; 31 78 208 400; 

56\170_170079.jpg
400 377
68 66 214 241; 71 69 216 241; 71 69 214 241; 

56\170_170089.jpg
400 298
12 16 224 296; 36 14 223 209; 1 14 229 299; 

56\170_170096.jpg
400 266
48 66 385 239; 40 67 338 239; 41 68 382 240; 

56\170_170111.jpg
286 400
10 62 187 332; 13 68 173 265; 1 68 285 399; 

56\170_170121.jpg
240 400
52 36 195 396; 49 33 175 400; 50 34 199 400; 

56\170_170125.jpg
400 288
152 132 392 287; 150 133 400 289; 151 133 400 289; 

56\170_170135.jpg
399 287
86 103 248 211; 43 101 297 229; 39 78 307 247; 

56\170_170136.jpg
400 258
128 0 314 254; 149 89 304 218; 134 0 316 219; 

56\170_170137.jpg
400 281
16 0 266 243; 31 56 253 239; 12 2 261 242; 

56\170_170140.jpg
400 251
64 14 374 169; 49 44 378 234; 51 44 238 235; 

56\170_170146.jpg
266 400
10 76 252 318; 3 79 257 347; 1 78 253 355; 

56\170_170147.jpg
255 400
40 136 251 336; 32 125 250 394; 28 126 251 396; 

56\170_170155.jpg
302 400
12 50 284 310; 11 51 289 309; 11 49 288 312; 

56\170_170157.jpg
188 400
46 262 136 356; 45 260 139 395; 48 262 138 395; 

56\170_170158.jpg
400 295
134 96 312 271; 128 109 314 281; 131 108 313 280; 

56\170_170160.jpg
400 300
166 12 342 290; 172 11 343 292; 171 12 343 290; 

56\170_170161.jpg
320 400
100 39 274 376; 108 27 238 209; 120 28 319 214; 

56\170_170169.jpg
400 266
80 58 288 216; 71 50 313 246; 76 51 311 265; 

56\170_170170.jpg
400 305
114 78 364 283; 114 73 368 283; 115 72 367 287; 

56\170_170173.jpg
400 281
54 76 320 213; 61 73 319 209; 62 75 319 206; 

56\170_170177.jpg
400 300
82 58 314 298; 105 71 270 236; 100 1 309 235; 

56\170_170183.jpg
400 228
196 24 372 211; 193 44 374 213; 192 1 375 220; 

56\170_170184.jpg
400 318
160 21 389 301; 161 71 392 307; 161 44 394 304; 

56\170_170191.jpg
266 400
29 110 228 362; 31 102 242 365; 28 106 245 362; 

56\170_170196.jpg
400 266
76 14 242 237; 78 9 274 244; 79 12 276 242; 

56\170_170203.jpg
400 400
114 148 288 261; 119 149 285 258; 112 149 282 258; 

56\170_170218.jpg
400 281
56 81 320 211; 64 76 319 212; 62 76 319 206; 

56\170_170221.jpg
400 232
8 31 109 226; 12 29 109 231; 10 29 109 232; 

56\170_170237.jpg
400 320
28 64 261 311; 16 66 263 320; 19 66 262 319; 

56\170_170240.jpg
278 400
48 58 247 389; 50 65 247 232; 54 46 249 391; 

56\170_170244.jpg
400 219
31 58 371 182; 29 58 368 182; 22 58 366 179; 

56\170_170246.jpg
400 300
80 4 320 242; 74 43 321 241; 81 0 320 278; 

56\170_170247.jpg
400 341
32 31 344 269; 27 32 349 274; 28 31 348 275; 

56\170_170248.jpg
300 400
18 142 278 292; 8 164 288 290; 7 162 292 290; 

56\170_170254.jpg
286 400
116 280 247 388; 102 270 258 400; 104 233 266 400; 

56\170_170273.jpg
400 274
62 26 272 238; 65 23 276 234; 65 24 279 240; 

56\170_170284.jpg
400 300
78 46 244 234; 38 47 268 266; 38 49 265 262; 

56\170_170285.jpg
400 283
139 111 356 254; 134 114 361 248; 135 116 361 246; 

56\170_170286.jpg
400 294
56 34 256 291; 56 21 244 235; 56 23 243 247; 

56\170_170287.jpg
400 310
63 74 366 191; 64 76 362 196; 64 78 362 193; 

56\170_170290.jpg
400 248
110 54 260 221; 119 55 263 190; 111 55 262 226; 

56\170_170292.jpg
320 400
66 46 254 288; 62 46 305 366; 61 46 304 366; 

56\170_170294.jpg
285 400
94 39 241 242; 91 33 239 220; 75 35 242 348; 

56\170_170296.jpg
400 320
34 36 307 204; 32 33 302 152; 29 33 303 179; 

56\170_170298.jpg
400 272
58 4 310 259; 59 4 355 259; 58 3 358 261; 

56\170_170301.jpg
400 265
48 38 310 255; 204 41 315 265; 37 1 344 265; 

56\170_170311.jpg
266 400
28 62 232 266; 31 68 260 369; 30 70 259 369; 

56\170_170316.jpg
400 385
26 11 368 276; 126 142 285 372; 26 12 369 374; 

56\170_170321.jpg
400 300
2 139 304 296; 30 188 304 294; 32 136 362 300; 

56\170_170323.jpg
400 269
14 49 344 241; 66 89 238 251; 4 53 359 244; 

56\170_170325.jpg
400 304
148 38 369 256; 169 103 366 251; 136 37 370 250; 

56\170_170326.jpg
400 386
88 58 308 330; 76 50 323 361; 36 30 350 362; 

56\170_170327.jpg
320 400
54 161 274 242; 51 160 281 247; 50 160 279 244; 

56\170_170338.jpg
400 263
45 46 166 147; 51 51 168 150; 48 50 166 149; 

56\170_170340.jpg
382 400
47 212 224 374; 50 210 223 374; 47 211 222 376; 

56\170_170347.jpg
400 305
88 76 318 248; 91 78 319 244; 86 78 318 255; 

56\170_170354.jpg
400 320
15 64 292 312; 36 68 274 309; 97 139 181 226; 

56\170_170358.jpg
400 266
6 11 230 221; 4 2 189 200; 0 0 232 224; 

56\170_170373.jpg
400 311
119 49 288 233; 139 52 291 272; 113 49 292 285; 

56\170_170375.jpg
400 278
48 48 182 228; 46 49 182 234; 48 49 182 236; 

56\170_170379.jpg
308 400
70 116 271 358; 69 118 276 376; 71 100 272 379; 

56\170_170393.jpg
400 282
104 60 306 235; 106 63 304 234; 106 58 307 253; 

56\170_170401.jpg
400 266
24 16 237 141; 2 16 216 127; 17 16 220 130; 

56\170_170407.jpg
399 290
33 8 196 277; 34 6 197 197; 35 8 194 192; 

56\170_170410.jpg
400 295
144 58 296 209; 135 59 300 219; 134 60 299 218; 

56\170_170419.jpg
399 266
38 36 179 155; 46 36 174 154; 48 35 171 150; 

56\170_170425.jpg
400 266
100 85 324 229; 81 89 319 222; 87 89 321 223; 

56\170_170433.jpg
266 400
37 28 212 389; 36 27 209 289; 39 24 211 312; 

56\170_170439.jpg
266 400
26 234 102 382; 24 231 104 400; 24 234 104 400; 

56\170_170440.jpg
266 400
56 40 166 315; 6 23 164 311; 5 22 166 312; 

56\170_170442.jpg
400 320
25 27 267 312; 25 24 234 242; 23 24 234 217; 

56\170_170452.jpg
400 266
96 60 234 214; 96 62 237 214; 93 62 234 215; 

56\170_170463.jpg
400 280
10 82 212 256; 2 94 205 266; 1 91 281 266; 

56\170_170465.jpg
320 400
72 21 232 232; 71 5 234 282; 70 3 241 400; 

56\170_170471.jpg
400 266
24 34 368 171; 26 33 374 165; 26 34 378 164; 

56\170_170472.jpg
400 266
106 16 328 263; 109 3 332 261; 106 0 341 264; 

56\170_170474.jpg
292 400
72 176 221 276; 74 178 221 280; 74 178 221 281; 

56\170_170481.jpg
400 266
72 8 324 247; 71 8 323 249; 71 6 326 249; 

56\170_170494.jpg
280 400
28 156 122 368; 21 157 124 400; 24 159 121 400; 

56\170_170496.jpg
400 268
12 54 259 244; 90 52 266 265; 3 49 262 264; 

56\170_170500.jpg
400 203
22 46 352 155; 22 52 345 131; 20 52 346 155; 

56\170_170519.jpg
379 399
84 98 225 350; 22 102 287 397; 21 99 287 399; 

56\170_170540.jpg
400 268
142 56 238 229; 142 57 237 226; 145 56 236 228; 

56\170_170554.jpg
400 268
12 78 384 194; 5 80 389 199; 7 79 386 198; 

56\170_170571.jpg
399 399
84 151 285 328; 82 156 282 326; 88 158 279 324; 

56\170_170589.jpg
400 345
40 151 258 309; 38 153 259 309; 41 154 257 309; 

56\170_170601.jpg
400 320
34 59 382 224; 16 56 381 225; 12 58 379 222; 

56\170_170630.jpg
300 400
40 62 182 342; 31 61 233 354; 32 20 231 351; 

56\170_170674.jpg
400 251
54 18 290 248; 54 18 291 249; 54 18 290 251; 

56\170_170700.jpg
400 300
128 2 338 295; 132 12 341 262; 134 12 337 261; 

56\170_170701.jpg
400 300
30 19 286 298; 31 2 212 241; 4 1 284 300; 

56\170_170702.jpg
400 300
97 0 306 290; 115 1 291 232; 95 0 291 226; 

56\170_170703.jpg
400 300
50 64 214 270; 52 96 216 247; 51 12 214 226; 

56\170_170705.jpg
400 300
126 40 312 298; 139 106 306 285; 128 38 308 284; 

56\170_170722.jpg
346 400
25 264 179 396; 26 265 182 393; 26 265 180 393; 

56\170_170728.jpg
400 300
90 42 272 222; 90 37 278 219; 96 42 266 212; 

56\170_170744.jpg
400 296
80 32 350 227; 85 32 349 227; 81 32 348 229; 

56\170_170745.jpg
400 370
94 54 374 256; 98 56 375 260; 96 55 374 259; 

56\170_170758.jpg
400 266
4 68 254 260; 2 69 252 264; 1 68 255 266; 

56\170_170759.jpg
400 269
4 9 212 261; 38 29 180 174; 8 4 216 171; 

56\170_170760.jpg
400 308
197 14 391 300; 212 39 332 199; 196 4 393 199; 

56\170_170762.jpg
400 249
58 36 125 202; 59 32 124 199; 59 2 123 200; 

56\170_170770.jpg
267 400
87 195 224 389; 90 194 216 391; 89 198 216 389; 

56\170_170779.jpg
281 400
101 72 238 361; 112 71 238 364; 89 71 238 362; 

56\170_170839.jpg
400 302
119 78 334 243; 125 81 334 226; 126 78 332 240; 

56\170_170846.jpg
400 300
252 54 345 276; 252 104 349 271; 256 109 348 276; 

56\170_170862.jpg
300 400
10 96 200 320; 12 104 199 322; 9 104 200 322; 

56\170_170876.jpg
400 400
34 23 350 296; 38 25 352 293; 38 24 351 400; 

56\170_170880.jpg
400 263
36 164 376 253; 45 162 379 251; 44 163 378 251; 

56\170_170883.jpg
400 266
122 52 292 209; 122 52 291 208; 123 51 293 212; 

56\170_170888.jpg
400 278
108 110 292 252; 107 107 296 242; 109 48 294 252; 

56\170_170899.jpg
400 266
92 96 394 246; 78 96 398 266; 79 96 399 266; 

56\170_170906.jpg
400 320
50 48 200 312; 53 32 207 320; 51 29 209 320; 

56\170_170907.jpg
400 266
112 28 342 225; 152 44 292 221; 41 0 400 266; 

56\170_170921.jpg
399 313
92 32 328 274; 55 31 342 290; 56 35 339 287; 

56\170_170928.jpg
399 399
52 106 222 310; 24 117 224 365; 57 115 260 381; 

56\170_170933.jpg
278 400
4 168 172 393; 3 170 174 399; 3 170 172 400; 

56\170_170947.jpg
400 314
40 164 222 310; 39 162 222 314; 41 164 222 314; 

56\170_170983.jpg
400 300
200 154 328 268; 201 157 330 264; 202 157 332 263; 

56\170_170991.jpg
400 301
48 18 308 281; 43 13 324 288; 67 42 304 249; 

56\170_170995.jpg
285 400
28 186 261 364; 21 194 256 356; 31 169 258 361; 

