341

59\177_177003.jpg
311 400
129 82 241 310; 129 152 244 311; 132 68 242 310; 

59\177_177018.jpg
300 400
66 94 244 298; 66 93 246 299; 68 94 248 298; 

59\177_177030.jpg
400 296
106 46 242 217; 104 47 248 252; 108 46 248 256; 

59\177_177044.jpg
400 266
114 50 338 253; 108 47 339 257; 111 48 340 255; 

59\177_177046.jpg
265 400
28 142 187 286; 24 144 185 284; 49 89 198 269; 

59\177_177047.jpg
265 400
28 134 182 274; 28 128 179 273; 47 67 193 251; 

59\177_177056.jpg
400 265
29 84 177 242; 29 82 175 238; 32 34 182 214; 

59\177_177062.jpg
399 266
116 70 378 234; 83 67 381 238; 205 71 379 235; 

59\177_177065.jpg
367 400
40 56 351 315; 36 58 238 328; 38 58 189 142; 

59\177_177076.jpg
399 266
42 32 334 241; 13 30 338 244; 2 32 336 244; 

59\177_177077.jpg
399 266
30 44 296 215; 2 34 297 223; 113 34 294 202; 

59\177_177079.jpg
399 266
72 56 378 253; 2 55 399 267; 136 69 400 267; 

59\177_177080.jpg
399 266
92 88 342 263; 80 90 354 264; 136 90 355 267; 

59\177_177095.jpg
265 400
50 86 203 388; 56 86 207 399; 39 64 205 400; 

59\177_177096.jpg
400 265
120 5 380 234; 118 1 258 228; 118 1 400 261; 

59\177_177097.jpg
399 266
98 42 328 263; 92 39 328 267; 95 38 329 267; 

59\177_177109.jpg
265 400
8 8 258 258; 3 3 209 254; 22 134 265 254; 

59\177_177110.jpg
400 263
13 52 226 258; 16 51 230 264; 17 50 230 264; 

59\177_177111.jpg
400 266
124 45 395 176; 118 60 318 171; 121 43 400 181; 

59\177_177113.jpg
400 266
92 112 390 221; 91 106 399 219; 92 108 400 221; 

59\177_177118.jpg
400 343
18 46 328 310; 19 45 304 266; 18 46 332 300; 

59\177_177126.jpg
285 400
44 32 207 286; 56 38 212 254; 1 17 240 400; 

59\177_177129.jpg
285 400
76 50 191 398; 80 50 189 400; 75 50 194 400; 

59\177_177133.jpg
320 400
79 33 282 334; 79 16 291 279; 30 9 319 400; 

59\177_177138.jpg
400 322
64 71 356 264; 12 27 380 263; 97 79 355 251; 

59\177_177177.jpg
400 301
88 18 314 238; 89 14 314 267; 89 16 314 269; 

59\177_177179.jpg
400 275
210 20 339 187; 214 67 336 194; 206 6 341 193; 

59\177_177180.jpg
400 266
67 46 240 254; 13 43 241 267; 16 44 239 267; 

59\177_177183.jpg
400 278
98 18 250 269; 94 84 247 228; 96 16 253 223; 

59\177_177210.jpg
266 400
38 18 248 294; 63 158 217 270; 36 20 249 271; 

59\177_177213.jpg
400 286
38 137 198 258; 38 136 196 259; 38 138 197 260; 

59\177_177217.jpg
400 266
94 39 208 253; 91 19 209 226; 95 18 211 229; 

59\177_177225.jpg
400 248
209 50 336 212; 209 50 341 211; 211 51 341 209; 

59\177_177229.jpg
266 400
76 45 229 372; 77 47 227 388; 78 44 228 389; 

59\177_177251.jpg
400 300
63 62 350 292; 94 62 326 255; 61 17 388 300; 

59\177_177254.jpg
400 300
31 2 228 289; 85 1 233 206; 1 1 232 300; 

59\177_177279.jpg
400 308
58 26 292 286; 58 27 292 284; 59 28 293 284; 

59\177_177285.jpg
399 299
110 38 276 296; 112 34 264 235; 112 37 264 229; 

59\177_177287.jpg
400 287
24 8 229 281; 26 73 204 229; 26 73 200 234; 

59\177_177290.jpg
399 320
106 96 308 304; 104 94 252 304; 57 80 336 319; 

59\177_177301.jpg
267 400
76 74 219 393; 73 58 212 399; 76 59 212 400; 

59\177_177302.jpg
266 400
60 66 251 350; 58 59 259 352; 59 62 259 352; 

59\177_177304.jpg
257 400
50 130 206 398; 51 70 208 400; 52 65 206 400; 

59\177_177305.jpg
263 400
38 136 145 396; 39 95 208 399; 41 95 145 399; 

59\177_177307.jpg
400 360
30 62 319 274; 18 58 321 280; 19 59 322 275; 

59\177_177318.jpg
266 400
55 119 185 392; 62 118 180 400; 64 118 186 400; 

59\177_177323.jpg
400 264
32 6 132 238; 35 3 138 243; 36 4 134 241; 

59\177_177331.jpg
400 266
62 126 300 244; 44 158 337 207; 76 130 317 261; 

59\177_177374.jpg
400 300
81 104 274 294; 166 131 275 300; 1 2 317 206; 

59\177_177375.jpg
400 300
72 12 278 296; 67 13 232 299; 67 12 302 300; 

59\177_177388.jpg
400 300
90 68 202 252; 92 62 203 246; 92 63 204 291; 

59\177_177389.jpg
400 287
124 92 325 181; 122 95 337 187; 122 94 338 191; 

59\177_177396.jpg
268 400
60 32 192 394; 61 56 195 391; 63 4 194 391; 

59\177_177397.jpg
267 400
62 18 219 390; 60 17 220 388; 61 16 219 392; 

59\177_177406.jpg
266 400
32 102 197 260; 35 104 198 262; 33 102 198 260; 

59\177_177408.jpg
266 400
34 100 197 264; 33 101 198 261; 34 101 198 260; 

59\177_177411.jpg
266 400
36 102 197 264; 33 102 198 258; 36 102 198 260; 

59\177_177415.jpg
400 301
84 56 352 298; 85 59 352 295; 86 59 353 301; 

59\177_177439.jpg
300 400
50 104 274 394; 39 84 275 400; 39 82 273 400; 

59\177_177449.jpg
311 400
17 22 254 300; 13 20 253 287; 13 21 310 372; 

59\177_177523.jpg
400 400
40 84 388 288; 97 105 385 238; 97 107 384 238; 

59\177_177544.jpg
400 264
196 32 296 256; 198 29 299 264; 199 30 299 264; 

59\177_177550.jpg
400 266
148 52 362 221; 146 51 379 216; 142 51 382 214; 

59\177_177551.jpg
265 400
26 124 248 290; 23 123 258 290; 18 124 259 290; 

59\177_177572.jpg
352 399
84 14 240 388; 85 14 247 395; 87 13 244 394; 

59\177_177575.jpg
400 298
38 44 206 190; 35 29 209 189; 37 29 209 188; 

59\177_177576.jpg
400 298
102 46 342 298; 144 31 342 219; 144 31 343 218; 

59\177_177585.jpg
400 300
82 96 286 298; 81 96 284 300; 81 96 283 300; 

59\177_177589.jpg
307 400
52 87 226 269; 52 86 226 262; 52 85 228 265; 

59\177_177604.jpg
400 285
192 46 306 256; 194 47 307 270; 196 48 308 273; 

59\177_177607.jpg
307 400
42 102 296 370; 126 99 294 373; 43 99 292 371; 

59\177_177617.jpg
400 266
244 20 332 211; 243 21 331 218; 244 19 341 218; 

59\177_177653.jpg
400 365
36 112 343 354; 31 106 349 359; 107 98 369 328; 

59\177_177661.jpg
400 312
149 48 251 202; 145 50 254 258; 145 51 256 258; 

59\177_177662.jpg
400 305
97 46 284 221; 61 46 286 221; 62 48 284 219; 

59\177_177669.jpg
400 319
81 29 376 249; 72 25 381 255; 77 23 379 254; 

59\177_177692.jpg
399 270
92 36 314 259; 91 14 319 260; 90 14 319 260; 

59\177_177722.jpg
285 400
62 68 215 362; 65 61 216 371; 68 66 216 362; 

59\177_177732.jpg
266 400
38 40 156 352; 54 41 158 335; 55 2 156 398; 

59\177_177733.jpg
400 287
114 46 348 256; 112 47 350 197; 54 29 349 284; 

59\177_177760.jpg
400 287
58 96 324 211; 59 89 328 245; 43 78 349 255; 

59\177_177764.jpg
400 278
27 14 240 209; 21 12 278 222; 22 12 276 222; 

59\177_177783.jpg
400 340
86 112 398 263; 82 114 362 252; 78 114 400 263; 

59\177_177831.jpg
400 320
118 66 246 196; 115 67 250 188; 118 69 249 206; 

59\177_177832.jpg
344 400
54 116 226 259; 62 118 226 261; 64 118 226 268; 

59\177_177835.jpg
400 320
100 82 284 190; 67 87 349 192; 69 84 353 194; 

59\177_177836.jpg
311 400
24 78 125 342; 28 78 126 400; 55 77 126 176; 

59\177_177838.jpg
400 344
81 72 342 259; 78 73 329 262; 80 49 332 262; 

59\177_177893.jpg
266 400
38 140 218 352; 39 140 221 354; 33 137 225 359; 

59\177_177912.jpg
266 400
0 92 239 361; 6 103 234 363; 6 104 232 374; 

59\177_177913.jpg
288 400
71 64 206 328; 70 59 209 331; 72 58 207 330; 

59\177_177921.jpg
400 289
28 4 221 288; 32 86 217 249; 4 5 266 286; 

59\177_177922.jpg
400 308
12 4 254 261; 18 71 205 259; 4 4 264 258; 

59\177_177927.jpg
300 400
38 24 230 395; 7 26 201 358; 3 24 239 400; 

59\177_177939.jpg
400 300
52 2 282 298; 94 105 235 218; 51 2 350 299; 

59\177_177943.jpg
400 320
94 17 389 240; 92 16 392 243; 94 15 388 243; 

59\177_177949.jpg
400 320
28 41 254 308; 44 89 241 288; 44 30 242 303; 

59\177_177955.jpg
399 269
134 36 360 262; 129 38 395 264; 132 21 395 265; 

59\177_177965.jpg
400 303
60 24 306 257; 59 20 342 261; 66 24 322 225; 

59\177_177977.jpg
400 400
128 104 358 373; 132 91 356 369; 77 91 354 369; 

59\177_177993.jpg
400 225
30 2 221 221; 12 1 221 225; 11 0 219 225; 

59\178_178002.jpg
400 348
44 48 347 322; 18 46 359 272; 20 46 358 272; 

59\178_178017.jpg
320 400
40 35 285 308; 106 36 274 288; 41 36 288 304; 

59\178_178018.jpg
320 400
112 120 256 321; 109 109 254 338; 108 109 253 338; 

59\178_178019.jpg
400 271
92 12 343 250; 88 1 351 243; 145 1 314 249; 

59\178_178032.jpg
320 400
30 41 291 308; 22 119 174 322; 25 28 300 318; 

59\178_178034.jpg
400 299
69 1 258 250; 67 0 371 253; 68 1 370 251; 

59\178_178042.jpg
320 400
62 148 252 317; 60 148 246 331; 61 146 247 329; 

59\178_178053.jpg
344 400
42 64 285 390; 40 56 286 392; 41 55 283 392; 

59\178_178074.jpg
400 300
110 82 337 258; 58 71 338 298; 212 79 335 222; 

59\178_178076.jpg
400 300
118 20 336 288; 116 18 334 290; 118 18 335 290; 

59\178_178098.jpg
400 369
112 108 396 287; 108 104 400 312; 217 169 362 304; 

59\178_178121.jpg
338 400
54 56 253 352; 52 60 268 314; 52 61 268 374; 

59\178_178122.jpg
301 400
30 150 179 344; 31 150 180 344; 31 152 178 358; 

59\178_178123.jpg
253 400
52 58 209 362; 53 30 203 339; 53 10 202 337; 

59\178_178124.jpg
400 313
60 66 369 258; 35 68 368 286; 51 67 364 244; 

59\178_178125.jpg
400 266
140 40 398 263; 141 109 400 266; 140 79 400 266; 

59\178_178143.jpg
400 266
12 86 322 238; 16 85 319 240; 14 86 320 240; 

59\178_178145.jpg
400 266
28 82 286 231; 26 83 289 232; 24 87 289 234; 

59\178_178175.jpg
400 345
39 34 287 341; 23 32 221 246; 26 36 292 345; 

59\178_178184.jpg
400 295
216 36 334 264; 215 39 338 262; 217 39 337 265; 

59\178_178187.jpg
400 266
11 87 386 224; 7 89 384 222; 7 88 383 228; 

59\178_178204.jpg
400 334
148 32 382 321; 145 31 387 321; 148 32 384 322; 

59\178_178213.jpg
305 399
63 60 284 318; 52 47 284 325; 57 45 285 328; 

59\178_178230.jpg
266 400
70 124 172 367; 73 127 175 366; 71 127 173 369; 

59\178_178231.jpg
295 400
28 151 198 341; 28 165 147 337; 28 164 143 336; 

59\178_178253.jpg
285 400
44 108 219 276; 44 110 268 328; 44 110 268 328; 

59\178_178275.jpg
400 266
84 62 204 236; 85 62 199 234; 84 63 198 236; 

59\178_178276.jpg
266 400
71 68 182 311; 71 135 189 316; 68 68 184 316; 

59\178_178277.jpg
266 400
65 88 171 301; 64 88 168 312; 64 86 168 311; 

59\178_178278.jpg
400 266
119 49 322 204; 119 52 354 234; 121 54 356 232; 

59\178_178279.jpg
400 266
22 29 255 244; 24 27 254 251; 22 26 256 249; 

59\178_178280.jpg
266 400
83 99 240 366; 86 104 247 369; 86 104 246 368; 

59\178_178281.jpg
400 266
66 40 222 232; 70 40 222 229; 69 41 222 234; 

59\178_178282.jpg
400 266
10 44 245 208; 8 44 244 214; 6 45 244 214; 

59\178_178283.jpg
400 266
109 48 310 202; 109 51 312 236; 108 51 312 237; 

59\178_178288.jpg
400 257
138 8 338 251; 160 71 312 255; 138 1 343 253; 

59\178_178304.jpg
400 185
84 61 252 151; 79 58 276 148; 79 39 275 152; 

59\178_178313.jpg
400 308
232 26 346 279; 230 27 339 272; 230 26 354 291; 

59\178_178336.jpg
400 290
74 62 380 178; 76 63 397 179; 77 64 321 178; 

59\178_178371.jpg
266 400
52 44 225 390; 51 31 261 393; 52 32 263 394; 

59\178_178391.jpg
400 266
132 50 286 222; 126 47 280 266; 129 1 304 212; 

59\178_178399.jpg
266 400
43 81 184 344; 44 88 187 346; 38 86 186 347; 

59\178_178400.jpg
300 400
50 48 246 388; 47 26 245 400; 49 28 244 400; 

59\178_178406.jpg
400 300
22 110 332 260; 27 111 333 239; 31 109 332 241; 

59\178_178407.jpg
300 400
104 132 211 354; 106 131 209 351; 107 131 208 352; 

59\178_178411.jpg
400 300
134 96 386 192; 136 87 391 189; 85 88 388 188; 

59\178_178412.jpg
400 300
96 48 390 288; 95 49 396 289; 95 48 396 288; 

59\178_178421.jpg
300 400
19 49 222 392; 8 49 228 262; 12 50 227 400; 

59\178_178461.jpg
400 300
144 58 291 167; 44 55 284 241; 148 58 283 173; 

59\178_178463.jpg
400 290
98 31 284 263; 99 31 283 281; 99 31 285 282; 

59\178_178466.jpg
400 362
116 2 269 341; 119 7 263 339; 119 1 265 344; 

59\178_178467.jpg
400 268
109 78 334 214; 109 79 337 216; 111 78 337 216; 

59\178_178470.jpg
400 291
122 46 261 238; 126 48 266 242; 127 49 264 243; 

59\178_178501.jpg
400 309
28 105 244 275; 33 127 243 284; 29 84 242 286; 

59\178_178503.jpg
351 400
46 34 265 363; 48 33 228 346; 46 34 329 370; 

59\178_178505.jpg
400 277
168 12 326 269; 168 2 338 278; 169 2 337 278; 

59\178_178511.jpg
400 302
132 45 392 264; 139 47 399 264; 139 49 399 264; 

59\178_178537.jpg
400 320
54 18 333 182; 41 16 331 179; 40 18 329 222; 

59\178_178592.jpg
400 251
180 38 370 169; 176 38 391 172; 178 39 385 172; 

59\178_178685.jpg
400 300
24 74 378 252; 24 76 381 252; 24 76 381 252; 

59\178_178739.jpg
400 266
134 30 302 265; 136 28 302 266; 146 30 301 232; 

59\178_178746.jpg
400 298
14 50 348 248; 10 51 346 229; 13 51 348 252; 

59\178_178748.jpg
400 291
160 8 322 221; 177 6 323 222; 175 6 322 291; 

59\178_178750.jpg
400 261
140 32 358 219; 138 32 376 240; 137 32 374 244; 

59\178_178754.jpg
400 270
131 42 312 204; 129 42 314 218; 130 41 346 270; 

59\178_178758.jpg
400 266
136 0 310 228; 142 60 299 209; 140 1 312 212; 

59\178_178765.jpg
400 273
36 62 316 209; 76 61 316 202; 1 63 318 272; 

59\178_178773.jpg
400 266
40 49 339 206; 38 51 339 209; 38 51 339 209; 

59\178_178789.jpg
400 266
86 58 384 266; 100 57 256 265; 100 59 400 266; 

59\178_178803.jpg
320 400
54 32 247 374; 51 30 251 369; 52 31 250 372; 

59\178_178822.jpg
400 285
126 34 392 277; 128 36 395 282; 128 34 397 281; 

59\178_178839.jpg
266 400
64 198 244 380; 64 199 246 384; 64 201 246 384; 

59\178_178865.jpg
400 266
200 14 386 262; 203 11 391 266; 203 11 391 266; 

59\178_178877.jpg
320 400
44 146 178 310; 47 149 192 334; 46 53 247 372; 

59\178_178879.jpg
400 266
14 12 239 252; 16 11 236 259; 14 12 238 255; 

59\178_178882.jpg
400 320
21 11 216 240; 96 139 259 301; 94 135 256 299; 

59\178_178883.jpg
400 300
130 36 374 258; 125 29 374 256; 129 35 365 259; 

59\178_178884.jpg
400 300
118 64 364 262; 114 60 363 261; 116 62 364 263; 

59\178_178885.jpg
400 300
88 24 340 272; 86 21 344 270; 86 22 341 272; 

59\178_178886.jpg
400 300
138 82 323 239; 139 79 323 242; 141 81 322 242; 

59\178_178891.jpg
400 300
135 16 362 297; 146 33 361 241; 147 0 381 241; 

59\178_178897.jpg
400 300
32 34 378 218; 18 31 248 222; 17 31 328 222; 

59\178_178922.jpg
400 297
134 15 382 171; 132 16 379 164; 132 17 314 168; 

59\178_178924.jpg
400 381
40 78 252 199; 42 77 260 251; 40 79 260 251; 

59\178_178951.jpg
400 300
116 46 392 292; 115 47 259 253; 118 48 400 300; 

59\178_178977.jpg
400 391
69 61 228 229; 70 65 228 279; 70 66 229 299; 

59\178_178980.jpg
320 400
60 24 261 374; 55 28 262 377; 58 28 261 377; 

59\179_179001.jpg
400 298
156 66 248 278; 151 58 249 282; 152 23 250 284; 

59\179_179004.jpg
400 272
170 54 362 249; 181 56 350 221; 181 56 350 224; 

59\179_179009.jpg
265 400
78 64 187 299; 50 61 191 369; 50 65 188 369; 

59\179_179010.jpg
400 288
106 22 327 249; 37 21 346 289; 40 21 352 289; 

59\179_179023.jpg
400 266
8 0 247 264; 48 81 234 252; 6 1 244 246; 

59\179_179030.jpg
400 282
116 24 382 264; 113 20 386 267; 115 20 385 273; 

59\179_179035.jpg
318 399
38 56 274 378; 41 46 279 378; 42 44 278 377; 

59\179_179051.jpg
320 400
37 84 268 372; 39 81 268 366; 39 83 270 365; 

59\179_179056.jpg
300 400
26 94 244 380; 21 95 247 386; 19 93 246 386; 

59\179_179057.jpg
322 400
112 6 216 274; 118 81 209 281; 13 6 303 399; 

59\179_179071.jpg
399 299
58 17 283 276; 53 19 285 276; 51 20 282 276; 

59\179_179079.jpg
300 226
126 69 264 185; 125 69 267 185; 139 72 266 185; 

59\179_179083.jpg
400 300
82 74 152 252; 85 74 149 250; 86 74 148 252; 

59\179_179089.jpg
327 400
73 168 261 354; 73 154 262 354; 72 152 263 352; 

59\179_179090.jpg
399 381
102 6 392 291; 99 6 396 295; 103 7 395 292; 

59\179_179108.jpg
400 299
66 50 326 281; 65 50 327 281; 66 49 328 281; 

59\179_179111.jpg
267 399
2 145 259 391; 0 142 266 398; 1 141 264 399; 

59\179_179115.jpg
294 399
60 42 231 344; 58 43 232 345; 58 44 234 347; 

59\179_179118.jpg
375 400
70 162 325 316; 41 161 322 329; 42 157 321 397; 

59\179_179123.jpg
400 295
68 15 314 279; 71 17 312 245; 71 16 310 280; 

59\179_179126.jpg
266 400
66 100 201 268; 69 102 204 266; 69 102 204 265; 

59\179_179137.jpg
400 240
87 31 318 219; 93 29 324 219; 94 27 316 215; 

59\179_179140.jpg
290 400
36 40 188 386; 39 50 188 393; 36 29 186 392; 

59\179_179149.jpg
400 266
34 66 368 257; 33 66 372 257; 34 66 371 256; 

59\179_179152.jpg
400 316
142 26 308 234; 184 71 282 301; 148 26 302 188; 

59\179_179159.jpg
400 300
69 118 225 282; 71 119 222 284; 72 119 221 282; 

59\179_179160.jpg
400 236
69 1 260 234; 68 25 261 236; 66 2 260 232; 

59\179_179174.jpg
400 266
29 42 230 234; 83 42 185 142; 83 43 186 142; 

59\179_179175.jpg
400 336
174 40 316 296; 174 31 314 281; 173 32 313 279; 

59\179_179207.jpg
400 299
175 38 329 280; 170 34 331 279; 171 34 331 278; 

59\179_179217.jpg
400 266
100 40 246 222; 101 26 249 221; 100 30 248 266; 

59\179_179218.jpg
400 300
92 74 348 296; 29 10 194 174; 28 9 385 300; 

59\179_179224.jpg
400 320
118 13 361 301; 100 86 298 320; 115 6 362 320; 

59\179_179228.jpg
320 400
39 70 258 341; 39 72 246 339; 136 61 247 323; 

59\179_179229.jpg
400 324
48 54 356 284; 108 57 256 209; 48 57 358 298; 

59\179_179236.jpg
300 400
122 260 271 394; 132 257 268 400; 132 258 267 400; 

59\179_179243.jpg
400 170
95 6 314 166; 98 98 324 170; 88 1 324 170; 

59\179_179249.jpg
400 336
54 96 326 333; 56 28 233 336; 56 20 328 336; 

59\179_179253.jpg
400 320
76 114 288 318; 83 109 291 320; 86 112 290 320; 

59\179_179254.jpg
366 400
44 26 351 292; 46 30 349 292; 47 26 351 293; 

59\179_179269.jpg
400 281
14 46 270 275; 14 48 277 221; 13 48 268 271; 

59\179_179273.jpg
310 400
44 50 186 280; 37 48 198 285; 37 49 163 397; 

59\179_179274.jpg
400 400
20 126 332 346; 20 109 247 315; 23 110 331 314; 

59\179_179275.jpg
364 400
128 72 292 331; 127 84 286 324; 128 85 284 248; 

59\179_179280.jpg
400 300
74 90 222 256; 70 92 222 276; 55 90 220 276; 

59\179_179281.jpg
400 266
145 89 358 263; 156 103 339 266; 157 104 338 266; 

59\179_179287.jpg
400 226
122 48 238 198; 123 50 239 198; 124 53 238 198; 

59\179_179297.jpg
400 275
28 24 258 274; 52 20 221 190; 28 22 260 275; 

59\179_179298.jpg
300 400
30 90 262 358; 28 88 266 356; 27 91 264 358; 

59\179_179299.jpg
400 275
58 86 214 265; 66 86 213 236; 66 85 222 241; 

59\179_179301.jpg
400 238
252 30 391 233; 224 28 399 238; 236 25 400 239; 

59\179_179305.jpg
400 266
28 56 246 189; 10 40 258 186; 8 36 258 188; 

59\179_179309.jpg
266 400
30 152 203 342; 29 183 204 345; 31 95 204 345; 

59\179_179313.jpg
200 400
38 66 177 354; 38 65 174 356; 39 64 175 350; 

59\179_179314.jpg
311 399
33 105 268 285; 33 110 272 284; 33 83 271 284; 

59\179_179324.jpg
400 300
150 86 286 290; 151 88 287 294; 153 90 287 292; 

59\179_179328.jpg
400 265
105 0 338 258; 99 21 338 265; 86 2 336 265; 

59\179_179330.jpg
400 274
22 62 268 248; 22 62 269 251; 22 62 268 250; 

59\179_179334.jpg
400 334
49 70 318 323; 49 70 209 240; 50 70 325 332; 

59\179_179335.jpg
399 309
88 56 247 175; 91 55 234 176; 89 55 259 203; 

59\179_179341.jpg
346 400
110 62 339 239; 111 58 343 184; 112 61 345 253; 

59\179_179346.jpg
320 400
94 118 242 308; 95 118 246 305; 93 118 244 309; 

59\179_179356.jpg
400 276
40 32 228 217; 41 35 226 216; 24 20 227 215; 

59\179_179373.jpg
400 266
81 11 322 265; 78 10 286 224; 78 8 307 243; 

59\179_179374.jpg
380 400
162 108 262 322; 30 51 344 386; 144 79 272 338; 

59\179_179379.jpg
266 400
33 104 246 344; 44 93 183 262; 32 94 248 352; 

59\179_179391.jpg
400 266
204 124 344 228; 204 124 344 227; 206 126 343 226; 

59\179_179398.jpg
400 267
96 88 301 209; 101 89 299 213; 101 91 299 211; 

59\179_179414.jpg
266 400
78 32 187 389; 78 29 195 387; 79 26 196 386; 

59\179_179416.jpg
266 400
72 15 222 395; 68 20 220 399; 72 18 221 400; 

59\179_179417.jpg
266 400
82 38 205 296; 84 39 204 400; 84 0 206 400; 

59\179_179418.jpg
266 400
76 50 193 378; 74 50 207 400; 77 3 209 400; 

59\179_179419.jpg
266 400
62 30 215 382; 62 29 234 399; 95 1 178 400; 

59\179_179420.jpg
266 400
95 40 193 324; 91 46 204 399; 93 2 195 400; 

59\179_179421.jpg
266 400
94 74 207 386; 91 10 231 399; 97 4 227 400; 

59\179_179422.jpg
266 399
66 36 188 384; 66 13 203 392; 65 12 200 392; 

59\179_179425.jpg
267 399
58 11 219 392; 54 5 227 400; 56 9 227 400; 

59\179_179426.jpg
266 400
79 25 182 397; 52 2 187 399; 54 1 206 400; 

59\179_179427.jpg
266 399
80 28 182 396; 77 1 188 399; 79 1 199 400; 

59\179_179428.jpg
266 399
80 15 191 391; 81 3 185 399; 67 3 182 400; 

59\179_179429.jpg
266 400
46 18 211 398; 47 2 217 317; 47 2 216 400; 

59\179_179430.jpg
266 399
56 8 172 398; 24 1 177 399; 26 0 177 399; 

59\179_179431.jpg
266 400
66 14 194 386; 66 9 195 392; 66 10 193 390; 

59\179_179432.jpg
266 400
88 40 227 400; 90 38 243 399; 93 0 225 399; 

59\179_179433.jpg
266 400
66 32 184 398; 58 35 193 399; 63 3 191 399; 

59\179_179434.jpg
266 399
50 21 184 396; 50 3 188 398; 51 2 187 400; 

59\179_179435.jpg
266 400
44 30 212 366; 45 11 219 382; 44 12 216 382; 

59\179_179436.jpg
266 400
58 22 179 378; 56 22 182 390; 55 7 184 391; 

59\179_179438.jpg
266 399
54 19 195 388; 50 9 196 392; 53 8 196 390; 

59\179_179440.jpg
266 399
30 14 200 320; 27 14 208 385; 30 15 201 385; 

59\179_179441.jpg
266 400
38 24 213 314; 32 22 216 296; 38 22 215 395; 

59\179_179442.jpg
266 400
34 24 211 344; 34 24 206 347; 34 25 205 400; 

59\179_179454.jpg
400 293
129 9 380 289; 145 29 380 236; 121 11 381 294; 

59\179_179455.jpg
400 258
142 32 269 240; 142 34 269 256; 143 36 268 253; 

59\179_179459.jpg
400 400
68 26 268 378; 68 38 272 378; 69 44 267 381; 

59\179_179460.jpg
378 400
25 90 208 214; 29 88 211 205; 29 89 210 207; 

59\179_179479.jpg
400 332
120 21 374 258; 119 22 372 262; 35 24 371 279; 

59\179_179483.jpg
285 400
14 110 262 383; 16 112 271 352; 12 113 272 381; 

59\179_179489.jpg
400 300
92 60 308 294; 91 60 309 299; 88 9 311 300; 

59\179_179501.jpg
400 267
68 12 282 199; 67 14 295 208; 67 14 366 268; 

59\179_179522.jpg
400 300
114 66 260 250; 112 92 258 265; 113 35 326 290; 

59\179_179523.jpg
400 321
58 44 246 261; 61 88 249 275; 61 35 305 303; 

59\179_179532.jpg
400 306
76 26 358 272; 76 28 359 279; 77 29 386 281; 

59\179_179535.jpg
400 300
52 84 350 254; 53 90 352 189; 52 91 352 256; 

59\179_179564.jpg
400 300
130 34 316 220; 123 42 319 219; 128 42 318 222; 

59\179_179571.jpg
400 300
150 130 276 230; 149 130 274 231; 110 129 275 231; 

59\179_179573.jpg
337 400
149 26 331 274; 109 37 333 400; 111 28 332 400; 

59\179_179575.jpg
400 300
122 62 344 188; 119 62 346 189; 186 17 347 189; 

59\179_179586.jpg
400 236
119 10 326 235; 109 8 337 236; 112 8 339 234; 

59\179_179587.jpg
400 303
82 119 285 212; 79 121 284 207; 77 122 283 208; 

59\179_179598.jpg
384 400
82 16 357 328; 32 4 325 238; 32 5 336 400; 

59\179_179604.jpg
400 257
144 26 251 239; 44 26 241 240; 148 27 241 232; 

59\179_179605.jpg
323 400
107 32 309 217; 108 31 306 215; 109 32 305 216; 

59\179_179615.jpg
400 266
29 36 342 225; 32 32 186 214; 34 34 341 213; 

59\179_179619.jpg
400 300
84 60 366 242; 92 49 387 218; 95 56 385 212; 

59\179_179627.jpg
400 300
84 15 302 244; 48 43 308 244; 104 14 307 245; 

59\179_179628.jpg
266 400
24 22 188 396; 28 26 196 302; 26 26 195 400; 

59\179_179636.jpg
400 241
152 34 305 142; 142 35 303 136; 157 34 305 136; 

59\179_179639.jpg
400 275
204 26 379 208; 208 14 380 259; 206 13 381 262; 

59\179_179641.jpg
400 219
48 54 298 169; 14 54 301 200; 17 58 301 199; 

59\179_179644.jpg
400 255
196 40 356 161; 198 36 349 162; 200 39 349 162; 

59\179_179645.jpg
388 399
86 24 330 380; 49 23 349 383; 50 22 351 386; 

59\179_179654.jpg
300 400
9 14 166 396; 0 16 164 400; 0 14 162 400; 

59\179_179655.jpg
400 300
88 35 370 242; 53 38 212 231; 18 36 379 243; 

59\179_179663.jpg
400 300
12 48 226 256; 1 58 233 262; 1 59 233 274; 

59\179_179676.jpg
300 400
18 100 267 376; 12 99 259 371; 13 99 300 400; 

59\179_179677.jpg
263 400
14 120 169 392; 12 121 172 391; 12 121 237 400; 

59\179_179680.jpg
400 266
82 60 333 254; 82 60 246 252; 28 34 400 253; 

59\179_179687.jpg
400 300
104 70 272 226; 104 72 272 228; 104 72 272 227; 

59\179_179688.jpg
400 300
106 60 324 264; 105 59 326 268; 109 57 327 267; 

59\179_179689.jpg
400 266
46 0 282 261; 112 67 255 231; 24 4 281 230; 

59\179_179690.jpg
400 266
122 34 318 235; 119 36 321 238; 122 33 397 237; 

59\179_179692.jpg
400 266
89 65 382 195; 91 70 276 193; 92 70 381 197; 

59\179_179696.jpg
265 400
2 58 169 332; 1 65 172 341; 1 61 200 341; 

59\179_179714.jpg
400 320
160 48 340 314; 164 76 341 252; 116 1 368 320; 

59\179_179724.jpg
266 400
26 46 245 276; 39 54 246 206; 1 43 266 400; 

59\179_179744.jpg
399 284
130 16 360 281; 129 35 258 210; 128 13 370 284; 

59\179_179758.jpg
400 266
117 0 330 266; 117 98 319 236; 118 1 331 234; 

59\179_179763.jpg
400 261
134 30 368 228; 146 30 374 142; 84 32 374 233; 

59\179_179779.jpg
256 400
80 70 191 342; 56 24 238 352; 83 68 223 354; 

59\179_179783.jpg
400 320
38 46 266 286; 36 46 269 288; 37 45 268 291; 

59\179_179845.jpg
400 211
76 94 238 191; 146 84 239 192; 1 76 268 200; 

59\179_179850.jpg
400 400
56 54 342 342; 54 56 345 341; 57 56 343 341; 

59\179_179859.jpg
400 300
100 126 328 214; 72 94 325 211; 74 93 323 211; 

59\179_179901.jpg
400 300
212 31 398 233; 208 8 396 234; 212 12 394 234; 

59\179_179916.jpg
400 300
82 0 175 262; 84 0 159 267; 83 0 160 269; 

59\179_179918.jpg
342 400
42 68 302 336; 70 149 256 322; 41 71 304 340; 

59\179_179928.jpg
275 399
43 80 238 381; 40 79 238 297; 40 81 238 379; 

59\179_179931.jpg
400 264
86 34 286 226; 89 33 286 224; 88 35 287 226; 

59\179_179932.jpg
400 266
86 34 302 227; 86 38 304 232; 86 36 304 229; 

59\179_179948.jpg
400 266
48 48 331 258; 52 58 337 181; 23 29 373 266; 

59\179_179950.jpg
400 300
108 42 296 262; 108 47 294 265; 100 46 294 264; 

59\179_179995.jpg
400 300
106 8 331 286; 106 5 324 289; 106 6 344 291; 

