439

62\186_186022.jpg
387 400
84 116 272 348; 81 117 269 352; 82 118 269 350; 

62\186_186041.jpg
400 310
135 94 275 216; 135 88 274 212; 135 91 272 212; 

62\186_186044.jpg
392 400
79 167 271 379; 69 172 269 352; 69 170 268 384; 

62\186_186049.jpg
400 266
68 12 242 263; 42 13 241 202; 84 11 240 199; 

62\186_186051.jpg
400 243
51 82 364 184; 137 83 238 151; 54 81 375 183; 

62\186_186053.jpg
400 266
126 28 314 265; 159 23 299 219; 158 28 298 219; 

62\186_186055.jpg
400 368
104 24 294 289; 104 14 294 291; 104 14 294 291; 

62\186_186056.jpg
335 400
38 54 239 260; 8 80 224 277; 11 3 331 275; 

62\186_186067.jpg
400 266
180 26 324 254; 180 26 326 262; 180 27 325 257; 

62\186_186068.jpg
400 257
216 21 304 179; 216 26 399 258; 215 24 316 185; 

62\186_186070.jpg
400 320
76 52 202 262; 78 52 204 275; 78 51 202 284; 

62\186_186092.jpg
266 400
58 86 217 312; 54 85 218 345; 57 86 216 351; 

62\186_186094.jpg
266 400
38 106 230 312; 24 104 229 344; 24 104 231 351; 

62\186_186102.jpg
400 300
72 4 286 294; 74 4 291 197; 74 0 288 300; 

62\186_186103.jpg
400 300
2 42 250 294; 73 36 258 300; 0 36 257 300; 

62\186_186104.jpg
300 400
18 11 191 354; 18 0 216 355; 18 0 216 400; 

62\186_186109.jpg
400 300
108 28 324 298; 106 19 326 299; 106 19 326 300; 

62\186_186110.jpg
400 331
77 9 294 321; 133 25 297 307; 79 9 296 320; 

62\186_186111.jpg
400 305
99 7 259 297; 99 7 254 299; 98 6 254 298; 

62\186_186112.jpg
400 335
94 48 210 312; 96 52 208 311; 96 52 208 310; 

62\186_186114.jpg
400 288
160 22 330 246; 151 26 332 245; 151 26 330 243; 

62\186_186116.jpg
400 266
21 26 391 193; 21 26 399 173; 23 26 400 246; 

62\186_186117.jpg
400 300
24 40 320 156; 21 27 319 154; 19 17 320 161; 

62\186_186120.jpg
400 266
19 72 210 261; 21 76 209 264; 20 76 209 266; 

62\186_186131.jpg
400 266
86 6 318 265; 102 5 334 218; 103 4 335 266; 

62\186_186132.jpg
400 267
192 74 358 225; 193 73 362 227; 194 74 360 229; 

62\186_186134.jpg
400 300
66 68 298 286; 84 69 231 191; 63 69 397 300; 

62\186_186138.jpg
400 252
172 108 341 182; 174 101 341 180; 174 101 341 181; 

62\186_186142.jpg
400 271
60 46 348 259; 69 46 159 209; 71 48 161 211; 

62\186_186144.jpg
400 298
223 156 373 241; 221 158 379 230; 220 157 373 230; 

62\186_186145.jpg
300 400
12 164 256 366; 91 164 191 319; 0 165 300 400; 

62\186_186151.jpg
400 288
141 64 236 214; 131 26 257 229; 131 26 255 228; 

62\186_186165.jpg
400 265
58 2 226 231; 65 101 206 232; 37 2 226 232; 

62\186_186169.jpg
306 400
44 30 185 276; 41 31 187 260; 41 29 221 260; 

62\186_186176.jpg
342 400
6 72 319 332; 77 72 236 232; 5 73 325 285; 

62\186_186198.jpg
266 400
112 72 262 392; 112 72 264 394; 51 39 266 400; 

62\186_186202.jpg
400 311
168 36 394 304; 169 37 309 308; 169 38 400 311; 

62\186_186212.jpg
266 400
128 77 208 360; 132 74 209 358; 132 73 207 358; 

62\186_186215.jpg
266 400
56 69 202 290; 59 62 202 289; 58 63 197 288; 

62\186_186216.jpg
234 400
63 119 162 372; 63 119 161 372; 65 120 160 372; 

62\186_186231.jpg
400 286
44 56 352 238; 46 55 394 240; 46 55 393 239; 

62\186_186263.jpg
400 266
54 36 274 232; 56 32 278 235; 56 34 277 234; 

62\186_186276.jpg
265 400
88 66 226 323; 91 104 231 314; 89 64 227 314; 

62\186_186289.jpg
299 399
148 118 274 258; 149 120 272 258; 151 121 275 253; 

62\186_186290.jpg
299 399
52 89 254 396; 52 82 218 279; 55 83 255 400; 

62\186_186294.jpg
299 399
78 19 200 392; 79 19 199 400; 72 18 201 400; 

62\186_186299.jpg
299 399
46 52 246 306; 45 52 251 300; 46 53 250 298; 

62\186_186302.jpg
400 300
106 80 282 258; 107 84 282 261; 107 83 282 259; 

62\186_186319.jpg
320 400
72 18 281 259; 66 14 279 242; 66 16 277 386; 

62\186_186321.jpg
320 400
42 70 305 296; 36 39 307 176; 44 74 311 400; 

62\186_186323.jpg
320 400
84 36 266 257; 86 34 264 195; 87 38 266 400; 

62\186_186327.jpg
400 320
54 28 364 268; 53 30 169 268; 51 29 380 294; 

62\186_186329.jpg
400 266
40 49 379 227; 47 46 379 222; 43 46 386 221; 

62\186_186336.jpg
400 320
12 141 241 284; 6 140 239 272; 7 142 238 277; 

62\186_186340.jpg
362 400
129 95 260 324; 130 95 258 324; 131 98 258 334; 

62\186_186342.jpg
300 400
46 59 205 329; 76 49 207 331; 74 49 205 332; 

62\186_186345.jpg
400 320
49 9 349 252; 48 7 244 252; 49 6 317 252; 

62\186_186351.jpg
266 400
98 42 186 367; 99 44 186 369; 100 42 186 368; 

62\186_186355.jpg
400 400
56 58 322 366; 65 128 305 378; 48 48 307 378; 

62\186_186358.jpg
266 400
47 76 242 335; 39 143 263 333; 42 12 263 331; 

62\186_186367.jpg
266 400
20 96 253 366; 21 163 254 376; 20 11 252 371; 

62\186_186371.jpg
266 400
28 100 235 325; 30 87 236 276; 28 7 260 290; 

62\186_186380.jpg
400 266
110 50 346 262; 144 47 309 246; 101 49 380 266; 

62\186_186391.jpg
400 266
30 52 360 231; 29 53 359 233; 2 52 363 235; 

62\186_186480.jpg
400 293
112 36 374 233; 111 42 366 236; 109 42 365 235; 

62\186_186492.jpg
400 283
4 4 281 232; 21 48 269 231; 4 5 282 232; 

62\186_186498.jpg
400 326
102 7 256 318; 99 2 254 295; 99 2 252 326; 

62\186_186503.jpg
266 400
78 34 197 328; 55 35 200 377; 79 34 199 376; 

62\186_186518.jpg
300 214
8 24 201 186; 3 14 185 193; 4 15 186 189; 

62\186_186532.jpg
400 300
89 68 345 251; 95 67 321 203; 96 68 347 239; 

62\186_186552.jpg
400 268
112 48 290 266; 97 45 266 211; 106 50 400 268; 

62\186_186554.jpg
266 400
14 122 232 398; 0 91 219 344; 0 118 219 321; 

62\186_186581.jpg
377 400
56 98 301 355; 58 165 249 354; 58 111 289 352; 

62\186_186597.jpg
400 275
56 20 330 255; 56 21 324 156; 56 20 328 239; 

62\186_186602.jpg
298 400
68 94 206 308; 33 44 146 188; 34 41 146 186; 

62\186_186611.jpg
400 300
88 60 333 251; 87 59 337 254; 90 60 336 254; 

62\186_186617.jpg
400 255
226 14 314 248; 224 16 318 250; 226 16 316 249; 

62\186_186618.jpg
400 368
104 24 294 289; 104 12 296 291; 103 12 292 291; 

62\186_186623.jpg
400 264
76 60 286 150; 76 59 289 196; 75 59 307 198; 

62\186_186637.jpg
400 308
104 34 376 272; 102 22 379 279; 102 19 376 278; 

62\186_186639.jpg
400 320
44 52 354 264; 49 54 351 262; 47 55 354 265; 

62\186_186666.jpg
386 399
125 104 379 340; 218 141 365 331; 191 102 363 330; 

62\186_186682.jpg
400 266
44 84 185 234; 39 86 249 261; 39 85 247 259; 

62\186_186691.jpg
400 266
112 76 273 231; 103 72 276 169; 102 74 275 233; 

62\186_186717.jpg
400 266
108 62 254 210; 109 67 256 210; 109 64 256 212; 

62\186_186720.jpg
400 266
214 36 376 234; 214 38 379 235; 215 36 379 236; 

62\186_186736.jpg
268 400
54 85 187 398; 58 82 188 399; 58 82 186 400; 

62\186_186738.jpg
400 316
64 96 371 291; 66 86 371 288; 67 86 369 288; 

62\186_186749.jpg
266 400
35 61 207 348; 24 60 197 348; 26 60 196 352; 

62\186_186758.jpg
400 284
38 28 228 199; 27 19 234 201; 26 20 232 201; 

62\186_186768.jpg
400 266
89 0 306 264; 101 69 311 266; 101 1 311 266; 

62\186_186772.jpg
400 266
124 16 282 265; 119 82 247 219; 105 2 282 218; 

62\186_186775.jpg
400 267
168 32 391 267; 81 34 394 230; 82 35 392 267; 

62\186_186779.jpg
266 400
84 44 241 286; 84 42 189 179; 47 43 224 178; 

62\186_186793.jpg
400 400
14 60 234 376; 83 57 203 181; 8 59 234 381; 

62\186_186796.jpg
400 266
132 12 360 264; 184 107 294 226; 121 11 369 266; 

62\186_186799.jpg
400 276
21 84 334 208; 26 86 339 203; 28 84 339 206; 

62\186_186801.jpg
270 399
16 16 253 252; 16 17 256 252; 17 17 255 254; 

62\186_186803.jpg
400 300
52 88 306 292; 53 88 293 292; 52 89 311 291; 

62\186_186831.jpg
400 266
13 54 272 263; 99 56 276 266; 103 57 276 266; 

62\186_186837.jpg
400 266
35 116 226 232; 34 101 226 244; 36 103 226 246; 

62\186_186841.jpg
400 318
10 69 185 306; 46 71 184 284; 49 71 184 284; 

62\186_186850.jpg
399 216
194 134 354 213; 184 117 387 216; 184 119 387 216; 

62\186_186851.jpg
400 266
44 72 392 249; 39 73 388 248; 39 74 386 249; 

62\186_186852.jpg
234 400
36 68 156 348; 49 68 158 346; 39 69 159 347; 

62\186_186859.jpg
393 400
74 84 307 396; 73 67 310 369; 72 69 306 371; 

62\186_186873.jpg
299 400
32 62 172 260; 35 61 175 259; 33 65 216 311; 

62\186_186886.jpg
400 276
9 70 370 229; 9 73 171 208; 9 73 392 266; 

62\186_186901.jpg
266 400
24 19 212 300; 21 109 178 301; 23 13 210 303; 

62\186_186911.jpg
400 266
40 72 386 249; 39 72 387 241; 39 74 386 248; 

62\186_186937.jpg
400 296
191 26 377 255; 192 26 373 261; 192 26 371 259; 

62\186_186938.jpg
266 400
75 52 261 303; 76 52 227 287; 30 51 267 400; 

62\186_186942.jpg
266 400
68 82 199 338; 69 79 205 339; 68 82 204 339; 

62\186_186959.jpg
400 271
102 26 392 207; 103 27 197 208; 103 28 396 209; 

62\186_186962.jpg
400 270
139 40 229 198; 141 37 229 201; 141 38 224 246; 

62\186_186978.jpg
400 280
92 14 284 246; 91 14 281 249; 90 13 281 249; 

62\186_186979.jpg
320 400
78 38 244 374; 79 19 231 254; 71 20 314 400; 

62\186_186996.jpg
400 254
124 42 396 252; 123 41 399 253; 125 39 400 254; 

62\187_187008.jpg
368 400
84 16 318 350; 70 12 326 292; 103 39 310 329; 

62\187_187009.jpg
400 303
132 36 360 300; 129 36 371 265; 131 37 348 287; 

62\187_187019.jpg
400 353
104 36 362 287; 104 36 367 291; 106 38 366 291; 

62\187_187020.jpg
265 400
72 41 199 227; 71 42 200 258; 71 42 200 234; 

62\187_187021.jpg
400 266
166 36 290 251; 167 36 291 255; 169 34 328 266; 

62\187_187023.jpg
266 400
38 55 254 292; 34 54 212 145; 36 56 231 400; 

62\187_187024.jpg
266 400
71 29 168 348; 71 31 171 362; 47 30 189 363; 

62\187_187026.jpg
400 266
92 24 262 257; 93 13 262 257; 92 13 262 261; 

62\187_187027.jpg
266 400
59 55 185 356; 92 57 186 356; 92 58 184 354; 

62\187_187033.jpg
400 300
96 20 324 286; 92 16 329 289; 94 17 329 289; 

62\187_187035.jpg
400 300
56 14 327 276; 59 12 322 276; 58 14 322 276; 

62\187_187039.jpg
400 320
26 38 300 258; 26 36 301 261; 24 38 299 261; 

62\187_187042.jpg
400 320
110 32 292 284; 110 32 290 287; 111 33 292 289; 

62\187_187046.jpg
400 266
126 94 328 207; 128 99 331 229; 128 96 331 228; 

62\187_187047.jpg
400 266
120 58 348 250; 120 61 352 254; 119 61 350 255; 

62\187_187048.jpg
400 266
112 56 327 209; 112 56 328 208; 112 66 291 211; 

62\187_187060.jpg
262 400
34 46 239 321; 32 44 235 321; 34 46 235 322; 

62\187_187061.jpg
311 400
83 48 300 332; 52 42 269 331; 51 44 309 329; 

62\187_187068.jpg
266 400
6 128 212 388; 4 130 208 382; 2 129 218 388; 

62\187_187069.jpg
400 266
47 90 228 265; 44 93 225 266; 44 92 225 266; 

62\187_187073.jpg
266 400
10 84 263 270; 52 82 264 214; 0 84 266 273; 

62\187_187076.jpg
266 400
52 68 159 222; 51 68 194 259; 51 68 192 261; 

62\187_187085.jpg
400 396
138 76 310 384; 138 76 312 389; 139 78 309 396; 

62\187_187086.jpg
311 400
44 102 228 339; 79 104 229 344; 60 102 227 342; 

62\187_187089.jpg
400 320
14 29 238 206; 15 32 238 196; 16 30 238 196; 

62\187_187091.jpg
400 266
66 16 196 174; 61 17 195 260; 62 20 195 258; 

62\187_187092.jpg
400 320
140 34 282 309; 139 30 279 318; 140 29 279 320; 

62\187_187102.jpg
400 266
162 46 334 212; 164 49 330 204; 164 48 329 206; 

62\187_187104.jpg
400 289
84 44 258 245; 86 34 258 251; 86 34 262 289; 

62\187_187105.jpg
400 293
85 61 241 201; 88 63 239 200; 88 64 239 199; 

62\187_187106.jpg
400 255
60 50 304 253; 98 51 161 126; 99 51 159 128; 

62\187_187107.jpg
400 320
70 106 310 232; 81 109 311 226; 66 107 311 227; 

62\187_187161.jpg
400 266
24 122 280 249; 28 116 285 255; 26 119 285 254; 

62\187_187172.jpg
400 353
44 20 216 308; 52 2 218 269; 19 1 219 350; 

62\187_187173.jpg
311 400
26 178 257 386; 22 181 259 381; 19 178 262 388; 

62\187_187186.jpg
399 275
16 56 290 273; 27 59 299 274; 1 58 299 274; 

62\187_187187.jpg
320 400
153 138 304 349; 153 140 309 342; 153 142 308 347; 

62\187_187192.jpg
400 300
40 59 263 282; 34 58 262 285; 33 58 266 285; 

62\187_187195.jpg
400 266
34 116 226 244; 37 116 225 245; 36 103 226 246; 

62\187_187199.jpg
378 399
112 117 270 390; 111 38 271 311; 111 120 270 400; 

62\187_187206.jpg
266 400
72 30 212 386; 74 29 214 388; 74 28 214 386; 

62\187_187219.jpg
400 266
42 104 266 218; 43 97 264 218; 42 96 264 218; 

62\187_187222.jpg
400 266
39 106 264 218; 41 94 266 219; 41 96 264 218; 

62\187_187252.jpg
400 266
27 67 296 160; 26 44 347 216; 26 46 347 216; 

62\187_187254.jpg
266 400
50 26 219 386; 49 25 195 389; 49 24 221 390; 

62\187_187262.jpg
359 400
29 124 328 346; 33 127 334 342; 32 128 334 345; 

62\187_187266.jpg
400 368
44 30 286 362; 42 1 284 334; 42 1 284 369; 

62\187_187270.jpg
285 400
38 16 169 394; 38 16 179 396; 38 18 177 394; 

62\187_187276.jpg
400 326
269 82 379 241; 228 86 382 248; 225 79 393 281; 

62\187_187278.jpg
314 400
66 34 254 274; 69 35 255 269; 69 34 255 268; 

62\187_187284.jpg
400 300
216 38 371 158; 201 41 369 165; 198 43 371 164; 

62\187_187290.jpg
400 266
87 67 217 201; 86 67 213 199; 86 67 213 198; 

62\187_187291.jpg
400 266
24 4 254 257; 63 3 255 181; 8 0 255 241; 

62\187_187292.jpg
333 400
9 216 283 396; 9 218 285 399; 138 218 330 354; 

62\187_187294.jpg
400 324
190 42 366 274; 189 51 369 283; 189 38 373 282; 

62\187_187296.jpg
399 282
126 22 274 257; 125 21 281 260; 123 20 281 258; 

62\187_187318.jpg
400 310
114 10 362 304; 129 27 339 276; 112 22 342 275; 

62\187_187319.jpg
400 356
92 66 336 354; 99 128 258 356; 101 26 338 356; 

62\187_187320.jpg
400 333
44 36 295 265; 73 41 275 266; 28 39 286 266; 

62\187_187322.jpg
400 313
119 6 342 312; 142 65 344 286; 122 4 343 279; 

62\187_187323.jpg
400 380
54 30 346 338; 103 110 332 316; 51 9 332 314; 

62\187_187325.jpg
400 300
134 88 366 284; 180 88 369 282; 180 87 369 281; 

62\187_187332.jpg
320 400
82 44 302 376; 83 32 204 376; 28 32 303 380; 

62\187_187334.jpg
320 400
84 42 262 394; 118 91 262 400; 57 5 262 397; 

62\187_187383.jpg
400 300
52 29 304 295; 50 31 314 194; 51 32 313 300; 

62\187_187432.jpg
400 346
78 46 314 333; 135 168 272 334; 136 169 270 336; 

62\187_187441.jpg
400 266
90 97 268 184; 74 96 281 187; 72 98 278 186; 

62\187_187445.jpg
297 400
100 92 219 307; 100 91 219 307; 98 93 225 310; 

62\187_187449.jpg
400 266
90 28 350 237; 94 28 356 236; 92 29 354 235; 

62\187_187454.jpg
400 266
66 34 222 225; 71 39 208 222; 68 38 239 223; 

62\187_187455.jpg
400 266
54 22 274 161; 58 22 274 159; 56 23 274 160; 

62\187_187457.jpg
400 266
62 66 352 232; 61 65 374 232; 62 62 378 233; 

62\187_187458.jpg
400 265
20 53 326 254; 17 54 329 256; 18 54 329 254; 

62\187_187470.jpg
302 400
100 14 220 380; 26 8 287 388; 29 7 290 393; 

62\187_187483.jpg
400 293
24 60 236 257; 26 62 236 254; 26 61 236 257; 

62\187_187513.jpg
400 300
132 78 306 294; 134 68 311 299; 139 68 310 299; 

62\187_187526.jpg
266 400
64 9 196 372; 62 136 195 370; 46 1 199 400; 

62\187_187529.jpg
400 220
222 12 388 217; 225 12 399 220; 226 13 400 220; 

62\187_187530.jpg
400 251
16 22 271 249; 12 48 268 251; 15 21 268 251; 

62\187_187531.jpg
400 228
16 16 166 226; 11 18 169 228; 11 21 167 228; 

62\187_187533.jpg
400 294
6 16 152 292; 4 18 168 292; 3 18 166 294; 

62\187_187535.jpg
400 241
112 22 371 236; 159 59 384 241; 101 24 382 241; 

62\187_187539.jpg
400 300
94 44 184 242; 99 47 195 299; 96 46 180 241; 

62\187_187565.jpg
305 400
24 21 228 338; 25 21 228 335; 27 24 228 391; 

62\187_187566.jpg
400 266
134 56 304 192; 131 52 306 191; 127 24 311 201; 

62\187_187574.jpg
285 400
40 62 211 392; 114 61 210 311; 2 61 210 400; 

62\187_187579.jpg
399 285
56 34 370 223; 56 36 354 226; 57 34 351 225; 

62\187_187581.jpg
400 300
64 10 302 294; 109 9 266 281; 66 0 307 300; 

62\187_187587.jpg
400 285
64 16 332 270; 64 13 336 276; 63 12 336 278; 

62\187_187602.jpg
400 266
12 42 244 228; 39 43 242 224; 0 43 241 222; 

62\187_187609.jpg
400 300
41 41 161 271; 38 42 163 268; 39 44 162 272; 

62\187_187613.jpg
326 400
44 136 216 224; 36 136 219 284; 36 133 218 286; 

62\187_187625.jpg
265 400
36 60 165 366; 22 26 170 355; 24 28 168 352; 

62\187_187644.jpg
264 400
35 74 149 328; 37 76 148 324; 36 75 148 324; 

62\187_187648.jpg
320 400
50 48 294 354; 38 54 287 339; 36 48 296 375; 

62\187_187652.jpg
400 300
11 68 394 226; 7 68 398 224; 3 70 398 226; 

62\187_187653.jpg
400 300
114 8 327 248; 114 73 328 231; 116 73 326 248; 

62\187_187678.jpg
400 300
98 22 306 296; 99 22 306 299; 99 21 307 300; 

62\187_187680.jpg
400 296
42 85 317 237; 39 11 370 265; 39 5 369 269; 

62\187_187710.jpg
400 300
220 28 330 216; 187 26 358 223; 186 14 356 222; 

62\187_187715.jpg
400 300
76 6 234 289; 131 5 252 274; 97 6 252 274; 

62\187_187722.jpg
400 300
22 24 314 262; 22 11 106 142; 24 10 312 293; 

62\187_187724.jpg
400 300
132 34 358 156; 128 36 379 162; 129 36 379 158; 

62\187_187732.jpg
400 300
26 64 278 266; 29 65 278 226; 30 62 278 229; 

62\187_187734.jpg
400 300
76 52 296 236; 16 52 299 262; 18 52 299 259; 

62\187_187741.jpg
349 400
62 28 290 358; 78 111 269 269; 46 26 311 269; 

62\187_187772.jpg
400 330
13 43 204 319; 15 44 204 323; 13 43 203 323; 

62\187_187776.jpg
399 269
20 36 334 233; 16 39 394 265; 16 36 370 239; 

62\187_187777.jpg
400 266
151 9 299 256; 38 4 361 178; 35 2 358 266; 

62\187_187786.jpg
266 400
22 76 249 266; 16 74 249 282; 18 77 249 282; 

62\187_187787.jpg
400 266
70 87 232 262; 72 47 279 262; 73 49 279 266; 

62\187_187788.jpg
400 266
114 80 284 262; 108 36 319 264; 108 36 318 266; 

62\187_187801.jpg
400 262
80 46 349 181; 77 46 354 184; 77 46 331 176; 

62\187_187804.jpg
400 262
66 72 364 215; 53 60 365 220; 53 74 360 214; 

62\187_187811.jpg
263 399
48 50 225 340; 53 47 225 315; 48 47 225 313; 

62\187_187834.jpg
399 259
54 35 336 247; 32 34 337 245; 6 35 335 244; 

62\187_187838.jpg
266 400
34 132 164 302; 40 100 168 304; 38 102 168 302; 

62\187_187841.jpg
399 269
106 76 296 199; 92 78 305 214; 96 78 297 213; 

62\187_187845.jpg
400 265
18 54 290 164; 1 54 291 164; 2 51 290 172; 

62\187_187846.jpg
400 400
189 118 372 340; 191 121 391 383; 189 121 398 393; 

62\187_187858.jpg
400 266
64 8 274 222; 62 11 277 222; 65 8 275 224; 

62\187_187861.jpg
400 300
107 29 273 246; 109 21 270 229; 111 23 270 229; 

62\187_187877.jpg
324 400
54 52 269 264; 61 55 263 262; 61 54 266 264; 

62\187_187879.jpg
400 293
74 70 381 286; 43 52 252 287; 39 51 397 292; 

62\187_187885.jpg
291 400
16 8 253 262; 16 1 249 266; 17 0 248 237; 

62\187_187891.jpg
400 266
234 44 366 231; 232 42 368 225; 232 42 366 225; 

62\187_187898.jpg
266 400
72 89 229 330; 58 89 227 350; 59 91 227 350; 

62\187_187907.jpg
400 266
146 76 280 263; 141 85 261 235; 146 1 259 232; 

62\187_187915.jpg
266 400
29 70 212 391; 43 70 211 329; 43 71 234 400; 

62\187_187926.jpg
400 216
132 24 342 154; 139 26 302 147; 137 28 311 158; 

62\187_187936.jpg
400 300
116 71 302 258; 112 72 300 260; 114 72 300 259; 

62\187_187943.jpg
400 290
128 76 258 289; 126 62 261 289; 127 62 261 290; 

62\187_187962.jpg
400 300
78 172 336 246; 9 171 389 247; 9 172 393 248; 

62\187_187965.jpg
400 265
204 2 392 256; 206 2 399 264; 206 1 400 265; 

62\187_187967.jpg
400 400
116 126 228 334; 107 93 275 337; 60 64 331 339; 

62\187_187971.jpg
400 266
96 16 304 263; 125 12 282 266; 122 11 282 266; 

62\187_187975.jpg
400 286
40 36 254 251; 37 38 255 261; 38 36 258 260; 

62\187_187976.jpg
400 266
170 20 378 245; 169 71 399 249; 171 0 399 248; 

62\187_187978.jpg
400 266
30 11 204 199; 95 0 204 137; 92 1 204 196; 

62\188_188008.jpg
400 300
99 114 299 224; 101 116 300 223; 102 115 296 226; 

62\188_188009.jpg
400 301
50 60 386 249; 52 62 389 244; 50 61 386 252; 

62\188_188016.jpg
307 400
52 40 255 368; 48 42 259 381; 51 42 259 382; 

62\188_188021.jpg
400 266
33 105 346 219; 31 102 349 218; 30 104 346 220; 

62\188_188030.jpg
400 266
164 89 334 171; 168 88 330 166; 169 90 330 168; 

62\188_188033.jpg
400 300
122 6 348 268; 94 4 346 276; 126 2 388 285; 

62\188_188041.jpg
266 400
13 164 236 322; 14 162 246 316; 13 163 246 319; 

62\188_188045.jpg
400 266
52 43 168 183; 51 42 166 185; 52 45 165 182; 

62\188_188053.jpg
400 266
103 50 369 221; 106 54 371 228; 107 55 369 228; 

62\188_188059.jpg
400 326
201 14 366 248; 196 68 369 255; 198 8 373 326; 

62\188_188076.jpg
400 285
58 84 290 223; 62 86 294 223; 56 86 296 225; 

62\188_188077.jpg
285 400
78 31 249 318; 79 29 248 332; 79 30 248 336; 

62\188_188080.jpg
400 320
32 62 372 264; 33 58 375 255; 30 58 373 258; 

62\188_188085.jpg
400 320
50 62 288 218; 49 57 302 299; 52 59 360 295; 

62\188_188086.jpg
267 400
90 80 249 312; 85 81 248 314; 78 83 248 317; 

62\188_188095.jpg
258 400
50 32 217 362; 122 29 218 376; 46 29 218 374; 

62\188_188106.jpg
400 266
74 10 293 262; 68 7 253 266; 68 8 320 266; 

62\188_188108.jpg
400 320
88 58 288 317; 88 58 242 228; 88 59 248 228; 

62\188_188114.jpg
306 400
38 68 254 341; 37 48 258 352; 38 48 256 350; 

62\188_188117.jpg
277 400
78 76 205 394; 76 79 210 391; 75 80 211 390; 

62\188_188138.jpg
399 299
136 30 298 296; 138 29 297 275; 140 30 297 276; 

62\188_188142.jpg
400 266
36 68 376 214; 30 68 386 215; 38 68 386 212; 

62\188_188150.jpg
400 248
66 64 341 182; 66 64 344 180; 67 65 341 179; 

62\188_188152.jpg
400 268
42 66 270 240; 47 64 271 238; 46 66 271 238; 

62\188_188170.jpg
400 253
34 36 294 168; 36 37 302 172; 34 37 304 168; 

62\188_188171.jpg
348 400
52 66 272 344; 56 65 272 341; 56 64 271 342; 

62\188_188172.jpg
356 400
68 84 326 382; 68 82 328 385; 68 81 326 384; 

62\188_188175.jpg
266 400
32 70 235 288; 36 63 235 274; 32 63 239 278; 

62\188_188177.jpg
268 400
89 106 218 288; 91 99 224 296; 93 107 221 289; 

62\188_188191.jpg
264 400
50 62 194 396; 48 44 196 400; 2 43 194 400; 

62\188_188208.jpg
300 400
154 108 291 392; 152 104 300 400; 156 105 300 400; 

62\188_188209.jpg
400 400
30 36 224 384; 24 37 227 384; 22 37 226 384; 

62\188_188213.jpg
400 266
39 151 254 238; 45 151 252 238; 47 151 251 236; 

62\188_188221.jpg
400 266
38 144 253 236; 39 144 254 234; 39 145 251 231; 

62\188_188224.jpg
305 400
60 40 228 204; 63 38 228 173; 62 37 228 374; 

62\188_188226.jpg
400 266
40 40 372 194; 37 41 378 198; 39 40 376 192; 

62\188_188227.jpg
400 319
52 28 344 218; 52 29 348 257; 52 27 351 304; 

62\188_188236.jpg
399 265
127 57 362 240; 128 62 366 260; 126 56 368 258; 

62\188_188240.jpg
400 262
87 76 374 207; 86 111 352 209; 86 111 378 207; 

62\188_188247.jpg
308 400
29 101 240 346; 28 104 239 350; 28 104 239 351; 

62\188_188254.jpg
400 300
62 39 356 240; 41 41 356 249; 48 39 358 251; 

62\188_188255.jpg
320 400
50 58 255 324; 46 56 258 206; 44 58 256 289; 

62\188_188259.jpg
400 386
182 48 340 323; 174 43 363 340; 167 45 361 344; 

62\188_188262.jpg
400 281
72 86 342 236; 71 88 341 240; 73 87 344 238; 

62\188_188263.jpg
400 300
111 88 224 211; 121 93 219 204; 121 91 221 209; 

62\188_188270.jpg
285 400
21 82 182 356; 17 81 182 350; 15 82 184 356; 

62\188_188273.jpg
285 400
44 42 215 375; 43 42 191 378; 45 42 251 377; 

62\188_188283.jpg
399 300
45 38 172 195; 49 37 172 194; 47 35 172 219; 

62\188_188305.jpg
400 366
60 92 381 309; 59 89 384 310; 59 90 384 314; 

62\188_188328.jpg
400 300
150 34 387 211; 153 17 388 213; 152 15 388 209; 

62\188_188335.jpg
400 293
66 74 314 236; 68 78 317 239; 64 77 318 233; 

62\188_188344.jpg
400 369
124 46 362 368; 169 116 368 332; 163 40 365 331; 

62\188_188348.jpg
400 300
82 56 294 297; 84 54 264 276; 82 39 373 300; 

62\188_188351.jpg
400 320
90 20 314 279; 90 55 241 271; 93 23 309 273; 

62\188_188356.jpg
315 400
112 63 287 396; 123 67 284 206; 146 66 284 254; 

62\188_188357.jpg
400 250
148 46 336 204; 148 49 334 204; 149 46 334 204; 

62\188_188363.jpg
400 266
100 44 308 221; 101 45 309 228; 101 46 308 229; 

62\188_188371.jpg
266 400
52 56 239 312; 34 55 242 290; 32 51 242 371; 

62\188_188372.jpg
400 266
40 14 205 211; 12 12 197 209; 2 15 204 210; 

62\188_188375.jpg
400 300
89 31 373 260; 86 31 374 260; 86 30 375 259; 

62\188_188376.jpg
400 300
56 80 306 244; 50 82 307 251; 52 81 305 250; 

62\188_188377.jpg
400 300
124 70 383 290; 123 71 384 279; 124 72 386 278; 

62\188_188389.jpg
400 286
50 2 274 252; 39 90 282 248; 38 1 281 250; 

62\188_188390.jpg
300 400
8 49 268 290; 49 96 271 279; 55 44 270 223; 

62\188_188394.jpg
400 300
85 116 318 284; 84 131 322 274; 84 128 320 295; 

62\188_188423.jpg
400 257
110 30 344 228; 105 32 352 248; 104 32 361 258; 

62\188_188429.jpg
400 266
122 12 356 262; 120 11 351 221; 120 12 362 262; 

62\188_188434.jpg
400 300
51 34 334 224; 58 33 341 230; 58 32 339 231; 

62\188_188437.jpg
400 300
96 81 304 284; 99 81 306 298; 99 82 309 298; 

62\188_188441.jpg
381 400
171 71 308 328; 176 72 307 346; 176 75 307 397; 

62\188_188443.jpg
400 265
42 14 232 250; 38 14 232 244; 36 16 232 256; 

62\188_188446.jpg
389 400
24 14 325 314; 24 16 311 307; 24 14 326 317; 

62\188_188447.jpg
400 266
40 61 279 257; 11 21 326 264; 48 69 273 256; 

62\188_188448.jpg
400 320
109 12 382 242; 123 13 374 228; 124 12 376 228; 

62\188_188465.jpg
400 300
150 8 351 254; 149 7 354 254; 148 4 352 254; 

62\188_188474.jpg
263 400
50 144 182 366; 49 144 182 367; 51 146 182 400; 

62\188_188477.jpg
266 400
34 72 229 334; 34 72 231 334; 36 73 231 337; 

62\188_188478.jpg
400 266
84 19 338 263; 59 15 340 265; 60 16 339 267; 

62\188_188482.jpg
400 265
74 97 298 171; 73 100 299 175; 60 101 298 181; 

62\188_188483.jpg
400 320
32 118 296 226; 32 117 296 248; 33 117 296 228; 

62\188_188503.jpg
400 266
54 108 259 259; 50 48 257 259; 52 46 257 258; 

62\188_188525.jpg
400 265
154 74 346 226; 158 72 339 221; 157 73 384 265; 

62\188_188535.jpg
400 300
28 92 340 274; 29 95 342 279; 29 96 342 276; 

62\188_188556.jpg
400 266
154 8 390 263; 162 3 334 266; 172 11 396 238; 

62\188_188561.jpg
400 287
29 34 296 286; 26 14 271 209; 28 13 272 288; 

62\188_188562.jpg
400 266
100 64 258 224; 71 63 258 264; 67 64 258 266; 

62\188_188571.jpg
400 306
22 10 290 275; 14 8 292 295; 11 6 292 292; 

62\188_188573.jpg
400 323
68 143 369 254; 69 146 373 261; 67 57 369 258; 

62\188_188585.jpg
400 349
126 44 342 345; 124 46 342 298; 128 46 343 346; 

62\188_188607.jpg
400 286
88 83 341 231; 89 86 342 222; 41 69 352 254; 

62\188_188609.jpg
400 266
28 51 264 248; 29 54 264 264; 24 54 264 266; 

62\188_188612.jpg
400 266
178 8 371 196; 179 9 372 195; 178 8 371 199; 

62\188_188620.jpg
353 399
15 92 205 272; 14 22 345 270; 12 23 332 272; 

62\188_188625.jpg
300 400
7 81 238 358; 8 84 238 359; 8 84 236 358; 

62\188_188628.jpg
400 300
74 102 334 258; 72 104 335 260; 74 106 335 259; 

62\188_188629.jpg
400 266
82 25 349 234; 82 26 348 242; 82 25 351 242; 

62\188_188631.jpg
400 266
182 60 365 188; 185 59 362 185; 185 59 362 186; 

62\188_188644.jpg
400 300
78 25 339 296; 75 26 341 298; 78 25 339 297; 

62\188_188649.jpg
400 258
242 70 338 199; 238 71 335 200; 238 71 335 138; 

62\188_188662.jpg
266 400
61 124 230 281; 57 124 232 351; 17 123 234 358; 

62\188_188663.jpg
400 266
116 14 280 242; 107 14 282 217; 52 15 281 262; 

62\188_188665.jpg
266 400
22 104 251 290; 8 102 257 280; 11 105 253 335; 

62\188_188666.jpg
400 255
102 96 283 237; 105 97 292 241; 107 98 294 239; 

62\188_188670.jpg
400 300
88 116 298 280; 90 118 311 283; 91 113 309 283; 

62\188_188671.jpg
300 400
78 84 266 292; 81 85 258 294; 81 86 258 294; 

62\188_188673.jpg
330 400
36 81 284 238; 45 80 286 244; 44 81 304 239; 

62\188_188676.jpg
400 301
14 36 249 230; 4 34 240 232; 3 35 337 263; 

62\188_188681.jpg
400 266
84 12 266 212; 77 1 268 238; 73 0 270 242; 

62\188_188682.jpg
285 400
6 81 266 337; 3 83 265 312; 3 84 267 322; 

62\188_188697.jpg
362 240
63 54 257 176; 58 59 260 180; 65 57 259 180; 

62\188_188698.jpg
400 275
132 14 381 261; 164 17 374 259; 140 16 378 261; 

62\188_188714.jpg
400 300
78 84 252 291; 76 79 251 299; 77 81 252 300; 

62\188_188715.jpg
310 400
24 42 276 318; 35 42 279 319; 28 41 279 319; 

62\188_188717.jpg
400 300
28 34 201 294; 9 39 198 300; 5 32 199 300; 

62\188_188755.jpg
400 357
36 18 328 297; 155 90 321 280; 79 18 324 271; 

62\188_188770.jpg
400 270
86 14 310 246; 89 15 309 251; 86 16 311 252; 

62\188_188781.jpg
246 400
48 32 226 276; 47 33 225 268; 3 33 225 400; 

62\188_188792.jpg
400 300
146 120 338 251; 20 80 287 210; 154 121 286 194; 

62\188_188794.jpg
400 400
12 134 190 302; 16 136 189 309; 14 137 188 306; 

62\188_188799.jpg
400 266
104 60 342 263; 219 58 345 202; 167 61 343 199; 

62\188_188801.jpg
335 400
45 72 319 360; 44 67 323 216; 46 63 318 212; 

62\188_188803.jpg
400 377
42 97 336 346; 38 95 220 244; 42 93 222 242; 

62\188_188804.jpg
400 343
112 121 312 302; 99 120 324 302; 109 121 328 302; 

62\188_188809.jpg
400 379
176 112 386 319; 68 21 314 235; 69 20 324 235; 

62\188_188815.jpg
400 266
139 101 280 225; 82 78 234 230; 82 78 257 228; 

62\188_188816.jpg
400 265
88 56 354 143; 92 59 354 147; 90 59 352 144; 

62\188_188817.jpg
400 183
58 26 338 169; 58 26 338 164; 58 25 338 165; 

62\188_188820.jpg
400 266
90 28 326 263; 156 28 328 212; 150 27 326 212; 

62\188_188821.jpg
400 301
35 37 356 251; 35 36 356 252; 33 35 361 254; 

62\188_188823.jpg
400 300
132 4 378 107; 134 4 381 108; 132 4 382 107; 

62\188_188826.jpg
340 400
72 30 294 282; 66 29 304 262; 79 28 296 226; 

62\188_188829.jpg
400 300
44 32 303 298; 48 37 304 300; 44 36 304 300; 

62\188_188833.jpg
400 300
4 62 247 273; 88 65 247 300; 101 64 248 167; 

62\188_188835.jpg
400 300
38 20 206 239; 37 18 206 239; 38 18 208 239; 

62\188_188843.jpg
287 400
68 52 257 297; 64 50 258 296; 77 52 256 204; 

62\188_188848.jpg
400 266
75 46 292 251; 48 47 294 264; 112 47 294 209; 

62\188_188850.jpg
400 266
86 52 365 255; 61 52 369 266; 132 53 366 175; 

62\188_188858.jpg
400 266
109 4 310 262; 105 5 315 266; 104 4 315 266; 

62\188_188859.jpg
266 400
56 17 198 286; 56 21 197 312; 55 17 198 112; 

62\188_188868.jpg
400 266
115 43 393 193; 114 44 399 192; 117 42 400 254; 

62\188_188872.jpg
400 293
181 28 372 166; 189 8 368 160; 197 12 378 161; 

62\188_188874.jpg
400 266
103 66 242 264; 36 32 240 266; 30 32 381 266; 

62\188_188878.jpg
400 266
157 1 258 265; 162 1 258 267; 162 1 258 267; 

62\188_188879.jpg
365 400
99 122 281 398; 96 121 280 400; 97 121 281 400; 

62\188_188882.jpg
400 340
36 14 200 309; 37 14 206 340; 37 11 204 340; 

62\188_188883.jpg
314 400
68 38 199 344; 67 38 198 376; 65 39 302 265; 

62\188_188886.jpg
400 400
14 64 192 246; 17 64 204 267; 14 62 206 266; 

62\188_188887.jpg
399 282
112 98 348 279; 170 101 344 283; 170 102 276 215; 

62\188_188889.jpg
400 344
44 34 337 276; 49 33 294 282; 47 33 392 326; 

62\188_188895.jpg
400 300
127 78 336 276; 131 86 339 283; 131 79 374 280; 

62\188_188896.jpg
400 300
115 9 308 224; 118 9 290 252; 122 10 333 294; 

62\188_188897.jpg
300 400
75 119 186 304; 83 118 197 399; 77 116 198 400; 

62\188_188898.jpg
400 300
98 58 316 292; 95 58 319 291; 99 60 318 289; 

62\188_188899.jpg
320 400
81 6 238 134; 74 3 239 162; 74 1 236 158; 

62\188_188900.jpg
300 400
78 103 218 356; 79 102 218 348; 78 104 219 352; 

62\188_188903.jpg
400 263
64 75 288 154; 64 77 232 154; 63 78 257 162; 

62\188_188908.jpg
400 310
78 32 345 296; 127 29 347 288; 122 31 348 288; 

62\188_188915.jpg
400 300
99 32 250 221; 99 37 251 251; 98 36 251 252; 

62\188_188918.jpg
400 400
58 42 220 344; 62 44 227 220; 60 45 225 346; 

62\188_188919.jpg
275 400
66 110 228 308; 66 112 224 374; 66 111 227 378; 

62\188_188920.jpg
400 266
117 49 369 216; 116 50 366 266; 118 49 366 266; 

62\188_188921.jpg
400 300
88 34 318 294; 84 32 321 259; 82 32 320 300; 

62\188_188928.jpg
285 400
44 26 225 386; 47 29 226 391; 47 28 227 395; 

62\188_188929.jpg
266 400
42 58 262 320; 44 46 262 226; 44 41 255 248; 

62\188_188931.jpg
400 300
48 50 284 292; 41 52 288 300; 42 53 287 300; 

62\188_188935.jpg
400 300
74 48 282 294; 67 41 285 300; 66 45 285 300; 

62\188_188936.jpg
295 400
50 66 231 372; 71 65 236 346; 63 69 232 373; 

62\188_188937.jpg
400 300
190 66 318 228; 192 68 338 288; 191 69 393 297; 

62\188_188941.jpg
266 400
21 58 239 328; 24 63 173 324; 21 15 241 320; 

62\188_188942.jpg
266 400
21 44 230 302; 21 40 195 302; 19 32 221 300; 

62\188_188943.jpg
400 266
140 20 338 264; 142 1 342 266; 142 0 344 266; 

62\188_188944.jpg
400 266
119 11 331 178; 174 78 278 167; 122 0 322 169; 

62\188_188945.jpg
400 266
56 32 332 262; 72 31 330 245; 71 32 331 244; 

62\188_188947.jpg
266 400
28 80 200 358; 2 78 206 358; 4 81 208 359; 

62\188_188957.jpg
400 375
148 12 242 199; 122 9 275 204; 107 9 278 207; 

62\188_188965.jpg
400 216
8 18 154 194; 0 20 157 216; 1 21 156 216; 

62\188_188973.jpg
320 400
30 26 204 376; 28 31 201 393; 25 31 200 400; 

62\188_188984.jpg
400 275
208 18 322 271; 227 1 324 275; 226 1 316 194; 

62\188_188993.jpg
336 400
82 58 262 292; 110 61 253 191; 108 62 255 185; 

62\188_188994.jpg
400 266
70 58 306 258; 64 28 362 187; 62 29 361 188; 

62\188_188995.jpg
400 266
76 84 304 262; 73 88 313 170; 73 88 312 172; 

62\188_188996.jpg
400 180
128 45 396 178; 128 44 399 180; 128 47 400 180; 

