230

64\192_192035.jpg
400 325
66 28 191 247; 3 22 191 281; 1 21 190 283; 

64\192_192039.jpg
400 300
114 22 260 234; 130 8 258 214; 124 0 259 218; 

64\192_192044.jpg
400 320
132 36 326 311; 138 36 329 261; 128 39 395 320; 

64\192_192069.jpg
266 400
32 18 172 176; 31 18 185 174; 33 19 182 174; 

64\192_192070.jpg
400 266
102 96 258 263; 102 92 259 266; 98 86 256 266; 

64\192_192073.jpg
266 400
50 86 135 358; 52 82 154 384; 42 82 147 376; 

64\192_192075.jpg
400 319
214 172 388 308; 226 199 374 308; 231 192 378 307; 

64\192_192091.jpg
400 266
13 74 384 180; 2 73 399 193; 2 74 400 195; 

64\192_192096.jpg
391 400
42 58 249 340; 42 56 211 223; 4 58 248 398; 

64\192_192099.jpg
400 300
138 73 288 296; 134 64 310 300; 138 64 310 300; 

64\192_192101.jpg
400 285
64 16 332 270; 62 12 334 274; 62 12 336 277; 

64\192_192106.jpg
400 285
146 62 312 226; 203 55 325 173; 22 30 314 277; 

64\192_192114.jpg
400 285
130 104 267 253; 124 59 308 260; 127 60 297 262; 

64\192_192116.jpg
285 400
40 62 211 392; 132 60 211 311; 2 62 209 400; 

64\192_192120.jpg
399 285
56 34 370 223; 54 33 353 231; 58 33 351 223; 

64\192_192121.jpg
400 266
164 14 246 243; 164 10 239 246; 164 11 236 243; 

64\192_192127.jpg
400 322
151 174 398 318; 146 173 319 266; 234 173 337 263; 

64\192_192145.jpg
400 265
56 45 311 260; 170 66 389 195; 170 56 308 196; 

64\192_192155.jpg
400 300
80 55 320 298; 106 82 314 271; 86 54 314 268; 

64\192_192159.jpg
253 400
55 18 187 288; 54 11 206 291; 52 12 206 248; 

64\192_192165.jpg
400 266
102 48 217 142; 104 43 219 148; 106 43 218 149; 

64\192_192171.jpg
400 300
96 38 336 272; 99 38 331 270; 79 12 351 288; 

64\192_192173.jpg
400 266
120 70 256 241; 121 72 258 238; 119 72 259 242; 

64\192_192186.jpg
269 400
56 62 264 339; 57 65 263 339; 0 66 262 339; 

64\192_192189.jpg
400 270
178 32 390 232; 176 32 391 225; 178 34 400 226; 

64\192_192193.jpg
400 266
44 24 298 256; 33 19 288 255; 32 14 351 255; 

64\192_192198.jpg
400 384
72 128 272 332; 72 108 312 325; 71 32 326 328; 

64\192_192200.jpg
400 266
54 26 299 229; 48 27 299 208; 48 25 298 209; 

64\192_192202.jpg
400 266
16 56 286 192; 18 56 288 192; 19 56 289 198; 

64\192_192207.jpg
400 266
144 50 330 241; 144 53 332 242; 142 52 332 241; 

64\192_192211.jpg
300 400
14 40 288 295; 84 124 206 226; 12 40 288 238; 

64\192_192245.jpg
400 303
121 56 301 264; 121 75 303 251; 122 76 302 249; 

64\192_192283.jpg
400 272
60 50 338 226; 61 50 339 224; 62 49 341 224; 

64\192_192284.jpg
266 400
38 52 222 349; 84 140 226 344; 78 115 223 343; 

64\192_192293.jpg
400 265
242 111 390 263; 236 108 398 264; 238 110 400 265; 

64\192_192297.jpg
400 265
205 68 396 261; 203 66 399 265; 203 69 400 265; 

64\192_192300.jpg
400 265
219 74 364 263; 272 66 366 265; 208 44 400 265; 

64\192_192301.jpg
265 400
82 74 184 368; 83 74 189 361; 80 55 187 362; 

64\192_192317.jpg
266 400
30 84 232 320; 79 82 189 309; 36 81 265 309; 

64\192_192341.jpg
400 300
138 56 290 264; 153 78 274 266; 154 74 275 266; 

64\192_192350.jpg
266 400
74 68 227 360; 67 69 231 360; 70 67 228 358; 

64\192_192360.jpg
395 400
32 56 284 352; 27 51 285 382; 26 55 305 357; 

64\192_192365.jpg
399 272
132 45 321 261; 134 38 324 262; 131 36 325 262; 

64\192_192367.jpg
270 400
70 68 182 370; 45 68 179 379; 11 68 177 388; 

64\192_192398.jpg
400 293
184 135 310 241; 186 138 307 243; 186 136 309 243; 

64\192_192418.jpg
400 265
49 32 314 264; 159 31 262 265; 161 32 245 148; 

64\192_192420.jpg
374 400
176 74 358 314; 170 81 361 316; 176 108 360 310; 

64\192_192421.jpg
400 265
100 34 266 196; 104 37 273 191; 109 32 271 152; 

64\192_192422.jpg
263 400
51 9 183 340; 51 9 177 345; 51 8 262 346; 

64\192_192424.jpg
400 265
153 44 290 248; 152 38 297 157; 156 41 296 154; 

64\192_192426.jpg
400 265
20 6 271 256; 42 3 268 196; 42 2 269 194; 

64\192_192428.jpg
400 265
52 19 271 266; 52 18 269 258; 54 19 269 258; 

64\192_192430.jpg
400 311
110 24 302 249; 26 19 292 234; 1 18 304 311; 

64\192_192436.jpg
266 400
43 98 251 352; 37 88 247 257; 38 102 211 257; 

64\192_192460.jpg
400 255
86 97 178 219; 76 96 176 221; 78 98 175 221; 

64\192_192468.jpg
400 364
101 28 387 266; 95 28 387 251; 97 28 392 262; 

64\192_192482.jpg
400 376
124 92 358 344; 124 93 356 348; 124 91 364 348; 

64\192_192487.jpg
400 307
38 88 344 274; 41 84 344 255; 41 85 343 258; 

64\192_192488.jpg
301 399
66 35 244 396; 67 28 262 282; 66 26 263 282; 

64\192_192489.jpg
400 285
246 72 344 271; 231 76 346 276; 234 52 364 274; 

64\192_192493.jpg
400 320
92 50 324 289; 93 52 342 289; 94 52 340 289; 

64\192_192494.jpg
361 400
38 44 279 354; 88 26 296 356; 88 28 291 355; 

64\192_192508.jpg
266 399
62 30 248 266; 63 25 237 294; 66 30 231 227; 

64\192_192512.jpg
266 399
16 100 244 358; 7 106 252 397; 19 90 251 399; 

64\192_192519.jpg
399 266
204 68 350 264; 218 67 345 222; 189 8 364 223; 

64\192_192534.jpg
400 305
74 80 322 269; 76 79 332 196; 77 81 362 238; 

64\192_192544.jpg
320 400
49 96 258 392; 55 93 300 392; 55 94 300 392; 

64\192_192549.jpg
266 400
22 114 214 394; 19 111 219 397; 21 111 219 397; 

64\192_192553.jpg
319 400
34 50 253 372; 88 51 204 374; 1 52 318 374; 

64\192_192562.jpg
350 260
9 51 341 206; 9 49 340 208; 7 51 343 207; 

64\192_192563.jpg
400 300
84 48 348 248; 91 46 344 241; 92 46 342 241; 

64\192_192564.jpg
400 344
86 140 263 233; 89 140 258 234; 88 139 264 232; 

64\192_192566.jpg
400 300
190 66 376 291; 192 68 396 300; 192 68 395 298; 

64\192_192576.jpg
400 299
114 29 292 229; 166 29 291 199; 164 28 292 211; 

64\192_192599.jpg
400 288
38 32 316 202; 42 32 314 200; 40 33 316 201; 

64\192_192619.jpg
400 266
141 13 346 258; 144 14 351 262; 152 15 352 262; 

64\192_192625.jpg
400 301
128 64 326 298; 129 84 326 286; 129 69 332 288; 

64\192_192627.jpg
400 265
110 54 282 230; 113 56 288 229; 114 56 285 229; 

64\192_192630.jpg
400 285
52 22 268 282; 49 3 274 282; 50 1 277 285; 

64\192_192659.jpg
400 265
89 66 212 231; 46 65 218 226; 92 66 204 230; 

64\192_192667.jpg
400 298
75 30 329 257; 81 30 329 258; 80 31 325 258; 

64\192_192682.jpg
400 300
114 38 276 236; 114 39 271 229; 114 38 270 225; 

64\192_192689.jpg
266 399
60 26 234 266; 66 24 237 291; 65 25 236 227; 

64\192_192695.jpg
266 399
57 34 248 266; 63 24 239 338; 69 25 231 227; 

64\192_192710.jpg
331 400
40 132 275 397; 41 134 238 400; 42 132 272 385; 

64\192_192714.jpg
266 400
38 96 256 372; 39 99 223 279; 40 97 221 253; 

64\192_192716.jpg
400 240
70 28 334 202; 155 28 335 203; 154 29 333 201; 

64\192_192719.jpg
400 266
16 4 254 265; 20 0 249 265; 14 0 248 266; 

64\192_192724.jpg
400 228
48 98 332 179; 38 92 335 195; 43 69 337 188; 

64\192_192725.jpg
400 266
50 18 348 206; 48 19 348 207; 50 19 348 207; 

64\192_192727.jpg
400 360
128 14 340 344; 128 10 344 345; 130 9 343 344; 

64\192_192728.jpg
266 400
58 102 217 224; 61 101 192 224; 60 103 192 224; 

64\192_192742.jpg
400 266
108 0 300 262; 117 94 291 266; 116 89 293 266; 

64\192_192745.jpg
400 248
71 11 393 187; 72 108 209 190; 72 23 388 188; 

64\192_192753.jpg
400 320
58 90 280 296; 44 89 295 320; 88 91 262 232; 

64\192_192754.jpg
348 400
30 68 246 284; 21 69 253 298; 66 71 231 229; 

64\192_192755.jpg
400 328
58 48 294 264; 50 50 294 279; 108 51 294 179; 

64\192_192779.jpg
400 300
46 52 256 231; 48 51 252 226; 48 51 253 246; 

64\192_192781.jpg
400 266
144 29 336 261; 148 32 316 214; 148 33 396 262; 

64\192_192782.jpg
400 300
178 111 292 296; 179 111 295 300; 175 106 293 300; 

64\192_192784.jpg
400 300
146 78 267 206; 146 82 269 196; 144 77 258 198; 

64\192_192787.jpg
400 314
78 18 322 237; 164 13 243 268; 15 10 383 265; 

64\192_192796.jpg
400 266
108 2 275 255; 109 49 269 224; 110 1 274 226; 

64\192_192802.jpg
400 266
49 40 320 256; 42 36 306 242; 58 36 307 248; 

64\192_192848.jpg
400 241
145 14 343 240; 145 12 269 179; 144 14 389 241; 

64\192_192856.jpg
400 333
38 64 244 302; 33 66 245 292; 29 66 244 293; 

64\192_192857.jpg
400 266
124 16 254 257; 124 15 254 261; 125 13 254 262; 

64\192_192859.jpg
287 400
22 37 195 396; 19 37 186 224; 19 37 186 226; 

64\192_192863.jpg
400 373
163 183 370 368; 166 183 370 373; 163 184 371 374; 

64\192_192864.jpg
400 301
82 30 378 193; 61 24 382 159; 61 31 381 291; 

64\192_192869.jpg
400 300
241 16 366 292; 246 21 367 299; 245 19 366 300; 

64\192_192893.jpg
266 400
44 118 266 383; 44 119 265 399; 45 119 266 400; 

64\192_192895.jpg
400 266
58 66 272 264; 55 61 274 266; 58 62 274 266; 

64\192_192907.jpg
400 301
15 54 378 236; 18 53 389 241; 16 53 391 241; 

64\192_192919.jpg
333 400
64 106 326 292; 64 102 329 298; 62 101 333 299; 

64\192_192926.jpg
400 266
82 94 240 197; 94 75 242 195; 65 76 242 194; 

64\192_192928.jpg
400 321
56 44 305 181; 55 44 304 188; 56 41 305 186; 

64\192_192944.jpg
266 400
32 23 201 308; 33 20 224 234; 38 19 220 233; 

64\192_192946.jpg
266 400
52 24 224 298; 54 74 165 245; 18 18 220 244; 

64\192_192977.jpg
400 266
71 27 291 262; 83 26 261 244; 91 27 259 243; 

64\192_192985.jpg
400 248
69 32 288 224; 70 32 257 223; 71 33 285 225; 

64\192_192992.jpg
398 400
48 182 368 314; 32 183 391 320; 31 147 388 322; 

64\193_193017.jpg
399 266
90 20 267 242; 90 22 269 238; 90 23 266 240; 

64\193_193020.jpg
400 300
90 58 324 228; 89 58 316 223; 88 59 325 227; 

64\193_193029.jpg
400 266
140 4 316 260; 109 4 323 260; 104 2 320 267; 

64\193_193048.jpg
400 300
69 114 335 282; 74 113 336 285; 72 112 332 289; 

64\193_193050.jpg
303 400
42 54 233 340; 26 54 236 344; 25 55 232 341; 

64\193_193054.jpg
400 266
202 96 296 211; 200 96 297 210; 199 58 293 212; 

64\193_193055.jpg
300 400
38 43 270 344; 37 86 269 300; 38 47 268 340; 

64\193_193056.jpg
400 286
122 87 328 252; 121 84 322 237; 124 86 316 230; 

64\193_193076.jpg
399 266
98 16 334 264; 95 14 398 264; 98 14 398 266; 

64\193_193104.jpg
266 400
62 106 254 292; 64 108 257 294; 62 107 258 293; 

64\193_193107.jpg
400 312
46 124 372 201; 3 83 397 246; 5 74 397 249; 

64\193_193139.jpg
400 287
82 64 159 247; 82 68 164 247; 82 64 161 249; 

64\193_193151.jpg
400 370
112 88 373 338; 111 80 337 310; 106 82 334 290; 

64\193_193153.jpg
400 296
146 36 362 279; 136 34 358 293; 134 34 362 288; 

64\193_193154.jpg
400 285
140 84 384 219; 142 85 391 204; 142 61 388 285; 

64\193_193160.jpg
400 266
44 46 276 208; 42 45 271 214; 43 45 400 224; 

64\193_193494.jpg
400 268
26 64 298 252; 25 64 299 243; 24 64 298 246; 

64\193_193904.jpg
400 400
88 99 392 380; 87 98 196 222; 88 99 400 400; 

64\193_193944.jpg
400 381
28 72 286 316; 21 71 288 324; 22 71 287 323; 

64\193_193945.jpg
326 400
36 6 199 388; 38 1 198 388; 39 1 198 386; 

64\193_193950.jpg
266 400
32 60 235 364; 30 60 192 366; 29 43 266 365; 

64\193_193972.jpg
400 342
114 32 390 262; 114 29 394 267; 114 31 395 268; 

64\193_193979.jpg
300 400
76 72 294 300; 86 92 286 296; 83 73 298 293; 

64\193_193981.jpg
311 400
5 76 237 388; 122 75 197 199; 99 28 225 178; 

64\193_193982.jpg
300 400
90 70 246 380; 91 72 252 395; 89 71 249 392; 

64\193_193985.jpg
400 266
140 46 391 265; 136 48 396 266; 139 48 397 195; 

64\193_193991.jpg
400 300
19 110 298 244; 18 111 295 246; 17 108 298 245; 

64\193_193995.jpg
400 266
128 2 387 234; 126 0 259 197; 128 2 355 206; 

64\193_193996.jpg
400 266
100 19 238 235; 100 21 241 184; 89 21 238 231; 

64\194_194000.jpg
400 300
57 46 310 232; 54 45 310 232; 46 1 312 230; 

64\194_194003.jpg
400 300
115 35 249 254; 118 34 248 300; 116 34 248 300; 

64\194_194018.jpg
400 300
92 56 288 296; 94 53 281 300; 92 54 281 300; 

64\194_194023.jpg
399 300
6 88 260 296; 0 97 171 300; 1 58 288 300; 

64\194_194027.jpg
293 400
54 122 191 256; 52 120 196 259; 53 120 193 258; 

64\194_194034.jpg
400 318
14 13 376 224; 23 14 380 223; 14 12 379 227; 

64\194_194071.jpg
400 300
246 17 393 206; 245 3 400 208; 248 0 400 207; 

64\194_194080.jpg
400 236
65 87 391 216; 117 91 296 199; 56 90 399 214; 

64\194_194082.jpg
266 400
5 271 262 387; 99 270 234 365; 0 253 266 386; 

64\194_194090.jpg
400 260
38 102 336 239; 50 102 341 224; 50 101 340 226; 

64\194_194102.jpg
285 400
71 158 141 354; 74 159 141 356; 76 158 142 358; 

64\194_194103.jpg
266 400
84 204 232 318; 84 204 234 321; 86 205 234 318; 

64\194_194107.jpg
295 400
46 24 194 390; 46 2 181 217; 48 1 184 379; 

64\194_194112.jpg
290 400
124 49 241 252; 126 46 238 198; 126 43 236 199; 

64\194_194130.jpg
400 266
24 81 379 237; 19 81 381 208; 21 79 379 210; 

64\194_194141.jpg
399 299
99 34 296 292; 102 36 302 300; 106 37 304 300; 

64\194_194148.jpg
400 228
172 18 391 197; 130 18 385 212; 128 18 389 217; 

64\194_194157.jpg
400 266
182 108 312 264; 182 94 326 266; 184 109 325 266; 

64\194_194160.jpg
400 266
184 112 300 261; 184 96 324 266; 185 93 321 266; 

64\194_194181.jpg
399 302
60 100 382 252; 59 100 383 258; 57 101 384 263; 

64\194_194183.jpg
400 266
124 8 359 231; 116 9 358 227; 119 9 359 226; 

64\194_194189.jpg
400 320
124 46 261 257; 123 44 258 252; 126 43 258 293; 

64\194_194193.jpg
400 298
8 90 390 267; 20 91 392 234; 84 90 392 256; 

64\194_194203.jpg
400 286
208 64 360 279; 209 66 357 280; 208 66 355 280; 

64\194_194215.jpg
400 300
32 74 291 296; 34 74 301 298; 34 74 304 300; 

64\194_194216.jpg
400 300
140 68 277 291; 139 54 339 298; 133 54 338 298; 

64\194_194217.jpg
400 300
59 62 346 293; 112 62 336 214; 108 33 335 214; 

64\194_194229.jpg
300 400
40 139 252 298; 38 141 254 299; 39 141 254 298; 

64\194_194231.jpg
300 400
66 74 278 366; 109 75 234 213; 107 73 232 319; 

64\194_194235.jpg
300 400
46 84 282 334; 46 86 285 338; 45 85 286 337; 

64\194_194243.jpg
400 400
37 87 369 310; 36 86 368 315; 36 88 373 317; 

64\194_194244.jpg
400 305
62 48 370 248; 61 48 372 243; 61 48 377 246; 

64\194_194245.jpg
400 354
92 78 354 308; 129 48 312 275; 126 47 314 275; 

64\194_194250.jpg
320 400
77 37 217 319; 75 46 249 315; 79 51 218 313; 

64\194_194269.jpg
400 310
101 120 319 281; 102 122 328 285; 104 122 328 284; 

64\194_194271.jpg
400 300
161 49 338 259; 158 51 338 263; 159 50 335 263; 

64\194_194272.jpg
400 400
218 162 384 353; 222 162 389 356; 222 161 388 356; 

64\194_194284.jpg
400 266
92 40 298 263; 96 40 282 264; 97 40 328 264; 

64\194_194313.jpg
400 300
16 7 266 228; 10 6 224 216; 10 6 241 213; 

64\194_194317.jpg
400 300
70 58 314 236; 70 60 337 241; 69 60 335 239; 

64\194_194330.jpg
400 313
116 74 303 221; 119 75 303 202; 119 75 302 204; 

64\194_194335.jpg
400 251
87 10 312 248; 134 6 282 188; 86 8 314 251; 

64\194_194720.jpg
400 300
41 9 301 281; 41 8 198 229; 41 9 301 300; 

64\194_194721.jpg
320 400
76 70 216 392; 79 50 216 400; 81 49 216 400; 

64\194_194726.jpg
400 300
42 26 268 292; 118 26 269 278; 41 24 269 300; 

64\194_194727.jpg
400 320
70 84 296 262; 69 89 296 263; 70 86 296 261; 

64\194_194732.jpg
399 299
235 130 357 236; 234 131 390 238; 237 130 350 236; 

64\194_194775.jpg
252 400
58 278 242 388; 96 31 244 391; 62 284 243 388; 

64\194_194797.jpg
351 400
135 32 217 356; 134 35 214 356; 138 35 214 353; 

64\194_194808.jpg
191 400
64 34 139 339; 66 28 139 341; 66 24 141 339; 

64\194_194809.jpg
400 266
132 61 334 259; 96 49 340 266; 94 48 339 266; 

64\194_194810.jpg
320 400
114 46 306 278; 32 41 308 393; 33 41 306 395; 

64\194_194824.jpg
400 280
84 12 241 276; 84 71 241 280; 84 71 239 280; 

64\194_194830.jpg
269 400
76 72 262 388; 91 118 224 350; 94 43 264 353; 

64\194_194833.jpg
400 320
209 86 330 258; 210 86 334 260; 210 87 336 257; 

64\194_194849.jpg
400 346
122 40 332 246; 122 38 333 248; 124 39 334 246; 

64\194_194851.jpg
400 285
76 32 214 251; 76 31 215 246; 78 32 216 254; 

64\194_194853.jpg
400 250
11 82 264 248; 96 86 352 250; 98 86 277 236; 

64\194_194854.jpg
400 266
52 44 264 253; 53 36 266 256; 55 32 265 255; 

64\194_194859.jpg
400 266
22 89 380 239; 21 90 386 244; 22 91 385 241; 

64\194_194870.jpg
400 266
88 44 358 212; 85 48 232 208; 80 46 359 209; 

64\194_194879.jpg
400 280
187 21 288 270; 185 15 291 279; 187 19 289 280; 

64\194_194899.jpg
400 266
38 46 277 233; 42 45 278 233; 42 48 277 231; 

64\194_194900.jpg
400 291
34 22 352 231; 35 21 312 262; 37 21 358 262; 

64\194_194906.jpg
400 258
54 48 224 150; 53 48 224 128; 56 49 224 144; 

64\194_194908.jpg
400 266
50 22 274 245; 52 22 275 246; 50 22 272 244; 

64\194_194909.jpg
400 275
54 76 218 231; 53 78 217 233; 52 78 289 256; 

64\194_194911.jpg
285 400
32 52 256 314; 62 44 218 302; 64 43 208 305; 

64\194_194913.jpg
285 400
42 62 259 374; 39 56 260 328; 1 59 284 400; 

64\194_194914.jpg
400 400
68 96 310 388; 67 96 325 358; 68 95 325 400; 

64\194_194918.jpg
400 400
70 90 366 378; 70 90 366 352; 71 89 366 400; 

64\194_194927.jpg
400 400
74 94 366 382; 71 211 369 358; 73 208 367 356; 

64\194_194942.jpg
400 255
6 81 337 193; 3 77 334 205; 1 76 337 206; 

64\194_194950.jpg
400 265
134 79 291 262; 136 81 318 265; 136 84 317 264; 

64\194_194971.jpg
245 400
74 39 201 391; 76 42 186 294; 76 14 199 389; 

64\194_194976.jpg
306 400
9 129 295 364; 10 132 299 371; 9 131 298 370; 

64\194_194993.jpg
400 300
36 16 234 235; 35 16 232 233; 37 16 235 232; 

64\194_194995.jpg
400 300
34 13 320 259; 68 45 246 175; 68 2 247 171; 

64\194_194996.jpg
267 400
52 52 217 370; 49 56 244 294; 49 16 248 291; 

