418

68\204_204006.jpg
400 265
84 44 294 264; 86 45 298 194; 83 28 296 265; 

68\204_204015.jpg
266 400
82 23 227 342; 76 12 223 267; 79 19 255 400; 

68\204_204017.jpg
400 320
162 40 362 212; 161 38 365 212; 161 40 364 212; 

68\204_204029.jpg
326 400
130 29 305 297; 128 31 304 289; 129 31 302 292; 

68\204_204044.jpg
386 400
46 88 352 342; 47 89 357 340; 44 88 356 356; 

68\204_204058.jpg
266 399
57 59 177 202; 56 18 174 190; 53 15 174 190; 

68\204_204069.jpg
400 222
136 22 384 120; 82 32 232 219; 29 19 279 217; 

68\204_204070.jpg
368 400
16 78 366 330; 103 93 341 312; 12 93 334 384; 

68\204_204073.jpg
400 335
136 9 310 324; 174 11 302 323; 125 11 324 324; 

68\204_204078.jpg
378 400
15 152 227 351; 20 154 217 344; 16 24 303 392; 

68\204_204082.jpg
400 300
38 64 286 270; 39 65 256 266; 38 66 255 267; 

68\204_204090.jpg
400 333
96 62 289 279; 126 65 341 274; 92 62 343 274; 

68\204_204093.jpg
400 298
78 34 320 294; 121 34 286 239; 139 33 262 132; 

68\204_204094.jpg
400 360
28 35 246 254; 35 38 238 244; 36 36 252 238; 

68\204_204100.jpg
400 266
205 92 296 266; 181 96 309 266; 184 94 306 266; 

68\204_204103.jpg
400 300
78 54 308 266; 92 56 247 256; 92 57 247 259; 

68\204_204115.jpg
400 266
128 32 292 202; 127 34 296 202; 128 34 298 204; 

68\204_204119.jpg
400 266
160 40 238 244; 162 39 238 241; 161 38 240 246; 

68\204_204130.jpg
266 400
42 14 189 366; 47 13 178 299; 29 12 193 400; 

68\204_204131.jpg
266 400
62 23 217 338; 62 21 220 341; 37 21 218 400; 

68\204_204132.jpg
266 400
64 30 223 392; 64 30 225 385; 65 32 224 383; 

68\204_204134.jpg
266 400
80 48 239 322; 29 50 255 323; 27 48 251 400; 

68\204_204136.jpg
266 400
28 40 218 300; 70 30 220 272; 37 2 238 270; 

68\204_204137.jpg
266 400
76 46 257 358; 97 49 210 236; 79 0 246 238; 

68\204_204138.jpg
266 400
34 18 236 234; 33 8 237 235; 29 9 235 387; 

68\204_204139.jpg
305 399
95 54 253 356; 61 51 255 359; 56 54 256 359; 

68\204_204142.jpg
266 400
2 71 164 359; 43 82 156 235; 16 20 184 236; 

68\204_204160.jpg
400 266
4 59 380 229; 56 56 390 236; 0 60 388 237; 

68\204_204163.jpg
400 384
84 48 210 381; 101 48 191 256; 85 46 210 384; 

68\204_204164.jpg
400 285
134 48 272 173; 127 47 258 176; 11 46 394 285; 

68\204_204166.jpg
400 273
42 29 304 157; 34 16 377 208; 26 19 377 204; 

68\204_204167.jpg
380 400
22 48 260 326; 10 35 282 329; 9 33 299 386; 

68\204_204168.jpg
380 400
16 68 370 286; 147 55 342 291; 12 56 380 291; 

68\204_204170.jpg
303 400
76 110 221 386; 72 169 212 321; 56 97 224 320; 

68\204_204171.jpg
296 400
50 94 285 397; 57 123 255 339; 40 69 255 335; 

68\204_204174.jpg
266 400
56 20 226 360; 56 18 253 361; 66 17 254 352; 

68\204_204180.jpg
400 302
176 48 382 282; 198 48 381 269; 189 48 382 271; 

68\204_204184.jpg
400 230
222 62 388 208; 226 68 394 209; 227 68 384 200; 

68\204_204185.jpg
266 400
34 154 252 391; 24 151 266 399; 9 153 266 400; 

68\204_204187.jpg
381 399
60 26 292 396; 35 27 309 400; 35 26 310 400; 

68\204_204188.jpg
266 400
20 36 225 326; 46 63 225 233; 45 63 224 234; 

68\204_204200.jpg
400 300
120 14 304 274; 81 7 285 251; 125 2 332 250; 

68\204_204201.jpg
400 266
32 38 290 246; 37 38 296 234; 37 38 296 234; 

68\204_204202.jpg
400 266
166 56 390 239; 167 63 399 236; 167 64 400 235; 

68\204_204204.jpg
400 285
88 32 324 284; 131 4 307 285; 84 4 328 285; 

68\204_204208.jpg
266 400
62 23 217 338; 62 21 218 341; 61 22 217 321; 

68\204_204212.jpg
266 400
27 52 239 296; 30 61 252 302; 29 58 224 291; 

68\204_204213.jpg
400 266
29 34 292 243; 37 38 296 234; 36 38 296 237; 

68\204_204227.jpg
390 400
42 28 239 371; 42 24 229 372; 42 26 234 375; 

68\204_204229.jpg
400 320
14 74 221 309; 11 76 221 309; 12 76 221 310; 

68\204_204239.jpg
400 266
42 24 294 257; 41 24 294 266; 42 25 294 261; 

68\204_204245.jpg
400 350
92 58 312 288; 94 61 312 287; 93 61 310 287; 

68\204_204247.jpg
400 299
66 97 300 255; 69 97 296 233; 68 98 294 233; 

68\204_204254.jpg
400 300
32 62 397 217; 32 35 400 224; 30 65 399 229; 

68\204_204257.jpg
400 300
96 85 280 236; 96 84 261 229; 98 86 400 300; 

68\204_204261.jpg
400 299
32 91 354 242; 33 93 358 245; 32 92 355 244; 

68\204_204300.jpg
400 299
88 22 230 271; 88 21 232 271; 91 19 232 273; 

68\204_204311.jpg
299 400
30 46 231 396; 35 41 233 287; 31 46 233 365; 

68\204_204312.jpg
399 295
204 97 302 249; 205 90 304 245; 205 90 304 247; 

68\204_204316.jpg
400 300
72 54 382 260; 138 52 331 193; 99 55 381 244; 

68\204_204330.jpg
399 295
162 2 242 209; 165 28 243 203; 165 3 243 204; 

68\204_204343.jpg
400 260
56 6 244 204; 31 24 239 146; 22 23 239 222; 

68\204_204345.jpg
399 298
60 50 392 190; 47 42 392 193; 45 38 390 193; 

68\204_204354.jpg
400 299
154 50 294 261; 157 52 295 271; 155 49 295 239; 

68\204_204355.jpg
400 299
134 26 298 255; 136 19 297 233; 136 20 298 237; 

68\204_204359.jpg
400 299
199 47 360 279; 192 29 361 229; 191 29 367 261; 

68\204_204360.jpg
400 299
40 40 274 295; 46 33 166 233; 47 28 193 286; 

68\204_204361.jpg
299 400
28 86 183 352; 30 84 200 371; 31 86 198 370; 

68\204_204364.jpg
299 400
71 16 209 255; 69 0 227 265; 77 3 208 193; 

68\204_204377.jpg
299 400
24 50 215 322; 16 1 217 319; 23 7 215 400; 

68\204_204384.jpg
400 299
47 65 268 218; 71 39 271 214; 70 37 267 216; 

68\204_204390.jpg
299 400
63 44 259 348; 56 33 199 347; 58 33 198 345; 

68\204_204391.jpg
400 299
15 28 274 267; 7 21 273 267; 6 20 274 271; 

68\204_204406.jpg
400 299
61 73 360 289; 59 67 364 299; 60 66 366 299; 

68\204_204419.jpg
266 400
71 44 192 306; 71 44 192 306; 74 45 192 305; 

68\204_204433.jpg
400 266
70 8 304 261; 68 5 308 266; 68 6 308 266; 

68\204_204445.jpg
400 266
101 13 384 236; 154 38 339 192; 158 16 341 244; 

68\204_204451.jpg
400 266
64 32 334 263; 135 58 335 223; 1 32 336 244; 

68\204_204454.jpg
300 400
58 52 206 264; 58 54 211 266; 58 54 208 214; 

68\204_204459.jpg
300 400
58 52 206 262; 58 54 207 265; 58 54 209 214; 

68\204_204464.jpg
394 375
176 38 364 298; 157 3 329 245; 159 2 329 245; 

68\204_204468.jpg
400 266
128 6 336 229; 152 1 338 231; 152 1 337 228; 

68\204_204476.jpg
330 400
30 36 286 338; 31 37 202 155; 29 38 203 294; 

68\204_204496.jpg
400 358
106 52 298 254; 107 51 300 258; 107 51 292 252; 

68\204_204538.jpg
400 300
182 14 366 260; 179 15 350 248; 178 12 367 300; 

68\204_204547.jpg
400 300
68 46 330 258; 69 32 333 251; 71 32 334 300; 

68\204_204551.jpg
400 300
54 64 362 296; 52 118 369 300; 51 64 364 300; 

68\204_204572.jpg
400 293
20 28 272 262; 24 19 271 252; 16 18 271 277; 

68\204_204580.jpg
391 400
48 34 304 392; 46 23 309 230; 46 15 314 400; 

68\204_204585.jpg
266 400
62 58 235 398; 62 58 236 400; 64 60 236 400; 

68\204_204586.jpg
400 266
46 11 274 265; 49 7 311 267; 47 7 313 267; 

68\204_204587.jpg
400 266
58 11 278 263; 58 12 336 266; 58 10 336 266; 

68\204_204588.jpg
400 266
142 81 398 267; 142 82 400 266; 142 82 399 266; 

68\204_204589.jpg
400 331
86 96 333 326; 86 96 343 331; 84 95 341 331; 

68\204_204598.jpg
400 266
46 114 256 214; 14 114 255 214; 11 55 378 214; 

68\204_204599.jpg
400 320
118 66 268 231; 112 64 269 232; 111 65 270 228; 

68\204_204604.jpg
400 300
131 34 387 288; 127 34 245 202; 129 32 362 202; 

68\204_204609.jpg
400 300
94 52 334 263; 94 54 334 259; 93 54 334 258; 

68\204_204630.jpg
316 400
42 97 260 396; 5 89 226 354; 6 90 264 394; 

68\204_204631.jpg
400 266
50 32 268 229; 44 31 269 236; 41 34 271 237; 

68\204_204632.jpg
400 303
96 99 390 254; 96 99 390 252; 96 100 392 282; 

68\204_204661.jpg
375 400
114 34 279 394; 116 31 287 400; 118 33 287 400; 

68\204_204674.jpg
400 346
66 38 328 341; 153 36 332 214; 153 35 330 198; 

68\204_204695.jpg
400 300
84 52 397 244; 84 59 328 211; 86 59 400 242; 

68\204_204701.jpg
286 400
34 16 242 344; 64 16 231 152; 4 18 247 396; 

68\204_204727.jpg
400 266
52 12 290 265; 73 11 279 266; 3 11 341 266; 

68\204_204729.jpg
370 400
4 24 269 314; 6 23 271 316; 2 24 270 318; 

68\204_204731.jpg
400 281
12 10 280 256; 11 14 282 266; 11 15 284 265; 

68\204_204732.jpg
320 400
90 30 254 298; 86 31 252 299; 88 34 249 194; 

68\204_204745.jpg
400 267
18 12 268 259; 17 11 273 253; 19 14 271 251; 

68\204_204751.jpg
400 300
4 5 205 273; 1 91 204 249; 0 4 204 249; 

68\204_204777.jpg
400 330
24 67 348 284; 22 67 349 284; 24 69 348 285; 

68\204_204784.jpg
400 266
44 76 262 215; 43 77 261 219; 43 76 260 229; 

68\204_204786.jpg
400 400
100 104 364 299; 101 104 364 294; 101 105 363 317; 

68\204_204789.jpg
251 400
40 10 211 302; 40 8 211 282; 40 9 212 283; 

68\204_204802.jpg
400 266
18 48 217 264; 9 56 217 261; 9 55 216 262; 

68\204_204804.jpg
320 400
56 96 259 372; 59 94 261 376; 56 95 261 375; 

68\204_204809.jpg
266 400
36 53 226 300; 36 42 201 224; 38 41 229 382; 

68\204_204827.jpg
400 353
69 19 299 276; 67 19 322 285; 69 20 309 279; 

68\204_204828.jpg
400 330
192 106 279 311; 191 107 278 330; 191 107 276 330; 

68\204_204831.jpg
315 400
35 71 267 350; 107 65 269 288; 2 61 281 354; 

68\204_204832.jpg
400 321
92 48 373 233; 86 117 198 233; 84 118 200 234; 

68\204_204852.jpg
365 400
97 68 239 318; 113 66 238 297; 113 66 238 298; 

68\204_204863.jpg
400 354
32 38 328 290; 22 38 172 234; 18 37 337 346; 

68\204_204867.jpg
399 327
94 32 358 325; 87 2 369 326; 87 5 366 326; 

68\204_204869.jpg
303 399
33 66 190 394; 47 73 180 247; 26 4 205 249; 

68\204_204871.jpg
321 400
74 82 232 366; 75 162 223 323; 33 11 286 320; 

68\204_204872.jpg
400 266
92 4 302 265; 131 88 264 224; 104 0 292 222; 

68\204_204874.jpg
296 400
48 92 251 330; 56 127 220 337; 44 74 257 335; 

68\204_204876.jpg
400 266
102 2 322 266; 155 81 278 232; 134 30 282 232; 

68\204_204877.jpg
344 399
66 10 234 250; 65 8 239 252; 65 11 239 194; 

68\204_204878.jpg
320 400
86 50 226 294; 20 42 251 226; 22 41 257 223; 

68\204_204882.jpg
398 400
21 140 162 374; 25 140 154 323; 37 140 152 322; 

68\204_204888.jpg
400 266
63 74 256 222; 67 76 255 217; 64 79 257 216; 

68\204_204889.jpg
400 258
175 100 349 188; 202 105 349 187; 201 101 348 179; 

68\204_204900.jpg
330 400
92 36 296 398; 96 32 295 291; 92 15 298 397; 

68\204_204901.jpg
320 400
26 40 232 386; 104 24 232 192; 106 20 234 314; 

68\204_204904.jpg
400 327
82 70 322 283; 82 17 281 317; 81 19 397 324; 

68\204_204906.jpg
400 301
54 91 383 294; 54 92 314 292; 54 91 400 301; 

68\204_204911.jpg
313 400
24 84 289 352; 24 84 295 351; 23 83 294 351; 

68\204_204913.jpg
400 300
105 47 329 297; 82 45 318 249; 74 47 358 300; 

68\204_204922.jpg
400 268
6 121 243 256; 8 117 249 260; 6 118 289 262; 

68\204_204930.jpg
400 387
84 40 344 327; 41 16 368 306; 43 18 362 331; 

68\204_204933.jpg
400 266
123 81 367 241; 114 87 368 247; 112 47 365 246; 

68\204_204934.jpg
400 266
94 74 299 165; 91 73 301 161; 95 75 301 160; 

68\204_204940.jpg
400 300
76 10 348 274; 78 11 349 274; 75 11 350 274; 

68\204_204941.jpg
400 266
44 54 352 259; 34 56 352 254; 36 56 369 266; 

68\204_204947.jpg
400 316
26 74 206 297; 26 75 198 298; 24 74 194 299; 

68\204_204948.jpg
400 319
46 14 330 243; 47 12 330 251; 47 13 332 318; 

68\204_204953.jpg
400 245
116 62 392 149; 111 38 393 232; 112 36 395 233; 

68\204_204957.jpg
400 274
5 62 216 269; 2 61 142 274; 1 62 142 274; 

68\204_204969.jpg
400 354
25 71 264 351; 26 81 238 352; 21 61 270 354; 

68\204_204978.jpg
400 285
62 58 388 256; 65 56 392 259; 64 60 394 258; 

68\204_204984.jpg
400 261
247 136 372 247; 251 136 373 248; 257 139 371 247; 

68\205_205005.jpg
266 400
36 22 222 278; 34 19 221 185; 32 18 254 392; 

68\205_205006.jpg
266 400
74 54 263 342; 75 38 234 309; 12 34 236 364; 

68\205_205008.jpg
358 400
16 14 331 192; 16 16 342 198; 14 14 344 386; 

68\205_205017.jpg
284 400
24 90 266 318; 20 89 249 321; 19 89 248 323; 

68\205_205023.jpg
300 400
78 81 218 354; 71 85 222 371; 71 88 224 369; 

68\205_205028.jpg
400 266
186 30 352 170; 189 26 356 172; 188 27 356 171; 

68\205_205030.jpg
285 400
44 168 223 382; 29 196 210 385; 6 164 207 400; 

68\205_205032.jpg
263 400
56 22 203 378; 59 23 206 383; 58 22 204 382; 

68\205_205039.jpg
324 400
89 61 213 392; 91 59 209 400; 91 59 210 400; 

68\205_205040.jpg
400 300
2 10 137 289; 5 3 139 292; 1 2 137 291; 

68\205_205054.jpg
400 363
138 52 391 359; 139 28 320 231; 139 28 400 364; 

68\205_205070.jpg
400 266
159 49 316 262; 168 52 314 261; 168 51 315 266; 

68\205_205072.jpg
400 266
158 62 294 252; 137 64 337 266; 149 64 335 266; 

68\205_205077.jpg
400 297
174 22 332 294; 174 14 337 189; 176 14 335 182; 

68\205_205078.jpg
252 400
46 42 204 222; 48 42 212 232; 48 43 212 231; 

68\205_205079.jpg
400 300
130 18 378 296; 129 17 274 298; 131 18 251 139; 

68\205_205084.jpg
365 400
132 84 331 390; 199 153 316 393; 67 1 365 400; 

68\205_205099.jpg
300 400
9 154 239 394; 72 155 274 288; 70 154 272 292; 

68\205_205106.jpg
400 350
86 44 324 281; 114 68 312 274; 84 40 334 293; 

68\205_205108.jpg
350 400
54 59 301 336; 48 57 298 329; 23 58 296 400; 

68\205_205115.jpg
400 265
114 34 298 213; 112 33 354 222; 114 26 264 184; 

68\205_205125.jpg
265 399
38 85 213 354; 35 12 230 354; 33 11 231 353; 

68\205_205131.jpg
400 265
140 46 374 261; 144 12 378 265; 142 1 379 265; 

68\205_205143.jpg
400 345
54 24 240 331; 58 26 240 284; 56 26 242 344; 

68\205_205152.jpg
266 400
34 44 216 370; 15 18 190 342; 94 19 186 121; 

68\205_205157.jpg
400 266
48 13 232 264; 42 13 230 266; 48 12 232 266; 

68\205_205158.jpg
400 266
20 10 226 264; 4 9 242 266; 7 11 239 266; 

68\205_205159.jpg
400 288
32 6 206 286; 31 5 204 288; 33 5 204 288; 

68\205_205162.jpg
400 291
52 2 294 289; 52 3 298 291; 52 0 298 291; 

68\205_205165.jpg
400 332
136 12 326 326; 88 12 400 332; 142 11 326 210; 

68\205_205166.jpg
400 258
143 14 348 249; 144 13 356 251; 144 15 356 259; 

68\205_205167.jpg
400 266
130 34 372 264; 127 13 380 266; 127 14 382 266; 

68\205_205173.jpg
400 320
138 71 321 256; 67 72 324 263; 106 71 324 267; 

68\205_205174.jpg
370 400
50 22 302 309; 50 21 299 314; 48 21 299 314; 

68\205_205186.jpg
400 266
74 69 206 262; 58 66 266 266; 66 66 268 266; 

68\205_205215.jpg
266 400
76 150 258 371; 79 151 266 379; 78 152 266 382; 

68\205_205233.jpg
300 400
64 79 224 360; 66 78 237 389; 64 77 238 390; 

68\205_205236.jpg
400 300
14 70 254 214; 124 75 264 224; 124 81 262 220; 

68\205_205237.jpg
400 255
36 36 334 210; 80 42 296 191; 31 40 392 216; 

68\205_205244.jpg
400 300
48 14 299 283; 67 109 189 285; 45 51 253 283; 

68\205_205250.jpg
400 266
19 31 256 260; 15 21 257 259; 15 25 261 262; 

68\205_205266.jpg
400 266
106 44 280 229; 108 47 281 229; 108 45 280 229; 

68\205_205287.jpg
400 266
22 42 204 255; 22 38 228 260; 21 40 224 264; 

68\205_205289.jpg
285 399
36 60 228 338; 12 59 152 342; 13 58 280 348; 

68\205_205290.jpg
400 329
171 75 392 294; 181 101 400 316; 194 93 400 304; 

68\205_205291.jpg
400 301
81 12 389 241; 82 12 181 211; 82 12 389 301; 

68\205_205299.jpg
301 400
84 21 236 392; 75 21 240 394; 76 20 239 398; 

68\205_205309.jpg
266 400
78 59 226 326; 75 57 227 329; 79 116 216 328; 

68\205_205311.jpg
266 400
46 68 225 338; 54 68 232 254; 73 69 212 253; 

68\205_205312.jpg
400 366
50 33 334 274; 49 35 146 261; 49 37 374 365; 

68\205_205317.jpg
400 346
118 17 328 333; 144 16 326 156; 144 16 317 154; 

68\205_205322.jpg
400 298
30 157 239 234; 30 161 239 238; 31 160 239 235; 

68\205_205328.jpg
400 265
86 26 316 251; 86 23 316 254; 86 24 317 254; 

68\205_205332.jpg
400 300
76 102 356 194; 78 106 359 196; 78 105 358 195; 

68\205_205342.jpg
400 265
55 4 259 255; 51 3 256 162; 51 2 259 161; 

68\205_205343.jpg
300 400
22 84 288 320; 0 89 289 311; 1 88 279 172; 

68\205_205349.jpg
400 361
215 11 391 279; 28 26 291 248; 26 25 395 262; 

68\205_205350.jpg
312 399
94 64 236 308; 90 66 239 324; 93 64 236 209; 

68\205_205352.jpg
298 400
64 101 238 322; 66 100 220 322; 49 82 257 315; 

68\205_205353.jpg
399 295
46 70 324 257; 123 72 322 258; 2 69 321 257; 

68\205_205358.jpg
400 300
152 108 232 298; 148 107 231 300; 2 107 400 300; 

68\205_205360.jpg
400 266
104 36 314 192; 65 38 266 251; 65 36 268 248; 

68\205_205363.jpg
400 290
92 78 376 271; 95 79 384 263; 92 79 382 264; 

68\205_205373.jpg
400 266
64 29 228 249; 61 32 233 246; 66 32 232 251; 

68\205_205377.jpg
267 400
56 11 200 384; 49 12 198 387; 51 11 198 384; 

68\205_205378.jpg
400 251
58 46 338 224; 56 42 322 219; 54 41 386 231; 

68\205_205393.jpg
300 400
10 26 226 330; 8 25 289 333; 8 26 289 333; 

68\205_205410.jpg
400 266
6 28 255 174; 1 29 256 179; 0 27 381 267; 

68\205_205415.jpg
400 320
11 16 278 304; 105 114 195 206; 12 14 279 308; 

68\205_205418.jpg
266 400
32 106 202 381; 69 108 206 372; 30 107 204 379; 

68\205_205420.jpg
400 266
23 94 242 266; 17 95 246 266; 21 94 246 266; 

68\205_205422.jpg
400 266
212 115 379 192; 212 118 381 191; 212 120 381 190; 

68\205_205423.jpg
400 320
94 66 360 302; 94 68 319 299; 92 67 360 304; 

68\205_205425.jpg
400 316
56 60 332 242; 56 62 301 216; 16 61 346 281; 

68\205_205446.jpg
400 265
90 10 336 262; 170 72 261 254; 54 0 347 251; 

68\205_205450.jpg
400 265
62 52 354 211; 69 54 358 214; 66 54 381 216; 

68\205_205452.jpg
333 400
56 50 260 359; 113 19 248 339; 102 20 257 362; 

68\205_205455.jpg
266 400
36 76 179 374; 38 78 168 376; 39 78 221 378; 

68\205_205457.jpg
266 400
18 50 221 276; 18 48 225 276; 21 45 223 274; 

68\205_205459.jpg
400 300
84 24 262 234; 81 26 264 251; 81 25 296 249; 

68\205_205462.jpg
400 295
96 42 314 274; 91 42 377 208; 92 39 374 279; 

68\205_205463.jpg
329 400
80 36 236 328; 77 35 236 324; 79 37 236 324; 

68\205_205479.jpg
400 285
177 41 294 226; 182 41 292 225; 183 41 294 229; 

68\205_205480.jpg
387 400
48 40 338 346; 158 162 276 331; 98 38 314 317; 

68\205_205484.jpg
342 400
32 108 265 398; 62 110 269 352; 0 0 341 358; 

68\205_205486.jpg
320 400
39 58 286 271; 42 42 158 266; 42 43 277 266; 

68\205_205494.jpg
400 200
17 24 379 145; 121 25 378 148; 151 26 377 200; 

68\205_205500.jpg
400 266
16 38 158 265; 19 42 153 266; 20 45 154 266; 

68\205_205506.jpg
400 247
7 92 234 194; 1 92 223 188; 1 91 217 189; 

68\205_205508.jpg
400 285
167 16 374 222; 200 24 341 154; 165 16 373 193; 

68\205_205509.jpg
225 400
22 132 137 364; 24 131 133 362; 23 131 133 365; 

68\205_205521.jpg
400 320
68 22 319 292; 161 23 321 297; 142 25 322 294; 

68\205_205525.jpg
400 379
58 106 370 374; 110 102 373 337; 52 105 399 379; 

68\205_205540.jpg
299 399
79 16 237 358; 58 15 240 358; 63 10 237 357; 

68\205_205544.jpg
400 266
36 86 316 225; 38 86 319 226; 38 86 318 226; 

68\205_205548.jpg
400 400
28 148 366 304; 24 146 363 305; 22 131 366 306; 

68\205_205569.jpg
400 367
124 86 350 305; 121 86 352 310; 121 88 352 307; 

68\205_205574.jpg
400 361
56 55 296 349; 103 11 367 237; 104 10 367 229; 

68\205_205592.jpg
332 400
7 34 238 335; 3 24 259 385; 96 25 219 177; 

68\205_205643.jpg
400 320
51 85 360 256; 53 88 359 256; 54 89 359 255; 

68\205_205650.jpg
400 267
120 68 262 195; 122 73 230 186; 116 67 242 194; 

68\205_205651.jpg
400 286
114 62 262 198; 125 68 225 178; 114 60 243 189; 

68\205_205652.jpg
400 320
112 78 270 224; 122 81 230 204; 114 74 248 214; 

68\205_205657.jpg
400 286
46 28 344 246; 15 8 366 197; 66 21 309 216; 

68\205_205661.jpg
249 400
62 68 224 373; 64 69 222 202; 62 71 224 376; 

68\205_205666.jpg
400 324
2 57 301 292; 138 56 300 261; 193 55 300 198; 

68\205_205673.jpg
318 400
4 14 194 286; 16 2 194 284; 1 0 196 291; 

68\205_205685.jpg
400 300
136 30 372 245; 176 21 374 234; 178 21 374 236; 

68\205_205686.jpg
400 300
62 34 306 261; 56 86 199 251; 56 1 309 258; 

68\205_205687.jpg
400 300
80 78 338 210; 81 84 339 214; 79 81 338 214; 

68\205_205701.jpg
400 321
196 9 388 306; 208 6 390 304; 208 7 392 304; 

68\205_205702.jpg
400 266
58 56 351 247; 54 54 351 253; 52 53 349 255; 

68\205_205703.jpg
266 400
11 136 230 258; 12 134 229 260; 11 134 231 260; 

68\205_205721.jpg
400 266
206 60 344 192; 204 59 345 196; 206 59 344 193; 

68\205_205756.jpg
300 400
26 28 228 322; 23 29 231 331; 25 29 229 328; 

68\205_205773.jpg
341 400
134 100 285 196; 134 102 286 196; 135 101 286 194; 

68\205_205780.jpg
400 320
58 52 258 240; 42 32 259 249; 45 36 257 246; 

68\205_205789.jpg
400 300
76 18 358 268; 122 54 269 213; 76 19 294 274; 

68\205_205795.jpg
400 320
66 12 344 238; 142 82 347 242; 64 12 346 239; 

68\205_205844.jpg
400 400
76 126 309 382; 204 127 308 305; 58 128 317 394; 

68\205_205846.jpg
400 300
100 32 281 200; 94 31 275 197; 103 27 266 191; 

68\205_205858.jpg
400 320
170 68 346 302; 171 74 306 267; 148 23 343 271; 

68\205_205871.jpg
400 321
150 20 384 321; 149 21 384 239; 149 21 382 238; 

68\205_205879.jpg
266 400
82 88 194 378; 83 88 195 378; 84 84 177 381; 

68\205_205882.jpg
400 266
52 58 268 255; 56 59 268 266; 56 60 268 266; 

68\205_205887.jpg
316 400
19 16 252 284; 18 16 193 183; 18 18 315 399; 

68\205_205898.jpg
400 249
120 21 384 209; 22 131 364 210; 22 19 382 211; 

68\205_205900.jpg
400 285
212 12 356 282; 212 13 362 285; 214 14 361 285; 

68\205_205901.jpg
400 285
192 20 356 284; 213 13 363 285; 214 14 360 285; 

68\205_205912.jpg
400 241
52 46 333 195; 52 53 331 199; 51 54 329 204; 

68\205_205925.jpg
400 263
165 39 306 229; 167 42 304 219; 213 99 304 226; 

68\205_205946.jpg
399 314
168 88 372 208; 170 87 369 197; 168 89 366 194; 

68\205_205968.jpg
400 266
46 64 310 196; 41 64 307 188; 41 64 311 189; 

68\205_205976.jpg
293 400
84 94 259 396; 82 94 266 400; 85 95 266 400; 

68\205_205977.jpg
266 400
96 54 246 366; 79 54 266 400; 99 55 257 400; 

68\205_205983.jpg
400 301
164 6 304 285; 164 1 312 291; 163 1 313 291; 

68\206_206011.jpg
400 288
58 16 232 285; 48 11 243 284; 52 10 242 284; 

68\206_206016.jpg
400 267
109 31 386 183; 111 29 381 184; 112 31 399 181; 

68\206_206019.jpg
399 266
124 10 298 265; 119 12 319 266; 117 10 372 267; 

68\206_206022.jpg
399 266
102 10 245 258; 101 10 248 267; 99 10 247 267; 

68\206_206023.jpg
400 298
94 5 384 175; 71 55 230 299; 96 54 272 175; 

68\206_206024.jpg
400 266
19 52 344 225; 174 49 331 226; 0 0 371 263; 

68\206_206025.jpg
400 288
62 13 286 224; 56 14 288 234; 54 14 288 232; 

68\206_206026.jpg
400 306
120 50 368 282; 122 46 368 278; 121 47 368 278; 

68\206_206027.jpg
400 288
79 81 329 258; 76 82 326 257; 78 81 328 255; 

68\206_206046.jpg
400 300
58 48 344 292; 58 46 343 292; 41 46 398 300; 

68\206_206049.jpg
400 300
78 58 322 296; 82 34 313 282; 37 35 400 300; 

68\206_206051.jpg
400 240
18 28 339 206; 14 24 335 199; 14 24 334 199; 

68\206_206054.jpg
400 303
122 61 376 276; 124 63 376 281; 121 64 376 278; 

68\206_206057.jpg
399 295
96 7 362 260; 148 10 265 222; 100 7 362 282; 

68\206_206086.jpg
285 400
8 6 231 282; 6 50 219 284; 6 32 219 282; 

68\206_206117.jpg
400 266
168 106 308 257; 168 103 311 230; 171 107 308 228; 

68\206_206136.jpg
288 400
67 66 237 221; 72 67 274 251; 71 68 187 156; 

68\206_206145.jpg
399 246
8 6 372 126; 8 8 397 130; 9 9 397 126; 

68\206_206153.jpg
400 321
104 74 326 255; 104 74 332 256; 105 74 330 254; 

68\206_206155.jpg
293 400
82 34 201 374; 86 33 201 371; 84 35 201 376; 

68\206_206187.jpg
400 266
176 67 332 214; 178 69 331 221; 176 69 328 224; 

68\206_206188.jpg
400 266
120 13 324 187; 164 17 319 182; 165 15 319 180; 

68\206_206199.jpg
387 400
77 43 301 380; 25 58 209 249; 25 58 212 249; 

68\206_206205.jpg
400 266
88 29 286 261; 82 30 283 264; 159 31 262 139; 

68\206_206210.jpg
400 375
58 65 338 357; 32 92 366 273; 30 94 363 272; 

68\206_206237.jpg
400 300
112 64 288 281; 116 66 286 249; 114 66 287 242; 

68\206_206242.jpg
400 291
106 11 246 147; 109 12 246 136; 107 11 244 141; 

68\206_206250.jpg
286 400
6 66 246 264; 2 31 192 361; 1 26 252 375; 

68\206_206252.jpg
285 400
194 59 270 216; 195 62 269 209; 195 64 268 211; 

68\206_206267.jpg
400 250
44 6 320 218; 44 5 333 224; 21 4 332 247; 

68\206_206270.jpg
399 303
92 36 337 265; 121 36 341 272; 124 23 338 268; 

68\206_206273.jpg
400 340
128 114 250 231; 147 114 254 223; 149 115 251 222; 

68\206_206280.jpg
400 392
0 9 218 334; 3 11 177 246; 1 8 177 241; 

68\206_206283.jpg
265 400
47 42 200 395; 12 42 164 197; 34 40 162 195; 

68\206_206284.jpg
348 400
58 10 300 318; 61 11 301 340; 61 11 300 333; 

68\206_206286.jpg
252 400
94 28 172 316; 56 28 182 327; 57 28 181 324; 

68\206_206305.jpg
400 293
126 30 391 277; 125 21 391 281; 127 21 393 280; 

68\206_206320.jpg
400 305
128 42 377 259; 127 40 374 274; 129 38 373 266; 

68\206_206323.jpg
400 283
154 36 386 221; 148 39 390 224; 144 37 388 223; 

68\206_206330.jpg
313 400
62 180 282 350; 61 181 285 354; 62 181 285 352; 

68\206_206347.jpg
400 268
172 42 384 264; 165 56 381 226; 165 52 380 224; 

68\206_206369.jpg
400 301
204 59 322 295; 215 57 322 301; 221 59 321 301; 

68\206_206374.jpg
400 294
98 16 288 286; 114 17 289 162; 114 18 287 147; 

68\206_206376.jpg
400 266
110 91 227 209; 99 98 227 211; 104 94 226 214; 

68\206_206384.jpg
273 400
99 56 252 268; 100 89 240 288; 98 52 270 399; 

68\206_206403.jpg
400 320
54 106 308 236; 168 116 318 231; 164 98 324 231; 

68\206_206407.jpg
400 243
160 56 336 169; 132 59 363 181; 131 56 362 177; 

68\206_206416.jpg
300 400
12 12 204 358; 9 8 209 361; 11 9 208 362; 

68\206_206417.jpg
400 275
50 16 206 206; 54 18 200 214; 58 16 202 214; 

68\206_206422.jpg
400 291
126 4 352 234; 114 4 362 277; 126 4 367 266; 

68\206_206429.jpg
400 286
132 5 368 250; 137 6 344 160; 137 6 400 286; 

68\206_206447.jpg
266 400
59 90 232 326; 49 91 231 322; 51 110 241 321; 

68\206_206472.jpg
266 400
10 34 191 210; 6 32 182 194; 5 31 190 216; 

68\206_206481.jpg
400 298
159 88 396 294; 159 87 396 291; 161 88 396 295; 

68\206_206482.jpg
400 303
56 38 366 266; 56 41 224 252; 54 38 369 289; 

68\206_206492.jpg
271 400
76 21 256 308; 71 20 254 198; 71 20 256 374; 

68\206_206495.jpg
400 337
120 102 314 334; 116 101 315 338; 120 105 317 338; 

68\206_206505.jpg
400 266
110 19 366 224; 109 61 268 208; 111 14 361 219; 

68\206_206512.jpg
400 143
166 19 239 104; 168 21 234 99; 169 21 234 101; 

68\206_206521.jpg
399 326
62 31 314 288; 68 30 310 240; 47 38 303 262; 

68\206_206525.jpg
400 278
231 46 318 176; 242 49 314 135; 243 49 313 134; 

68\206_206531.jpg
400 373
92 30 357 346; 91 29 358 342; 94 28 367 347; 

68\206_206535.jpg
400 267
64 48 374 197; 11 46 381 197; 12 46 381 196; 

68\206_206536.jpg
400 266
86 24 304 240; 86 22 308 245; 86 22 306 244; 

68\206_206540.jpg
400 317
115 99 342 269; 131 119 354 293; 113 105 353 292; 

68\206_206542.jpg
400 320
116 37 389 292; 116 38 392 289; 24 40 390 294; 

68\206_206547.jpg
399 246
52 92 256 158; 53 96 223 160; 53 1 399 161; 

68\206_206548.jpg
400 299
114 30 306 251; 114 32 308 252; 114 32 308 252; 

68\206_206549.jpg
400 266
78 39 228 263; 58 42 232 266; 61 44 230 266; 

68\206_206559.jpg
400 300
99 102 264 240; 123 107 270 219; 124 106 260 216; 

68\206_206567.jpg
266 400
42 96 201 354; 44 21 152 245; 46 90 210 377; 

68\206_206580.jpg
273 400
9 125 244 385; 13 124 244 383; 9 127 245 384; 

68\206_206583.jpg
400 320
44 46 246 240; 37 42 218 242; 38 38 272 273; 

68\206_206589.jpg
400 320
150 86 280 262; 131 84 374 261; 129 25 372 263; 

68\206_206592.jpg
399 334
190 55 384 315; 186 58 386 318; 188 56 388 321; 

68\206_206596.jpg
321 399
92 22 306 278; 92 22 309 282; 93 21 309 288; 

68\206_206605.jpg
266 400
59 132 176 254; 59 138 175 256; 57 133 176 257; 

68\206_206606.jpg
266 400
93 169 209 292; 94 174 209 293; 92 174 210 296; 

68\206_206619.jpg
400 285
38 8 320 194; 28 1 326 201; 72 0 318 198; 

68\206_206631.jpg
400 300
198 104 368 300; 201 96 371 300; 200 96 369 300; 

68\206_206659.jpg
266 400
22 34 236 249; 75 24 235 254; 79 29 235 248; 

68\206_206661.jpg
323 400
89 74 219 295; 91 74 235 269; 92 75 241 279; 

68\206_206662.jpg
400 281
104 28 288 255; 102 26 284 247; 102 29 251 196; 

68\206_206672.jpg
321 400
129 161 256 346; 144 179 255 328; 159 194 256 335; 

68\206_206696.jpg
372 400
148 27 366 340; 142 28 372 349; 139 29 363 219; 

68\206_206703.jpg
400 300
74 78 291 209; 76 78 289 208; 77 79 289 205; 

68\206_206704.jpg
400 266
116 26 256 265; 116 14 262 266; 119 25 260 266; 

68\206_206705.jpg
400 266
154 10 316 197; 153 12 314 260; 155 12 314 192; 

68\206_206706.jpg
400 312
96 18 254 248; 96 19 242 306; 97 18 239 239; 

68\206_206707.jpg
400 266
193 76 318 262; 194 81 317 266; 191 54 316 266; 

68\206_206713.jpg
400 265
30 81 315 255; 22 67 329 265; 22 68 330 265; 

68\206_206715.jpg
400 300
38 44 374 242; 37 39 374 224; 38 38 376 242; 

68\206_206716.jpg
400 300
84 62 266 248; 90 58 268 247; 79 61 268 249; 

68\206_206717.jpg
400 312
20 16 274 248; 21 21 278 248; 19 18 277 250; 

68\206_206718.jpg
400 291
32 91 302 215; 32 89 302 213; 32 34 301 215; 

68\206_206719.jpg
400 266
116 6 314 265; 125 8 318 201; 126 6 317 199; 

68\206_206720.jpg
400 265
198 66 382 261; 178 54 399 265; 182 55 400 265; 

68\206_206721.jpg
400 266
80 28 310 264; 109 28 271 217; 112 30 270 218; 

68\206_206728.jpg
400 300
48 92 290 296; 132 84 292 298; 14 85 286 248; 

68\206_206730.jpg
400 266
101 93 319 148; 102 93 321 144; 103 92 319 146; 

68\206_206753.jpg
300 400
38 142 186 320; 41 142 184 320; 41 142 184 326; 

68\206_206754.jpg
400 308
16 14 242 305; 16 16 244 289; 18 18 242 305; 

68\206_206781.jpg
400 300
50 9 227 188; 49 9 221 189; 52 11 221 181; 

68\206_206785.jpg
400 300
82 75 266 168; 84 76 264 168; 84 75 264 168; 

68\206_206788.jpg
400 326
24 103 349 271; 26 112 345 299; 19 64 346 300; 

68\206_206800.jpg
400 266
78 2 322 249; 77 1 319 212; 79 0 313 210; 

68\206_206801.jpg
400 335
146 32 338 333; 162 117 361 335; 152 11 400 335; 

68\206_206811.jpg
266 400
86 56 248 276; 117 56 248 271; 49 54 246 300; 

68\206_206813.jpg
400 263
34 62 338 245; 33 67 266 246; 32 57 394 244; 

68\206_206827.jpg
400 283
49 46 336 249; 45 44 269 201; 46 44 369 258; 

68\206_206831.jpg
266 400
72 68 254 226; 76 71 252 226; 75 71 253 367; 

68\206_206867.jpg
400 300
14 26 332 238; 105 59 268 150; 7 26 335 240; 

68\206_206873.jpg
400 300
3 34 320 247; 114 68 262 161; 5 34 324 246; 

68\206_206895.jpg
400 269
126 28 350 266; 151 24 351 269; 194 24 350 165; 

68\206_206902.jpg
400 266
30 94 281 259; 22 95 281 266; 24 94 271 266; 

68\206_206906.jpg
266 400
112 162 200 392; 114 152 199 393; 114 153 197 393; 

68\206_206907.jpg
190 400
50 68 182 298; 46 132 189 294; 24 30 188 294; 

68\206_206926.jpg
266 400
0 18 166 398; 2 12 171 336; 1 11 171 400; 

68\206_206927.jpg
400 285
21 50 276 223; 24 39 172 191; 24 42 172 190; 

68\206_206930.jpg
400 285
147 48 298 282; 146 10 299 285; 148 8 298 285; 

68\206_206931.jpg
400 285
55 38 203 250; 52 41 199 270; 56 39 197 272; 

68\206_206950.jpg
400 253
114 58 362 252; 118 59 314 254; 111 0 392 254; 

68\206_206964.jpg
395 400
64 73 329 342; 74 84 318 329; 61 70 330 342; 

68\206_206968.jpg
400 266
92 60 251 261; 80 59 251 266; 80 60 252 266; 

68\206_206969.jpg
400 235
170 42 276 227; 172 42 277 235; 172 44 277 235; 

68\206_206975.jpg
400 266
123 28 280 264; 127 30 285 266; 99 32 286 266; 

68\206_206976.jpg
400 266
234 62 355 246; 231 31 360 251; 229 32 359 252; 

68\206_206984.jpg
400 208
104 112 274 167; 94 111 279 166; 131 112 279 165; 

