246

8\24_24030.jpg
324 400
9 40 208 374; 9 42 254 243; 9 42 202 251; 

8\24_24042.jpg
400 266
184 94 326 194; 181 95 323 213; 185 98 321 212; 

8\24_24052.jpg
375 373
77 47 291 332; 75 44 294 335; 79 49 292 330; 

8\24_24055.jpg
320 400
95 75 293 270; 105 72 290 265; 107 76 288 258; 

8\24_24071.jpg
314 399
88 128 236 276; 87 128 237 275; 88 131 234 273; 

8\24_24083.jpg
361 400
81 164 356 386; 163 162 358 355; 172 166 359 381; 

8\24_24091.jpg
400 300
149 91 292 241; 154 91 289 238; 156 94 288 236; 

8\24_24094.jpg
400 325
22 169 374 273; 20 171 374 276; 21 139 374 271; 

8\24_24097.jpg
360 400
22 42 344 291; 19 41 351 172; 24 44 347 287; 

8\24_24098.jpg
296 400
6 186 219 396; 95 168 240 290; 92 174 237 285; 

8\24_24101.jpg
372 400
28 185 350 316; 23 186 353 309; 29 187 348 316; 

8\24_24139.jpg
301 400
64 20 269 312; 138 20 276 240; 66 22 270 385; 

8\24_24145.jpg
400 220
44 34 340 211; 39 66 356 206; 41 74 349 206; 

8\24_24147.jpg
400 320
70 20 316 268; 54 18 314 288; 55 20 316 284; 

8\24_24168.jpg
400 303
46 36 268 197; 45 34 302 199; 48 36 307 196; 

8\24_24177.jpg
400 300
82 10 242 216; 79 9 245 212; 82 9 242 211; 

8\24_24195.jpg
231 400
26 92 177 388; 28 48 224 226; 25 111 167 400; 

8\24_24196.jpg
399 297
64 20 301 292; 67 21 300 290; 67 22 300 287; 

8\24_24197.jpg
400 392
105 7 299 379; 143 34 255 223; 105 6 294 380; 

8\24_24209.jpg
400 300
26 162 386 231; 24 162 388 232; 25 164 382 234; 

8\24_24210.jpg
300 400
6 115 233 383; 3 116 238 291; 2 118 236 295; 

8\24_24234.jpg
280 400
39 114 247 311; 39 115 238 309; 38 116 238 309; 

8\24_24237.jpg
358 400
87 96 288 282; 87 98 288 280; 89 97 281 276; 

8\24_24238.jpg
400 386
64 4 314 365; 96 55 319 371; 180 176 318 366; 

8\24_24243.jpg
300 400
69 21 256 324; 70 19 279 324; 73 21 276 323; 

8\24_24252.jpg
400 282
108 0 286 281; 132 72 263 271; 135 81 262 272; 

8\24_24255.jpg
400 265
68 26 368 198; 112 24 314 130; 111 26 311 132; 

8\24_24256.jpg
400 300
196 31 366 286; 198 31 369 286; 199 32 364 284; 

8\24_24262.jpg
400 303
62 30 336 245; 153 86 328 247; 156 89 326 233; 

8\24_24288.jpg
322 400
62 72 273 358; 62 72 276 361; 64 75 272 357; 

8\24_24293.jpg
299 399
20 86 268 344; 108 48 227 239; 19 88 272 343; 

8\24_24297.jpg
314 399
24 86 272 281; 72 85 270 279; 21 91 273 287; 

8\24_24313.jpg
400 300
111 11 353 262; 178 11 308 198; 152 12 289 188; 

8\24_24314.jpg
400 300
8 39 374 203; 1 42 275 206; 1 44 370 203; 

8\24_24334.jpg
400 273
127 49 248 198; 128 50 248 197; 131 52 245 193; 

8\24_24341.jpg
320 400
23 179 276 331; 22 181 276 343; 24 182 274 330; 

8\24_24343.jpg
300 400
74 87 280 395; 95 91 268 400; 95 90 277 387; 

8\24_24359.jpg
178 400
8 252 171 396; 4 254 174 400; 4 254 172 398; 

8\24_24368.jpg
400 300
75 114 302 287; 77 119 299 285; 77 121 297 283; 

8\24_24379.jpg
276 399
4 69 245 316; 0 72 242 312; 6 77 232 309; 

8\24_24388.jpg
300 400
32 83 250 296; 38 90 256 296; 51 96 242 289; 

8\24_24390.jpg
300 400
2 37 180 284; 1 34 180 291; 0 38 178 284; 

8\24_24395.jpg
400 266
6 22 222 138; 8 21 220 138; 9 22 220 136; 

8\24_24400.jpg
400 265
84 19 275 172; 85 21 280 181; 87 22 279 178; 

8\24_24401.jpg
400 300
97 47 393 289; 97 47 399 285; 100 50 399 284; 

8\24_24406.jpg
400 266
139 28 391 233; 140 28 398 248; 141 29 394 253; 

8\24_24411.jpg
303 400
30 173 226 301; 32 178 224 295; 32 178 221 339; 

8\24_24424.jpg
400 300
28 52 196 249; 21 11 193 251; 19 11 192 249; 

8\24_24429.jpg
286 400
72 68 225 268; 75 70 221 276; 76 69 221 252; 

8\24_24431.jpg
400 300
102 78 302 234; 103 71 304 236; 102 72 302 231; 

8\24_24437.jpg
309 399
60 21 198 373; 59 8 199 386; 60 6 290 386; 

8\24_24440.jpg
236 400
22 152 94 305; 23 151 96 305; 24 151 93 304; 

8\24_24442.jpg
302 400
83 12 232 289; 83 9 231 293; 86 11 230 293; 

8\24_24453.jpg
300 400
68 102 253 320; 68 99 255 316; 71 100 252 314; 

8\24_24455.jpg
400 341
209 61 368 338; 209 63 366 331; 211 64 365 331; 

8\24_24456.jpg
300 400
75 119 168 314; 74 118 168 309; 74 119 168 318; 

8\24_24457.jpg
312 400
21 151 261 346; 22 153 301 346; 25 152 296 344; 

8\24_24458.jpg
320 400
106 257 282 331; 71 248 280 328; 74 249 279 327; 

8\24_24460.jpg
285 400
107 109 245 369; 109 112 232 382; 74 134 242 382; 

8\24_24468.jpg
371 400
16 139 264 335; 7 137 364 347; 3 139 366 347; 

8\24_24483.jpg
399 313
109 22 307 309; 114 18 318 313; 115 20 318 312; 

8\24_24492.jpg
313 400
60 144 306 388; 54 144 313 392; 58 147 312 392; 

8\24_24493.jpg
400 334
130 4 388 265; 132 6 373 260; 132 1 397 263; 

8\24_24494.jpg
300 400
30 141 166 300; 34 139 187 310; 38 142 182 311; 

8\24_24500.jpg
266 400
16 11 239 237; 11 13 238 238; 14 15 238 237; 

8\24_24512.jpg
320 400
55 141 233 249; 45 148 238 259; 45 153 235 260; 

8\24_24514.jpg
399 301
86 47 347 301; 77 46 349 301; 2 49 309 208; 

8\24_24515.jpg
330 400
40 162 230 389; 42 161 224 389; 41 165 224 384; 

8\24_24519.jpg
266 400
97 39 210 216; 98 39 201 211; 108 43 199 204; 

8\24_24529.jpg
295 400
16 161 231 385; 10 161 228 378; 14 175 224 366; 

8\24_24530.jpg
300 400
92 33 267 304; 90 31 270 300; 93 36 267 254; 

8\24_24532.jpg
300 400
26 111 276 393; 28 116 267 394; 27 116 269 399; 

8\24_24533.jpg
400 266
229 22 392 228; 231 1 398 266; 238 2 389 219; 

8\24_24552.jpg
266 400
21 38 214 291; 16 39 218 298; 17 40 214 293; 

8\24_24558.jpg
400 266
226 32 354 187; 224 28 352 187; 229 32 353 184; 

8\24_24582.jpg
275 400
79 27 248 371; 69 23 252 366; 80 31 252 362; 

8\24_24667.jpg
258 399
45 23 215 326; 34 23 240 294; 33 25 235 292; 

8\24_24670.jpg
400 363
214 8 375 204; 216 10 372 202; 216 10 374 201; 

8\24_24673.jpg
400 287
168 3 383 283; 169 27 396 288; 168 0 396 287; 

8\24_24683.jpg
299 399
79 58 241 272; 65 56 285 271; 78 64 242 268; 

8\24_24693.jpg
400 263
79 96 304 200; 56 93 349 206; 63 94 341 192; 

8\24_24713.jpg
320 400
34 92 282 337; 36 50 285 339; 34 49 284 338; 

8\24_24725.jpg
400 257
44 28 280 250; 41 28 276 235; 43 31 269 248; 

8\24_24734.jpg
400 320
23 12 235 199; 22 14 291 267; 22 17 289 263; 

8\24_24735.jpg
268 399
15 30 219 205; 13 34 215 205; 15 34 214 204; 

8\24_24743.jpg
133 400
31 120 130 242; 34 120 134 243; 31 120 133 239; 

8\24_24748.jpg
400 276
8 9 214 270; 9 10 212 267; 10 12 213 267; 

8\24_24751.jpg
400 278
20 6 377 169; 9 44 387 130; 12 1 394 168; 

8\24_24759.jpg
400 318
176 104 384 264; 171 108 383 263; 172 108 384 264; 

8\24_24771.jpg
300 400
12 158 182 387; 11 156 181 386; 15 158 180 383; 

8\24_24829.jpg
301 400
117 5 299 190; 120 8 299 190; 119 8 301 190; 

8\24_24833.jpg
400 312
132 57 379 249; 135 59 376 215; 133 56 376 218; 

8\24_24856.jpg
350 400
138 92 315 324; 145 92 320 321; 144 96 315 325; 

8\24_24861.jpg
400 285
161 39 386 264; 163 40 382 261; 163 41 382 259; 

8\24_24866.jpg
400 300
18 28 284 244; 16 29 288 243; 14 29 282 244; 

8\24_24906.jpg
400 310
92 115 231 265; 92 118 226 266; 92 117 227 266; 

8\24_24908.jpg
400 263
114 53 275 230; 112 55 274 227; 112 58 277 227; 

8\24_24913.jpg
400 248
16 27 252 219; 70 29 250 220; 16 29 342 218; 

8\24_24917.jpg
400 351
201 12 330 313; 206 15 326 309; 205 16 325 311; 

8\24_24918.jpg
400 300
268 55 376 279; 269 56 377 280; 269 58 375 277; 

8\24_24926.jpg
400 303
144 83 389 278; 145 82 393 278; 150 85 392 277; 

8\24_24927.jpg
400 344
164 54 367 313; 165 59 363 333; 167 61 361 327; 

8\24_24951.jpg
284 400
87 55 262 364; 85 56 260 361; 84 59 261 377; 

8\24_24964.jpg
400 316
90 79 286 292; 92 73 287 317; 93 75 284 314; 

8\24_24965.jpg
328 400
19 46 183 237; 21 46 187 236; 20 47 187 238; 

8\24_24971.jpg
313 400
152 76 287 314; 150 81 287 308; 147 81 287 312; 

8\24_24973.jpg
328 400
121 16 297 248; 124 20 299 251; 125 19 295 248; 

8\24_24975.jpg
400 300
203 7 371 279; 209 1 370 295; 212 4 371 290; 

8\24_24977.jpg
399 349
15 13 168 336; 12 11 168 337; 16 15 168 336; 

8\24_24979.jpg
400 266
45 18 281 254; 43 22 256 134; 29 26 224 154; 

8\24_24990.jpg
300 400
147 46 263 304; 152 48 261 320; 149 51 262 320; 

8\24_24997.jpg
400 303
43 64 292 286; 41 66 294 234; 42 69 292 229; 

8\25_25000.jpg
299 400
69 110 287 394; 69 111 297 399; 68 113 297 397; 

8\25_25003.jpg
352 400
202 111 318 307; 202 111 319 318; 202 109 315 302; 

8\25_25013.jpg
400 269
9 90 151 210; 12 89 150 207; 9 92 148 215; 

8\25_25016.jpg
262 400
43 82 241 271; 56 104 149 330; 58 105 158 328; 

8\25_25020.jpg
275 400
46 19 224 365; 6 8 271 153; 4 17 270 156; 

8\25_25057.jpg
400 300
151 42 270 273; 149 41 273 274; 151 44 269 271; 

8\25_25064.jpg
273 400
107 24 272 190; 104 21 271 191; 109 26 271 189; 

8\25_25075.jpg
400 266
132 59 336 221; 111 59 330 266; 107 62 326 266; 

8\25_25078.jpg
400 300
151 2 274 294; 149 1 273 300; 151 1 272 300; 

8\25_25096.jpg
235 400
26 18 228 298; 15 16 233 300; 37 58 220 281; 

8\25_25164.jpg
300 400
105 24 278 347; 106 30 278 360; 108 28 276 350; 

8\25_25179.jpg
291 400
38 129 209 286; 33 128 241 288; 28 36 238 288; 

8\25_25191.jpg
400 324
184 79 392 322; 178 78 400 324; 181 81 399 323; 

8\25_25196.jpg
400 260
93 39 322 247; 86 35 330 260; 89 37 327 251; 

8\25_25202.jpg
400 400
40 50 296 322; 115 15 315 334; 40 1 304 331; 

8\25_25207.jpg
400 266
38 6 222 262; 81 46 197 266; 3 4 199 266; 

8\25_25213.jpg
320 400
12 114 272 390; 50 109 284 254; 2 112 276 398; 

8\25_25226.jpg
400 300
181 5 287 296; 181 4 287 300; 183 6 286 300; 

8\25_25234.jpg
400 400
28 154 256 389; 25 149 202 373; 29 159 197 370; 

8\25_25246.jpg
297 400
60 34 224 329; 62 31 219 329; 60 36 217 328; 

8\25_25257.jpg
319 400
129 148 289 360; 127 149 291 357; 130 150 289 358; 

8\25_25275.jpg
400 384
12 64 314 367; 9 61 317 308; 2 65 312 382; 

8\25_25356.jpg
252 400
27 20 196 347; 72 147 183 356; 28 17 194 342; 

8\25_25389.jpg
400 200
86 49 328 158; 87 48 328 158; 88 49 328 158; 

8\25_25406.jpg
400 266
186 96 358 218; 188 99 357 217; 190 101 354 216; 

8\25_25412.jpg
400 300
67 48 345 274; 120 50 287 188; 123 51 286 209; 

8\25_25451.jpg
400 203
131 29 306 203; 129 29 305 202; 129 29 304 201; 

8\25_25468.jpg
286 400
52 33 221 355; 78 132 213 279; 81 135 209 277; 

8\25_25580.jpg
400 320
156 112 284 238; 157 113 283 235; 161 115 283 234; 

8\25_25589.jpg
400 266
61 21 386 216; 59 21 386 219; 63 23 385 216; 

8\25_25652.jpg
400 300
163 82 303 221; 163 86 302 219; 166 88 302 216; 

8\25_25655.jpg
320 400
9 19 311 256; 8 21 310 226; 12 23 311 247; 

8\25_25685.jpg
399 303
63 44 283 292; 47 36 282 303; 45 42 281 303; 

8\25_25688.jpg
400 400
71 17 269 329; 87 16 274 335; 87 16 268 256; 

8\25_25704.jpg
290 400
97 15 201 353; 104 104 196 243; 134 140 159 204; 

8\25_25706.jpg
295 400
21 82 258 332; 16 82 256 336; 24 83 253 369; 

8\25_25713.jpg
270 400
77 37 194 358; 78 39 174 356; 77 40 197 361; 

8\25_25818.jpg
400 341
18 89 379 309; 220 91 378 305; 109 79 375 305; 

8\25_25820.jpg
400 359
100 89 294 269; 103 72 297 279; 112 72 288 274; 

8\25_25826.jpg
400 263
161 111 276 220; 161 117 275 221; 165 116 269 219; 

8\25_25848.jpg
399 294
62 57 344 212; 60 59 212 221; 62 60 349 218; 

8\25_25871.jpg
400 300
137 32 245 187; 142 34 265 219; 139 38 241 258; 

8\25_25878.jpg
400 307
114 103 396 289; 115 101 398 305; 112 102 392 297; 

8\25_25895.jpg
300 400
54 127 234 344; 57 129 234 341; 56 132 232 341; 

8\25_25896.jpg
400 270
94 41 344 222; 44 44 343 228; 41 44 342 242; 

8\25_25924.jpg
323 400
103 44 217 386; 105 45 228 387; 109 46 227 387; 

8\25_25953.jpg
400 300
249 58 317 291; 248 58 317 292; 249 59 315 291; 

8\25_25954.jpg
400 300
22 68 227 269; 22 66 228 269; 25 68 228 269; 

8\25_25958.jpg
400 300
152 34 368 262; 2 32 370 260; 1 34 368 259; 

8\26_26013.jpg
292 399
24 77 242 352; 25 75 240 351; 25 79 237 351; 

8\26_26023.jpg
240 399
68 38 178 378; 62 40 188 378; 62 40 180 380; 

8\26_26026.jpg
400 300
74 113 391 185; 72 116 389 186; 72 114 389 185; 

8\26_26088.jpg
303 399
70 22 238 379; 92 20 211 232; 93 23 209 234; 

8\26_26097.jpg
388 400
27 133 268 289; 24 130 262 327; 27 133 263 327; 

8\26_26104.jpg
400 300
117 79 232 282; 119 82 230 290; 120 83 230 288; 

8\26_26108.jpg
400 266
64 49 371 245; 138 77 369 240; 67 19 368 241; 

8\26_26113.jpg
400 250
8 4 288 145; 1 5 290 143; 1 7 286 145; 

8\26_26117.jpg
400 300
16 123 374 222; 14 130 371 221; 14 133 371 222; 

8\26_26121.jpg
400 300
12 77 204 284; 16 81 203 298; 15 81 204 296; 

8\26_26129.jpg
400 300
26 20 246 295; 4 19 245 300; 3 22 243 299; 

8\26_26143.jpg
400 300
130 181 339 297; 126 182 338 298; 134 183 325 298; 

8\26_26169.jpg
400 286
98 81 336 186; 100 82 333 186; 102 83 332 185; 

8\26_26200.jpg
320 400
14 121 244 316; 12 124 245 381; 9 126 242 381; 

8\26_26206.jpg
400 306
24 90 193 285; 25 87 189 287; 24 88 188 282; 

8\26_26208.jpg
400 352
46 79 311 240; 42 80 307 241; 45 81 398 269; 

8\26_26213.jpg
300 400
37 36 221 327; 40 36 224 329; 39 38 219 324; 

8\26_26230.jpg
400 300
67 25 326 288; 65 30 325 287; 69 30 325 285; 

8\26_26233.jpg
266 400
14 186 233 364; 17 190 231 363; 18 190 230 358; 

8\26_26236.jpg
322 400
42 274 246 359; 43 275 246 356; 44 275 244 356; 

8\26_26237.jpg
290 400
53 25 271 228; 54 26 269 223; 56 26 241 221; 

8\26_26256.jpg
306 400
28 186 281 371; 29 186 280 371; 29 187 279 374; 

8\26_26261.jpg
400 200
38 78 164 172; 44 81 161 173; 44 82 159 171; 

8\26_26268.jpg
400 387
39 201 257 371; 78 208 376 366; 81 209 377 367; 

8\26_26276.jpg
399 318
76 6 345 269; 86 107 342 268; 93 108 343 268; 

8\26_26278.jpg
400 278
97 24 372 247; 101 23 377 228; 102 26 377 227; 

8\26_26311.jpg
400 227
191 45 372 171; 191 44 378 177; 191 46 381 169; 

8\26_26313.jpg
399 319
69 86 320 309; 74 89 370 310; 75 88 354 312; 

8\26_26316.jpg
400 305
135 148 379 254; 137 153 380 254; 139 155 376 252; 

8\26_26318.jpg
400 300
16 31 325 221; 20 35 320 194; 20 36 322 249; 

8\26_26335.jpg
291 400
9 162 224 338; 11 163 225 336; 14 166 224 336; 

8\26_26345.jpg
266 400
68 32 261 249; 58 25 232 251; 58 29 265 249; 

8\26_26366.jpg
400 277
54 79 394 209; 53 79 393 210; 56 81 392 206; 

8\26_26376.jpg
400 266
18 16 189 257; 5 17 190 266; 2 16 189 263; 

8\26_26381.jpg
400 320
102 63 359 318; 105 69 362 318; 141 79 348 308; 

8\26_26384.jpg
300 400
11 6 180 179; 8 6 175 181; 12 6 173 177; 

8\26_26387.jpg
400 300
110 25 333 271; 111 25 330 276; 114 27 331 268; 

8\26_26413.jpg
310 400
48 32 180 355; 46 35 178 350; 50 36 179 350; 

8\26_26427.jpg
400 370
87 132 380 360; 91 131 390 362; 98 137 376 353; 

8\26_26433.jpg
400 272
39 125 231 242; 153 95 233 242; 42 109 231 241; 

8\26_26441.jpg
400 286
121 112 259 252; 126 133 251 240; 129 132 257 241; 

8\26_26445.jpg
300 400
67 154 192 334; 68 156 195 334; 70 157 188 332; 

8\26_26450.jpg
379 400
39 50 333 347; 37 50 332 348; 40 53 329 344; 

8\26_26532.jpg
400 299
5 29 255 288; 8 30 253 283; 8 32 250 279; 

8\26_26625.jpg
399 299
110 44 382 298; 111 34 400 299; 115 51 308 259; 

8\26_26626.jpg
400 320
18 4 258 198; 28 103 252 198; 4 1 258 191; 

8\26_26640.jpg
400 320
84 41 274 248; 82 43 278 246; 82 44 276 245; 

8\26_26643.jpg
400 320
52 38 289 274; 53 36 289 274; 54 39 286 271; 

8\26_26644.jpg
320 400
64 12 265 362; 61 15 264 221; 64 14 265 362; 

8\26_26651.jpg
400 345
11 62 211 234; 8 61 212 284; 8 64 204 283; 

8\26_26670.jpg
400 266
151 19 345 256; 153 22 335 148; 154 22 332 218; 

8\26_26686.jpg
400 320
58 36 341 277; 56 31 342 278; 82 53 314 251; 

8\26_26690.jpg
400 351
27 44 293 335; 15 58 315 342; 24 60 261 299; 

8\26_26739.jpg
307 399
110 132 188 361; 112 130 188 360; 110 132 186 358; 

8\26_26745.jpg
400 320
51 51 350 288; 45 51 352 290; 47 50 351 288; 

8\26_26757.jpg
400 300
73 41 326 280; 69 36 327 281; 78 43 319 270; 

8\26_26758.jpg
400 300
156 109 356 259; 154 116 354 256; 154 118 353 256; 

8\26_26763.jpg
400 241
84 43 389 182; 84 39 388 186; 82 41 386 186; 

8\26_26771.jpg
400 400
104 166 319 289; 122 168 341 276; 126 169 275 274; 

8\26_26804.jpg
400 300
170 39 340 229; 173 45 340 234; 174 46 335 227; 

8\26_26805.jpg
400 325
46 91 188 274; 52 93 187 269; 50 92 184 269; 

8\26_26828.jpg
271 400
29 54 239 318; 29 58 236 316; 30 61 234 311; 

8\26_26831.jpg
400 304
79 49 389 191; 62 38 392 231; 84 42 391 176; 

8\26_26833.jpg
400 276
247 27 377 197; 247 26 376 196; 249 29 372 194; 

8\26_26834.jpg
400 286
134 77 319 272; 134 77 325 264; 132 77 351 251; 

8\26_26839.jpg
338 400
118 278 261 393; 131 271 262 389; 132 285 259 386; 

8\26_26847.jpg
400 266
132 68 374 204; 134 74 378 206; 134 72 379 204; 

8\26_26852.jpg
400 224
41 26 167 186; 43 27 166 224; 44 29 162 182; 

8\26_26853.jpg
400 300
64 43 349 249; 62 43 346 246; 67 46 344 242; 

8\26_26858.jpg
400 265
107 26 339 253; 112 71 333 244; 108 26 334 241; 

8\26_26865.jpg
400 326
171 14 372 314; 248 16 382 166; 167 18 378 318; 

8\26_26884.jpg
300 400
65 94 256 386; 46 108 249 386; 47 12 249 389; 

8\26_26915.jpg
400 310
72 72 280 214; 72 74 278 209; 76 74 276 216; 

8\26_26929.jpg
400 324
76 56 214 263; 108 56 216 324; 87 59 215 243; 

8\26_26931.jpg
400 303
101 48 281 280; 113 90 277 284; 100 39 276 291; 

8\26_26932.jpg
400 271
24 78 257 214; 9 77 258 214; 29 79 260 210; 

8\26_26936.jpg
300 400
26 127 293 322; 25 131 282 311; 39 140 281 306; 

8\26_26937.jpg
300 400
58 31 213 374; 56 28 206 374; 74 45 204 370; 

8\26_26940.jpg
320 400
70 119 274 336; 68 79 279 335; 63 129 279 334; 

8\26_26945.jpg
400 249
220 18 381 194; 221 18 379 192; 219 19 381 194; 

8\26_26953.jpg
400 300
37 58 374 256; 38 56 397 175; 38 59 398 298; 

8\26_26966.jpg
292 400
102 94 282 360; 103 91 292 374; 106 92 290 365; 

8\26_26980.jpg
400 300
108 46 328 232; 109 40 328 232; 109 39 328 232; 

8\26_26982.jpg
400 279
56 131 394 250; 52 132 392 250; 56 135 390 250; 

8\26_26998.jpg
400 193
141 42 318 148; 144 46 317 152; 142 47 316 146; 

