287

16\48_48030.jpg
399 299
104 42 299 298; 99 35 259 299; 176 10 349 205; 

16\48_48039.jpg
400 267
64 14 326 256; 61 10 325 258; 61 8 326 257; 

16\48_48048.jpg
261 399
73 211 188 362; 71 206 185 353; 75 202 185 354; 

16\48_48060.jpg
400 266
84 44 384 233; 82 43 390 238; 83 42 389 236; 

16\48_48073.jpg
400 320
62 49 254 242; 121 94 259 259; 46 51 258 258; 

16\48_48083.jpg
400 329
67 57 349 264; 68 56 221 268; 67 57 349 265; 

16\48_48144.jpg
400 265
110 8 325 263; 113 47 269 237; 115 1 319 264; 

16\48_48152.jpg
400 266
125 11 301 266; 121 127 291 267; 123 128 289 265; 

16\48_48154.jpg
400 310
63 29 301 241; 131 102 298 231; 68 32 298 238; 

16\48_48156.jpg
399 399
75 100 309 306; 77 101 308 302; 79 102 308 310; 

16\48_48173.jpg
399 399
72 95 384 362; 69 97 382 363; 71 97 380 362; 

16\48_48174.jpg
400 400
99 96 376 359; 98 95 375 361; 101 102 374 354; 

16\48_48199.jpg
400 282
107 61 365 279; 108 69 341 264; 108 59 366 280; 

16\48_48223.jpg
400 220
28 36 398 124; 32 42 388 121; 31 43 386 119; 

16\48_48240.jpg
222 399
27 17 174 311; 27 17 173 317; 26 17 172 314; 

16\48_48244.jpg
400 300
72 103 245 268; 78 105 245 192; 78 106 246 192; 

16\48_48245.jpg
400 300
19 72 321 215; 1 119 321 211; 224 118 319 186; 

16\48_48250.jpg
386 400
121 19 266 272; 120 31 261 266; 120 21 260 267; 

16\48_48251.jpg
400 306
117 66 354 252; 117 72 350 250; 120 72 350 249; 

16\48_48259.jpg
400 266
94 4 310 262; 113 67 284 199; 114 2 283 196; 

16\48_48265.jpg
400 400
112 74 369 393; 125 75 310 236; 120 76 346 328; 

16\48_48292.jpg
400 300
14 11 192 162; 16 15 190 161; 17 14 189 159; 

16\48_48297.jpg
400 320
29 108 287 285; 29 107 282 284; 27 109 281 283; 

16\48_48308.jpg
400 300
70 7 297 290; 84 126 275 261; 77 1 289 261; 

16\48_48311.jpg
400 300
164 41 343 197; 162 41 341 196; 165 42 339 195; 

16\48_48318.jpg
400 300
116 22 293 196; 134 18 252 175; 134 18 252 173; 

16\48_48320.jpg
298 400
81 100 238 269; 96 109 208 278; 100 153 206 273; 

16\48_48360.jpg
300 400
71 147 219 333; 149 151 212 322; 21 151 212 319; 

16\48_48371.jpg
400 300
79 76 391 248; 74 75 365 225; 76 75 398 221; 

16\48_48374.jpg
400 266
34 31 334 241; 44 49 289 173; 46 51 331 199; 

16\48_48376.jpg
400 262
4 16 231 258; 69 18 228 242; 2 20 231 260; 

16\48_48383.jpg
386 400
71 141 324 220; 67 140 325 219; 69 139 325 216; 

16\48_48385.jpg
400 294
124 47 352 213; 127 48 356 144; 129 48 354 146; 

16\48_48386.jpg
400 300
94 76 343 254; 95 79 348 255; 96 78 346 254; 

16\48_48388.jpg
400 250
18 19 374 181; 24 23 374 175; 25 21 374 175; 

16\48_48395.jpg
400 300
54 13 309 279; 81 102 306 271; 58 15 306 267; 

16\48_48436.jpg
400 266
69 92 261 257; 110 37 260 202; 62 38 260 266; 

16\48_48440.jpg
252 399
34 46 209 364; 26 41 209 349; 26 45 210 371; 

16\48_48451.jpg
399 307
101 75 341 212; 105 78 341 211; 105 78 340 209; 

16\48_48452.jpg
400 204
15 7 153 199; 44 8 150 197; 1 8 152 196; 

16\48_48461.jpg
400 297
228 13 383 295; 229 68 380 260; 230 0 380 295; 

16\48_48466.jpg
378 400
34 75 341 358; 33 76 343 360; 34 76 342 356; 

16\48_48467.jpg
400 300
176 60 399 298; 177 63 399 300; 179 62 398 299; 

16\48_48470.jpg
303 400
39 49 274 336; 116 96 231 241; 40 51 278 241; 

16\48_48479.jpg
300 400
60 120 229 304; 74 120 214 300; 48 122 226 306; 

16\48_48480.jpg
400 303
6 98 124 294; 54 131 126 296; 4 101 126 297; 

16\48_48487.jpg
400 321
28 62 370 268; 29 63 371 273; 29 63 371 272; 

16\48_48506.jpg
400 225
33 37 388 189; 58 36 387 190; 1 36 386 191; 

16\48_48511.jpg
284 400
102 143 254 376; 100 145 251 376; 102 142 248 373; 

16\48_48533.jpg
400 300
129 76 294 223; 146 96 289 214; 142 93 289 211; 

16\48_48549.jpg
400 298
81 36 311 262; 84 35 311 264; 107 62 291 242; 

16\48_48567.jpg
366 400
19 116 278 360; 18 139 214 358; 20 139 277 353; 

16\48_48569.jpg
267 400
11 221 254 386; 62 222 208 308; 29 222 207 357; 

16\48_48572.jpg
400 333
69 32 332 308; 67 35 335 314; 68 36 335 313; 

16\48_48574.jpg
400 299
85 89 229 249; 93 87 227 245; 98 93 224 240; 

16\48_48584.jpg
400 359
124 19 374 239; 152 42 326 233; 142 16 361 236; 

16\48_48592.jpg
400 300
108 84 249 183; 105 82 231 183; 107 87 239 172; 

16\48_48594.jpg
400 300
92 44 341 286; 99 45 340 280; 98 47 338 279; 

16\48_48611.jpg
216 400
41 46 172 353; 43 39 167 356; 46 41 167 351; 

16\48_48618.jpg
400 262
96 32 351 202; 143 79 304 197; 102 56 304 197; 

16\48_48632.jpg
266 400
13 54 119 389; 18 49 116 289; 16 50 114 262; 

16\48_48633.jpg
400 266
179 19 362 229; 239 18 366 241; 242 22 362 122; 

16\48_48640.jpg
291 400
79 11 200 162; 59 52 221 200; 78 18 201 151; 

16\48_48641.jpg
268 400
114 18 234 291; 110 34 234 269; 114 20 232 267; 

16\48_48647.jpg
393 400
68 16 300 341; 70 141 298 339; 71 19 296 339; 

16\48_48657.jpg
359 400
82 114 284 369; 154 112 287 264; 83 114 284 368; 

16\48_48663.jpg
400 300
12 94 235 296; 9 98 179 284; 12 98 198 299; 

16\48_48667.jpg
400 354
82 176 384 351; 81 201 286 351; 81 178 328 352; 

16\48_48668.jpg
399 299
25 2 195 283; 25 6 195 283; 26 5 195 281; 

16\48_48670.jpg
318 400
48 198 261 390; 46 208 247 393; 46 207 248 385; 

16\48_48672.jpg
400 346
52 55 339 266; 54 50 338 264; 57 52 339 279; 

16\48_48705.jpg
400 266
141 9 366 265; 198 54 368 266; 136 0 376 246; 

16\48_48715.jpg
400 266
64 55 347 262; 70 52 344 209; 64 51 344 211; 

16\48_48730.jpg
300 400
53 39 249 368; 55 40 236 270; 54 38 235 266; 

16\48_48746.jpg
300 400
54 42 224 156; 61 39 226 132; 63 39 226 149; 

16\48_48755.jpg
305 400
72 104 238 282; 72 103 234 286; 72 106 235 283; 

16\48_48778.jpg
358 399
45 73 293 397; 44 72 293 342; 46 73 290 308; 

16\48_48779.jpg
376 400
24 118 342 398; 76 116 257 330; 28 118 338 383; 

16\48_48799.jpg
400 265
59 13 264 252; 64 70 262 247; 65 1 262 245; 

16\48_48801.jpg
266 400
48 76 216 348; 51 78 217 345; 51 79 214 343; 

16\48_48806.jpg
400 299
24 111 271 293; 12 113 260 254; 14 113 260 253; 

16\48_48816.jpg
300 400
61 38 268 319; 62 39 251 291; 62 40 245 264; 

16\48_48832.jpg
388 400
121 55 288 259; 110 48 272 231; 118 48 268 229; 

16\48_48840.jpg
400 300
92 8 319 242; 92 4 319 242; 95 4 319 238; 

16\48_48863.jpg
400 339
66 47 336 322; 93 57 324 287; 90 57 324 285; 

16\48_48881.jpg
395 400
189 19 311 313; 185 72 313 310; 186 19 310 314; 

16\48_48902.jpg
328 400
4 73 262 281; 174 75 262 206; 1 79 259 290; 

16\48_48924.jpg
400 289
116 0 396 233; 113 1 399 230; 115 1 398 228; 

16\48_48937.jpg
266 400
42 8 252 261; 113 65 252 260; 42 19 251 258; 

16\48_48941.jpg
320 400
92 130 263 382; 89 129 268 385; 92 129 268 382; 

16\48_48948.jpg
400 300
61 68 311 264; 72 70 310 276; 81 69 311 278; 

16\48_48971.jpg
400 400
171 132 354 252; 170 134 356 254; 172 136 354 249; 

16\48_48993.jpg
400 300
64 53 268 266; 85 49 264 259; 54 49 262 256; 

16\48_48996.jpg
400 300
254 24 325 282; 252 28 319 287; 254 29 319 284; 

16\48_48999.jpg
400 338
55 11 319 299; 52 11 324 302; 55 11 321 302; 

16\49_49009.jpg
400 300
69 62 329 224; 132 103 305 215; 116 73 302 215; 

16\49_49029.jpg
389 399
59 78 373 347; 60 97 327 329; 60 79 369 344; 

16\49_49034.jpg
400 306
43 25 173 281; 44 27 169 271; 47 27 167 271; 

16\49_49037.jpg
400 250
12 18 384 165; 2 11 398 178; 4 6 399 161; 

16\49_49039.jpg
300 400
66 129 271 351; 68 129 276 350; 66 131 274 349; 

16\49_49053.jpg
400 300
124 8 378 268; 147 71 263 235; 138 32 346 245; 

16\49_49101.jpg
400 300
141 71 331 253; 149 63 308 253; 150 85 311 246; 

16\49_49102.jpg
338 400
75 36 309 269; 76 36 308 269; 76 38 307 267; 

16\49_49123.jpg
319 400
28 59 287 308; 29 62 289 312; 32 62 288 312; 

16\49_49129.jpg
399 351
85 59 305 304; 89 62 267 269; 89 63 218 193; 

16\49_49138.jpg
399 279
34 43 307 239; 102 34 243 244; 32 36 305 241; 

16\49_49140.jpg
400 315
44 112 335 307; 66 133 318 241; 69 62 324 239; 

16\49_49143.jpg
353 400
113 70 293 370; 124 177 290 347; 117 62 290 343; 

16\49_49154.jpg
400 299
194 74 369 272; 194 72 342 252; 194 74 390 292; 

16\49_49178.jpg
400 296
33 19 297 286; 56 89 245 269; 56 30 244 268; 

16\49_49194.jpg
400 272
141 156 378 265; 140 120 374 262; 141 124 376 261; 

16\49_49213.jpg
400 267
116 94 327 182; 128 93 339 188; 118 82 341 182; 

16\49_49232.jpg
400 320
11 92 312 259; 165 90 273 254; 110 100 301 252; 

16\49_49237.jpg
400 333
41 23 316 302; 46 121 168 307; 47 17 236 298; 

16\49_49245.jpg
400 351
92 26 351 301; 78 29 235 260; 88 30 352 295; 

16\49_49247.jpg
400 300
91 109 232 200; 96 110 234 194; 88 112 232 194; 

16\49_49259.jpg
400 300
52 61 231 268; 56 58 190 269; 58 59 368 271; 

16\49_49260.jpg
400 297
149 14 374 243; 157 12 374 242; 166 14 372 239; 

16\49_49284.jpg
400 300
104 44 285 259; 108 45 281 255; 109 46 281 253; 

16\49_49285.jpg
400 300
64 16 199 284; 68 11 204 172; 68 11 205 171; 

16\49_49288.jpg
266 400
31 38 145 368; 78 40 180 213; 35 39 149 366; 

16\49_49289.jpg
400 313
46 72 352 261; 76 114 212 199; 50 74 326 259; 

16\49_49310.jpg
285 400
105 11 244 392; 134 57 243 269; 102 18 239 382; 

16\49_49345.jpg
400 244
22 80 271 208; 21 79 269 209; 22 80 268 222; 

16\49_49347.jpg
400 280
233 47 378 200; 229 47 375 201; 233 49 373 197; 

16\49_49352.jpg
399 375
68 126 284 317; 105 126 287 323; 72 126 286 372; 

16\49_49353.jpg
400 365
29 78 308 342; 27 126 189 341; 26 76 310 342; 

16\49_49354.jpg
300 400
24 122 285 374; 120 123 245 204; 39 122 285 379; 

16\49_49357.jpg
399 301
115 31 289 260; 111 33 291 264; 114 34 286 263; 

16\49_49361.jpg
400 315
144 119 306 269; 148 123 299 266; 148 136 299 264; 

16\49_49366.jpg
400 300
102 78 387 299; 103 136 383 298; 102 78 382 300; 

16\49_49383.jpg
400 301
82 64 384 209; 119 96 336 192; 130 95 336 194; 

16\49_49395.jpg
400 300
82 30 322 175; 83 71 239 157; 81 29 321 176; 

16\49_49403.jpg
365 400
125 120 353 395; 129 149 351 303; 130 121 351 395; 

16\49_49413.jpg
400 298
14 109 342 277; 94 111 348 254; 15 109 344 275; 

16\49_49419.jpg
400 400
18 187 183 388; 16 188 185 388; 18 188 185 382; 

16\49_49428.jpg
399 283
62 52 352 280; 145 120 355 256; 148 121 353 279; 

16\49_49435.jpg
300 400
81 190 192 390; 82 192 194 399; 84 192 194 383; 

16\49_49440.jpg
300 400
41 56 249 370; 46 49 244 378; 49 56 242 372; 

16\49_49441.jpg
400 265
98 13 378 158; 98 11 382 154; 100 12 380 151; 

16\49_49443.jpg
400 300
117 28 299 292; 118 29 308 300; 121 29 307 300; 

16\49_49481.jpg
400 292
72 18 326 266; 71 18 326 269; 72 18 326 269; 

16\49_49482.jpg
302 399
62 67 202 388; 62 66 203 316; 64 69 203 399; 

16\49_49483.jpg
400 300
46 52 320 254; 45 51 322 265; 49 54 320 257; 

16\49_49496.jpg
318 400
60 6 221 314; 59 6 206 328; 60 6 204 211; 

16\49_49500.jpg
400 400
77 29 355 282; 91 33 354 282; 89 32 354 281; 

16\49_49501.jpg
300 400
32 26 280 296; 72 108 211 234; 76 92 231 236; 

16\49_49503.jpg
300 400
57 70 241 206; 55 71 246 211; 58 69 245 208; 

16\49_49508.jpg
400 300
118 14 364 261; 116 18 364 259; 118 18 364 259; 

16\49_49512.jpg
400 300
4 90 280 298; 112 78 282 300; 0 80 281 300; 

16\49_49514.jpg
266 400
73 44 212 397; 73 48 217 400; 74 45 217 398; 

16\49_49601.jpg
400 320
192 101 362 234; 196 102 362 234; 198 103 361 231; 

16\49_49607.jpg
400 339
211 144 323 284; 212 149 320 273; 213 150 322 283; 

16\49_49609.jpg
400 232
201 34 388 218; 204 34 387 216; 206 34 386 214; 

16\49_49611.jpg
286 399
50 43 233 361; 50 14 234 279; 53 15 234 276; 

16\49_49612.jpg
400 300
106 113 300 254; 104 112 299 254; 108 114 301 252; 

16\49_49638.jpg
400 266
159 6 372 254; 151 6 308 261; 152 4 372 261; 

16\49_49640.jpg
400 306
137 61 346 303; 218 63 346 164; 218 64 344 171; 

16\49_49642.jpg
400 266
48 42 358 168; 46 42 359 169; 54 46 355 166; 

16\49_49673.jpg
321 400
76 29 278 282; 91 130 278 284; 52 19 276 279; 

16\49_49674.jpg
399 298
45 49 264 262; 46 49 265 262; 47 47 262 260; 

16\49_49697.jpg
400 400
56 29 282 338; 50 88 281 342; 54 93 281 342; 

16\49_49700.jpg
400 300
104 27 331 251; 101 24 334 254; 108 29 328 238; 

16\49_49709.jpg
400 320
143 111 335 309; 111 113 306 318; 149 113 351 319; 

16\49_49717.jpg
400 300
106 114 348 256; 108 118 347 266; 109 119 346 268; 

16\49_49753.jpg
319 400
36 193 253 384; 65 194 254 301; 36 196 255 383; 

16\49_49774.jpg
400 303
185 107 398 285; 183 109 396 270; 188 109 398 302; 

16\49_49785.jpg
400 300
122 24 364 171; 122 21 363 174; 123 23 362 171; 

16\49_49786.jpg
400 320
188 43 355 199; 190 50 353 193; 190 51 351 190; 

16\49_49803.jpg
400 300
128 34 317 249; 179 36 314 212; 182 39 314 211; 

16\49_49824.jpg
400 273
133 46 188 258; 140 50 185 252; 141 49 184 251; 

16\49_49828.jpg
400 300
93 35 331 292; 75 25 334 213; 94 37 332 244; 

16\49_49841.jpg
248 400
74 224 216 373; 76 225 182 369; 75 226 230 384; 

16\49_49844.jpg
400 292
180 76 338 226; 178 129 336 221; 179 81 339 219; 

16\49_49845.jpg
400 260
63 44 321 246; 60 44 324 238; 62 44 322 237; 

16\49_49846.jpg
300 400
54 29 183 376; 59 161 181 371; 60 34 181 369; 

16\49_49853.jpg
400 300
82 26 330 254; 131 71 264 205; 143 75 261 199; 

16\49_49854.jpg
400 266
90 42 296 196; 92 44 292 195; 94 46 277 206; 

16\49_49855.jpg
400 309
52 92 297 253; 55 98 292 252; 58 99 249 254; 

16\49_49859.jpg
400 266
132 49 280 182; 131 51 276 182; 132 51 275 181; 

16\49_49874.jpg
310 399
106 40 275 202; 107 40 274 191; 66 40 274 313; 

16\49_49890.jpg
400 300
81 78 313 269; 164 206 233 268; 67 65 329 270; 

16\49_49893.jpg
329 400
48 49 185 339; 49 49 181 261; 51 50 179 314; 

16\49_49894.jpg
266 400
44 124 219 354; 71 126 196 297; 39 41 228 358; 

16\49_49900.jpg
400 299
122 67 284 229; 124 68 280 228; 125 68 279 227; 

16\49_49907.jpg
400 302
105 25 366 266; 142 73 288 217; 111 27 369 272; 

16\49_49910.jpg
400 280
156 15 369 250; 155 19 370 249; 156 18 370 246; 

16\49_49930.jpg
400 331
162 79 372 299; 162 86 372 302; 164 86 372 299; 

16\49_49934.jpg
381 400
60 90 369 383; 63 92 214 287; 64 93 295 339; 

16\49_49937.jpg
400 272
29 19 287 252; 20 21 284 254; 22 22 282 253; 

16\49_49939.jpg
400 315
211 49 353 189; 210 49 351 187; 212 49 350 186; 

16\49_49947.jpg
321 400
56 133 276 371; 96 128 251 298; 98 130 249 299; 

16\49_49955.jpg
400 352
46 41 318 316; 111 132 246 255; 46 49 322 321; 

16\49_49962.jpg
400 282
235 131 368 249; 236 131 365 244; 236 130 365 238; 

16\49_49964.jpg
400 301
43 62 272 272; 40 68 228 264; 40 67 225 262; 

16\49_49965.jpg
400 300
108 16 307 272; 151 12 306 219; 28 14 306 260; 

16\49_49967.jpg
290 400
38 148 280 391; 67 175 250 359; 38 148 280 383; 

16\49_49971.jpg
339 400
43 154 292 377; 39 149 290 367; 38 149 290 367; 

16\49_49972.jpg
348 400
76 59 265 335; 75 43 269 340; 77 62 266 338; 

16\49_49975.jpg
293 400
97 101 197 386; 98 107 195 383; 100 107 192 246; 

16\49_49977.jpg
400 289
128 56 273 284; 118 54 280 287; 121 56 279 288; 

16\49_49980.jpg
400 265
54 111 351 245; 102 112 289 244; 104 113 291 244; 

16\49_49982.jpg
400 396
109 77 299 308; 157 122 250 313; 107 76 292 310; 

16\49_49983.jpg
272 400
26 36 210 317; 40 99 204 329; 2 1 207 321; 

16\49_49986.jpg
320 400
66 118 258 238; 68 122 260 238; 68 124 258 236; 

16\49_49987.jpg
400 266
48 8 276 248; 39 49 126 246; 40 12 283 253; 

16\49_49991.jpg
400 270
147 33 357 139; 143 35 366 134; 148 36 365 132; 

16\49_49997.jpg
318 400
118 87 199 320; 115 85 204 274; 135 86 189 325; 

16\50_50000.jpg
400 321
226 49 334 253; 225 48 335 262; 227 50 335 319; 

16\50_50001.jpg
399 268
217 32 386 200; 215 32 386 203; 215 34 385 202; 

16\50_50009.jpg
400 300
81 33 367 209; 76 118 244 202; 79 36 364 203; 

16\50_50016.jpg
400 346
66 42 256 324; 76 101 255 234; 69 45 253 318; 

16\50_50024.jpg
400 300
69 20 328 274; 186 21 326 219; 72 23 326 271; 

16\50_50035.jpg
400 169
8 59 386 140; 8 60 389 139; 8 60 386 137; 

16\50_50038.jpg
400 300
8 22 200 266; 1 22 185 222; 1 22 183 219; 

16\50_50110.jpg
400 266
48 61 386 243; 47 62 385 237; 51 61 385 235; 

16\50_50111.jpg
400 299
108 25 340 270; 129 37 323 270; 131 35 329 266; 

16\50_50125.jpg
400 269
58 20 258 244; 141 36 254 248; 54 22 256 246; 

16\50_50136.jpg
399 299
89 44 212 197; 94 53 216 198; 41 46 217 196; 

16\50_50137.jpg
400 320
149 67 381 306; 32 68 304 291; 33 71 392 312; 

16\50_50143.jpg
349 400
38 26 292 277; 111 78 227 199; 43 26 292 271; 

16\50_50191.jpg
300 400
25 75 257 288; 25 97 237 259; 3 12 289 299; 

16\50_50196.jpg
400 312
116 53 356 272; 114 56 351 273; 120 57 350 270; 

16\50_50198.jpg
400 300
83 49 274 216; 101 64 242 204; 104 68 246 209; 

16\50_50199.jpg
280 400
79 36 178 370; 96 111 169 234; 81 40 171 368; 

16\50_50202.jpg
300 400
13 135 250 353; 14 154 224 357; 15 154 224 353; 

16\50_50224.jpg
400 322
59 86 344 287; 59 94 341 280; 61 93 341 288; 

16\50_50225.jpg
400 303
11 36 376 235; 11 34 369 232; 11 35 371 231; 

16\50_50238.jpg
400 300
176 14 374 251; 201 16 345 232; 202 17 345 229; 

16\50_50241.jpg
400 300
45 23 167 179; 48 27 167 179; 48 27 164 177; 

16\50_50244.jpg
400 315
212 15 362 303; 196 11 379 199; 195 10 379 302; 

16\50_50249.jpg
400 225
34 59 348 197; 34 58 346 196; 33 58 346 192; 

16\50_50267.jpg
399 300
103 29 337 245; 72 65 268 223; 74 44 344 232; 

16\50_50268.jpg
266 400
71 43 235 353; 71 67 147 351; 71 47 208 350; 

16\50_50275.jpg
400 300
62 48 362 263; 62 112 361 262; 62 49 361 262; 

16\50_50277.jpg
400 305
225 137 397 305; 224 136 399 305; 224 137 399 305; 

16\50_50278.jpg
400 398
175 80 385 329; 176 86 367 313; 177 87 369 314; 

16\50_50289.jpg
400 280
49 65 354 210; 46 67 354 214; 46 69 353 208; 

16\50_50295.jpg
400 280
88 8 348 248; 199 116 358 236; 90 4 356 244; 

16\50_50308.jpg
291 400
86 57 202 333; 90 65 200 341; 91 65 199 340; 

16\50_50313.jpg
400 300
136 16 376 277; 127 48 373 277; 128 49 374 277; 

16\50_50316.jpg
400 267
33 41 217 222; 79 37 214 78; 31 37 214 218; 

16\50_50319.jpg
400 228
257 10 367 141; 5 41 220 119; 7 45 217 115; 

16\50_50330.jpg
226 400
74 61 150 369; 75 62 147 369; 77 66 148 369; 

16\50_50355.jpg
400 290
95 36 367 257; 96 39 183 265; 97 41 379 268; 

16\50_50378.jpg
400 263
115 61 368 261; 115 64 306 189; 116 66 370 261; 

16\50_50407.jpg
400 300
122 98 299 277; 153 116 261 268; 146 115 261 265; 

16\50_50413.jpg
390 259
46 80 342 223; 41 83 335 217; 42 83 341 222; 

16\50_50414.jpg
400 200
67 19 338 188; 66 21 209 159; 35 21 336 189; 

16\50_50424.jpg
400 274
61 40 316 249; 131 39 317 148; 64 40 317 259; 

16\50_50473.jpg
399 231
227 6 395 169; 225 5 396 171; 226 6 395 170; 

16\50_50475.jpg
400 356
14 45 314 289; 82 135 242 297; 14 45 324 300; 

16\50_50477.jpg
400 300
70 11 335 275; 70 12 339 274; 72 13 338 272; 

16\50_50498.jpg
400 300
131 81 336 300; 126 81 348 300; 160 81 265 182; 

16\50_50499.jpg
400 266
69 31 315 218; 70 31 357 209; 69 34 356 208; 

16\50_50516.jpg
400 300
98 56 343 268; 99 59 338 268; 99 58 339 267; 

16\50_50556.jpg
286 400
52 37 244 337; 46 50 239 334; 46 14 239 334; 

16\50_50561.jpg
262 399
72 170 200 374; 72 44 194 298; 73 45 192 367; 

16\50_50574.jpg
399 255
63 40 214 183; 76 42 207 179; 77 43 207 178; 

16\50_50623.jpg
400 243
55 94 366 204; 102 88 359 194; 51 91 358 196; 

16\50_50636.jpg
400 278
138 74 278 245; 165 51 308 201; 2 81 274 235; 

16\50_50640.jpg
400 320
105 1 354 213; 179 80 333 189; 77 81 334 283; 

16\50_50656.jpg
400 300
72 104 386 241; 72 101 389 243; 73 102 388 241; 

16\50_50665.jpg
400 300
8 113 326 291; 8 114 328 285; 9 115 329 286; 

16\50_50674.jpg
400 387
113 160 309 351; 118 165 288 342; 130 165 273 336; 

16\50_50693.jpg
400 320
59 68 344 291; 97 68 267 268; 53 69 344 289; 

16\50_50698.jpg
266 400
45 44 201 333; 75 115 201 332; 46 48 201 331; 

16\50_50722.jpg
400 266
53 16 308 256; 72 89 315 262; 19 9 321 262; 

16\50_50724.jpg
400 320
127 27 384 134; 122 35 382 108; 127 37 382 104; 

16\50_50731.jpg
266 399
46 136 262 370; 42 197 264 281; 1 143 263 389; 

16\50_50761.jpg
400 330
66 57 376 242; 74 49 388 156; 76 57 382 238; 

16\50_50763.jpg
251 400
4 130 199 377; 38 131 197 332; 1 133 197 330; 

16\50_50767.jpg
331 400
69 26 243 308; 73 155 235 309; 66 31 242 308; 

16\50_50772.jpg
399 286
10 14 290 258; 86 45 292 259; 11 10 290 258; 

16\50_50797.jpg
283 400
64 71 217 330; 65 70 218 331; 64 71 218 329; 

16\50_50810.jpg
400 298
53 12 198 278; 52 235 256 279; 54 10 256 276; 

16\50_50820.jpg
400 233
40 114 385 199; 43 115 385 199; 42 116 386 199; 

16\50_50829.jpg
300 400
75 9 187 373; 78 127 188 231; 78 17 189 369; 

16\50_50833.jpg
266 400
39 226 225 346; 40 228 228 344; 40 229 225 342; 

16\50_50836.jpg
400 266
171 41 268 264; 172 41 268 266; 172 42 267 264; 

16\50_50838.jpg
399 299
11 128 391 267; 7 130 399 211; 10 129 400 269; 

16\50_50849.jpg
400 299
102 53 312 254; 100 59 319 254; 111 65 300 248; 

16\50_50873.jpg
267 399
53 182 245 374; 42 175 249 349; 55 179 237 347; 

16\50_50878.jpg
399 260
103 10 334 249; 98 7 338 248; 100 11 336 247; 

16\50_50904.jpg
193 400
54 17 185 168; 64 30 179 154; 66 18 180 151; 

16\50_50978.jpg
381 400
63 90 359 387; 63 92 209 285; 65 93 251 278; 

16\50_50979.jpg
400 241
177 117 355 209; 175 119 356 208; 177 119 356 206; 

