249

17\51_51019.jpg
400 266
44 21 321 198; 57 29 252 194; 89 68 180 196; 

17\51_51037.jpg
308 400
76 92 298 392; 75 143 281 342; 77 65 296 354; 

17\51_51062.jpg
400 300
100 6 358 281; 99 17 211 203; 102 16 352 299; 

17\51_51067.jpg
399 256
36 34 273 206; 39 35 272 206; 39 37 271 202; 

17\51_51074.jpg
399 324
148 36 397 295; 146 35 394 287; 148 3 399 321; 

17\51_51077.jpg
400 233
65 25 343 216; 119 23 338 199; 70 25 337 225; 

17\51_51078.jpg
400 274
7 4 242 262; 3 7 234 259; 3 6 238 260; 

17\51_51079.jpg
400 300
96 58 354 199; 122 62 279 149; 100 58 359 219; 

17\51_51096.jpg
400 317
46 43 376 264; 110 44 289 251; 113 45 289 250; 

17\51_51099.jpg
310 400
16 58 204 369; 22 54 144 237; 24 54 228 350; 

17\51_51116.jpg
344 400
17 247 275 353; 23 247 275 355; 25 249 273 355; 

17\51_51123.jpg
256 400
129 55 248 365; 135 54 247 367; 135 54 247 364; 

17\51_51124.jpg
400 400
34 30 255 364; 33 37 255 362; 34 46 255 355; 

17\51_51134.jpg
400 298
55 104 392 268; 58 109 393 270; 58 108 392 271; 

17\51_51162.jpg
400 300
71 51 328 298; 135 49 290 202; 136 53 290 198; 

17\51_51167.jpg
399 292
119 46 249 167; 138 51 253 162; 141 52 250 162; 

17\51_51247.jpg
400 279
113 9 326 257; 118 4 327 229; 117 3 326 254; 

17\51_51286.jpg
399 301
82 39 289 265; 83 40 286 267; 86 41 283 265; 

17\51_51295.jpg
320 400
40 63 243 385; 41 59 241 373; 43 59 241 365; 

17\51_51305.jpg
400 301
38 51 331 225; 37 49 347 225; 38 51 345 222; 

17\51_51323.jpg
400 301
39 22 301 292; 51 61 184 231; 136 22 298 230; 

17\51_51328.jpg
400 300
166 14 344 196; 152 7 338 166; 158 2 331 165; 

17\51_51350.jpg
400 264
31 27 263 231; 163 27 259 195; 34 28 259 236; 

17\51_51360.jpg
328 400
82 39 289 265; 81 85 287 264; 81 41 288 265; 

17\51_51366.jpg
400 300
38 158 211 264; 37 159 209 264; 39 159 208 259; 

17\51_51370.jpg
400 300
86 2 201 298; 87 51 196 287; 85 1 208 299; 

17\51_51379.jpg
400 271
110 47 297 261; 94 45 297 255; 94 46 298 260; 

17\51_51381.jpg
400 300
24 162 350 244; 0 160 352 254; 1 162 352 251; 

17\51_51385.jpg
400 230
119 36 267 192; 120 39 263 185; 121 41 261 183; 

17\51_51465.jpg
400 320
23 123 387 228; 107 129 308 221; 1 129 398 222; 

17\51_51479.jpg
400 300
159 109 325 228; 164 112 325 231; 120 66 324 229; 

17\51_51498.jpg
400 300
124 38 262 176; 121 41 267 178; 128 41 262 174; 

17\51_51502.jpg
400 168
269 29 355 121; 269 31 363 135; 270 31 362 136; 

17\51_51508.jpg
399 336
33 59 307 296; 36 60 259 297; 37 37 360 296; 

17\51_51513.jpg
320 400
103 148 262 396; 100 141 251 331; 99 152 246 354; 

17\51_51514.jpg
400 300
6 154 206 261; 58 154 191 254; 222 6 394 217; 

17\51_51539.jpg
266 400
70 24 249 353; 69 51 183 242; 69 54 261 355; 

17\51_51547.jpg
399 299
39 32 351 254; 36 118 201 259; 39 32 384 258; 

17\51_51565.jpg
264 399
131 31 228 386; 129 35 223 369; 132 40 222 363; 

17\51_51567.jpg
400 299
52 74 308 278; 76 72 321 269; 46 78 318 268; 

17\51_51571.jpg
283 399
64 25 232 226; 37 138 130 305; 40 44 229 233; 

17\51_51594.jpg
400 300
84 56 299 266; 82 55 298 256; 90 59 289 256; 

17\51_51599.jpg
399 307
21 77 309 290; 22 78 311 290; 22 78 311 231; 

17\51_51642.jpg
400 236
161 12 394 156; 162 14 398 158; 162 15 397 160; 

17\51_51647.jpg
266 400
37 101 219 285; 78 102 161 234; 79 103 159 209; 

17\51_51648.jpg
334 400
18 133 213 380; 32 138 211 349; 33 139 210 349; 

17\51_51663.jpg
400 320
5 31 291 298; 8 27 297 294; 2 26 294 304; 

17\51_51671.jpg
266 399
59 46 210 394; 67 46 210 285; 58 48 208 358; 

17\51_51678.jpg
400 312
61 41 311 296; 26 54 244 281; 69 86 272 291; 

17\51_51682.jpg
285 399
57 64 230 388; 98 184 205 367; 100 68 205 359; 

17\51_51688.jpg
400 331
152 69 364 277; 129 44 369 275; 130 39 370 275; 

17\51_51689.jpg
400 320
131 38 351 295; 121 36 349 289; 121 38 351 289; 

17\51_51697.jpg
399 302
51 78 311 298; 110 72 316 261; 113 75 329 268; 

17\51_51714.jpg
400 266
99 56 277 202; 102 80 267 198; 108 55 275 198; 

17\51_51717.jpg
400 320
111 62 299 249; 109 62 303 252; 111 61 302 250; 

17\51_51718.jpg
369 400
128 97 324 244; 118 95 335 251; 117 97 334 242; 

17\51_51719.jpg
400 298
41 19 288 241; 34 13 297 252; 35 14 297 249; 

17\51_51725.jpg
400 248
96 54 315 181; 95 55 316 180; 96 54 314 179; 

17\51_51759.jpg
400 359
144 126 342 349; 178 162 324 303; 179 163 322 304; 

17\51_51760.jpg
400 280
144 54 337 274; 141 56 336 223; 142 54 334 280; 

17\51_51775.jpg
400 276
100 128 353 272; 158 125 353 276; 47 125 352 276; 

17\51_51779.jpg
400 300
167 92 379 284; 165 94 378 259; 168 96 378 282; 

17\51_51781.jpg
400 270
86 2 310 261; 109 1 298 269; 109 0 292 270; 

17\51_51783.jpg
400 286
54 48 367 250; 242 78 317 240; 241 80 315 240; 

17\51_51784.jpg
400 206
41 68 285 191; 43 68 282 188; 42 69 281 189; 

17\51_51787.jpg
400 266
32 77 334 209; 101 79 256 194; 17 70 358 200; 

17\51_51827.jpg
400 310
28 71 366 273; 30 75 369 272; 31 73 367 188; 

17\51_51856.jpg
300 400
32 24 279 312; 31 62 282 316; 33 61 282 314; 

17\51_51872.jpg
400 188
119 26 281 188; 116 24 284 188; 118 24 284 188; 

17\51_51875.jpg
300 400
88 81 273 259; 94 81 271 259; 99 81 270 259; 

17\51_51876.jpg
400 268
9 108 253 229; 0 111 250 226; 1 111 250 226; 

17\51_51880.jpg
400 228
96 84 299 171; 98 84 301 168; 99 85 299 168; 

17\51_51883.jpg
399 279
40 24 226 202; 40 20 226 204; 41 20 225 204; 

17\51_51887.jpg
400 300
177 25 341 259; 230 154 359 260; 179 28 341 258; 

17\51_51908.jpg
400 298
39 144 393 298; 129 144 398 269; 43 145 398 290; 

17\51_51953.jpg
400 266
78 102 338 259; 124 101 284 259; 6 105 394 258; 

17\51_51972.jpg
300 400
33 26 265 325; 33 26 263 321; 32 37 263 319; 

17\51_51973.jpg
400 300
98 31 267 201; 99 34 263 188; 100 36 262 189; 

17\51_51992.jpg
300 399
55 79 295 346; 107 79 291 335; 54 79 299 341; 

17\52_52012.jpg
400 300
109 115 260 238; 104 114 264 239; 103 114 262 241; 

17\52_52036.jpg
385 400
82 90 322 284; 84 89 325 284; 85 91 323 281; 

17\52_52047.jpg
399 264
179 89 328 188; 182 91 327 181; 184 91 327 181; 

17\52_52052.jpg
400 218
84 2 245 219; 82 0 249 218; 84 0 247 219; 

17\52_52059.jpg
400 300
36 46 348 203; 36 41 348 211; 38 41 345 205; 

17\52_52071.jpg
400 255
138 38 319 248; 78 36 328 254; 143 39 258 178; 

17\52_52079.jpg
307 400
89 124 215 292; 89 122 215 295; 91 124 213 292; 

17\52_52080.jpg
399 267
49 45 294 179; 49 47 295 178; 51 49 211 160; 

17\52_52082.jpg
400 266
154 52 353 238; 150 61 358 238; 156 59 358 238; 

17\52_52117.jpg
400 351
116 14 352 255; 49 180 230 334; 116 21 371 252; 

17\52_52120.jpg
400 285
41 34 324 255; 38 30 233 131; 42 33 185 88; 

17\52_52122.jpg
322 400
26 31 279 298; 28 134 186 245; 27 48 241 246; 

17\52_52131.jpg
400 300
88 62 265 234; 91 68 264 252; 95 71 258 237; 

17\52_52137.jpg
299 400
35 19 228 265; 37 82 229 234; 36 14 227 233; 

17\52_52143.jpg
400 300
36 49 400 219; 37 88 304 217; 38 90 304 215; 

17\52_52148.jpg
398 400
38 22 236 289; 34 23 228 231; 44 46 232 234; 

17\52_52150.jpg
400 291
69 19 328 286; 28 9 242 291; 109 47 261 251; 

17\52_52151.jpg
400 266
19 29 351 211; 16 26 230 209; 18 28 228 208; 

17\52_52152.jpg
299 400
54 62 241 291; 69 51 237 212; 84 82 211 209; 

17\52_52288.jpg
300 400
46 40 241 369; 48 42 240 369; 48 46 212 267; 

17\52_52290.jpg
296 400
75 21 240 389; 74 12 191 389; 72 46 236 332; 

17\52_52300.jpg
400 241
102 47 366 164; 108 47 368 158; 107 45 366 155; 

17\52_52301.jpg
399 299
193 110 392 270; 196 117 367 264; 197 117 367 264; 

17\52_52303.jpg
400 250
13 50 226 206; 6 51 222 205; 9 52 220 205; 

17\52_52307.jpg
400 295
49 141 196 289; 51 142 201 288; 52 142 201 287; 

17\52_52321.jpg
399 285
96 30 298 260; 97 32 295 261; 94 32 324 259; 

17\52_52336.jpg
300 400
52 18 235 375; 54 18 238 313; 53 46 238 314; 

17\52_52350.jpg
300 400
29 12 179 256; 30 12 179 255; 29 46 179 256; 

17\52_52384.jpg
399 307
68 20 353 274; 64 21 231 239; 64 21 368 287; 

17\52_52392.jpg
289 400
5 102 262 355; 2 102 259 195; 53 102 259 223; 

17\52_52394.jpg
293 400
69 12 202 186; 74 11 204 177; 77 46 202 175; 

17\52_52429.jpg
400 299
88 88 271 299; 137 91 266 298; 139 91 265 299; 

17\52_52440.jpg
299 400
81 28 202 183; 82 22 203 179; 82 46 202 176; 

17\52_52445.jpg
400 288
114 36 312 192; 109 34 314 201; 112 39 306 189; 

17\52_52455.jpg
246 400
9 6 191 252; 67 5 198 152; 68 45 195 148; 

17\52_52465.jpg
400 361
173 114 336 286; 168 116 338 286; 169 117 336 284; 

17\52_52470.jpg
300 400
54 146 192 379; 50 141 188 379; 53 149 192 354; 

17\52_52478.jpg
323 400
32 24 254 205; 29 26 254 203; 34 46 252 211; 

17\52_52488.jpg
266 400
162 31 250 277; 164 32 246 276; 87 139 157 283; 

17\52_52492.jpg
400 331
28 70 354 245; 27 71 354 246; 31 71 354 244; 

17\52_52501.jpg
331 400
49 82 284 328; 76 83 259 331; 74 84 260 339; 

17\52_52502.jpg
400 191
96 25 308 165; 99 24 305 170; 107 25 304 169; 

17\52_52503.jpg
400 309
204 24 329 294; 209 26 327 285; 209 28 325 284; 

17\52_52540.jpg
300 400
29 95 280 382; 39 86 171 286; 38 89 169 237; 

17\52_52555.jpg
299 400
80 26 205 185; 80 22 202 178; 83 46 202 176; 

17\52_52561.jpg
336 400
22 125 321 379; 10 66 317 379; 57 165 251 284; 

17\52_52589.jpg
209 399
15 26 176 210; 17 29 175 205; 19 41 172 205; 

17\52_52608.jpg
381 400
111 19 302 388; 138 66 297 389; 77 2 334 386; 

17\52_52609.jpg
400 300
135 43 328 250; 140 40 328 252; 144 41 327 252; 

17\52_52623.jpg
400 338
74 14 346 266; 111 8 311 273; 67 10 353 270; 

17\52_52625.jpg
299 399
73 60 207 276; 52 62 207 247; 43 60 207 360; 

17\52_52655.jpg
300 400
7 31 292 239; 104 51 293 188; 1 51 293 239; 

17\52_52658.jpg
400 315
154 99 248 289; 151 96 251 286; 159 101 247 284; 

17\52_52700.jpg
400 273
46 16 349 232; 46 64 287 204; 45 14 367 243; 

17\52_52745.jpg
400 300
111 82 381 274; 112 82 280 273; 111 82 342 274; 

17\52_52756.jpg
400 300
105 52 301 262; 104 52 303 265; 103 52 302 264; 

17\52_52759.jpg
310 399
76 106 239 359; 76 109 237 359; 77 106 236 357; 

17\52_52761.jpg
270 400
62 39 209 194; 68 51 196 172; 70 54 194 173; 

17\52_52768.jpg
400 341
36 59 306 270; 169 55 306 264; 39 59 305 276; 

17\52_52769.jpg
400 396
39 114 242 342; 111 113 237 348; 13 110 236 347; 

17\52_52775.jpg
281 400
53 91 214 321; 54 111 213 318; 55 100 217 319; 

17\52_52779.jpg
400 371
80 24 348 305; 193 50 346 232; 112 51 346 309; 

17\52_52780.jpg
400 266
52 55 311 258; 127 62 272 144; 55 60 321 266; 

17\52_52782.jpg
307 400
47 58 258 348; 90 58 230 255; 42 58 253 342; 

17\52_52794.jpg
315 400
30 76 267 279; 34 76 283 284; 34 78 263 276; 

17\52_52795.jpg
315 400
54 145 232 326; 52 149 180 324; 54 151 226 324; 

17\52_52804.jpg
300 400
50 31 269 350; 73 68 238 305; 47 35 271 355; 

17\52_52810.jpg
400 300
63 20 293 295; 124 55 256 259; 124 109 248 256; 

17\52_52823.jpg
399 299
201 7 331 273; 193 29 324 274; 194 6 340 274; 

17\52_52839.jpg
300 400
46 99 272 373; 39 96 272 374; 51 101 268 354; 

17\52_52872.jpg
356 400
18 42 266 376; 68 41 302 367; 72 46 268 354; 

17\52_52878.jpg
400 308
91 45 354 271; 92 50 356 261; 91 51 356 264; 

17\52_52885.jpg
400 390
71 11 322 360; 171 11 321 238; 172 41 320 182; 

17\52_52886.jpg
282 400
5 6 239 253; 4 3 237 238; 5 46 237 264; 

17\52_52889.jpg
400 381
65 19 336 329; 104 19 270 256; 109 36 267 246; 

17\52_52917.jpg
300 400
71 41 205 380; 84 82 202 378; 86 46 203 355; 

17\52_52919.jpg
400 300
110 93 296 269; 110 99 293 264; 59 76 292 263; 

17\52_52923.jpg
328 400
129 109 197 389; 104 100 194 389; 129 102 194 355; 

17\52_52930.jpg
400 266
31 78 354 176; 31 78 358 178; 31 80 356 174; 

17\52_52931.jpg
399 299
142 32 373 280; 155 86 397 267; 142 4 394 265; 

17\52_52933.jpg
296 399
80 43 285 386; 94 86 283 222; 89 23 288 220; 

17\52_52934.jpg
399 329
146 14 386 319; 150 5 379 322; 151 5 369 231; 

17\52_52936.jpg
312 400
71 34 291 205; 73 27 309 213; 76 36 311 211; 

17\52_52937.jpg
300 400
40 110 272 382; 42 107 269 383; 45 109 268 354; 

17\52_52947.jpg
400 300
109 72 398 297; 109 74 321 295; 112 75 398 294; 

17\52_52948.jpg
400 300
66 116 381 299; 64 136 384 221; 62 125 384 298; 

17\52_52953.jpg
400 266
77 29 227 187; 96 36 208 162; 98 37 206 159; 

17\52_52955.jpg
400 300
52 75 280 293; 51 77 284 300; 52 78 262 228; 

17\52_52956.jpg
377 400
36 32 325 309; 27 134 163 294; 28 132 162 291; 

17\52_52964.jpg
289 399
129 48 247 370; 125 48 244 372; 125 50 243 370; 

17\52_52977.jpg
400 298
10 51 352 258; 138 126 351 261; 0 38 398 258; 

17\52_52979.jpg
400 299
61 34 282 294; 58 32 263 232; 61 34 261 219; 

17\52_52999.jpg
400 286
142 51 325 172; 141 50 326 175; 143 51 326 176; 

17\53_53009.jpg
320 400
31 182 294 364; 26 179 299 367; 26 180 298 358; 

17\53_53010.jpg
400 300
118 113 264 225; 137 121 259 224; 137 122 259 226; 

17\53_53029.jpg
345 400
134 32 326 284; 135 29 319 159; 137 47 319 158; 

17\53_53039.jpg
400 285
143 34 344 233; 145 15 365 236; 145 14 367 237; 

17\53_53046.jpg
400 266
58 67 351 245; 186 62 356 208; 175 63 356 243; 

17\53_53051.jpg
399 299
142 19 358 269; 157 16 356 272; 157 18 357 274; 

17\53_53065.jpg
400 298
159 6 306 188; 156 1 298 189; 158 2 299 188; 

17\53_53066.jpg
266 400
46 111 202 356; 49 124 189 349; 51 125 188 347; 

17\53_53073.jpg
400 266
137 58 355 264; 197 76 343 266; 154 51 341 266; 

17\53_53074.jpg
400 303
41 38 272 241; 35 29 237 246; 36 34 236 243; 

17\53_53092.jpg
301 400
21 14 241 288; 56 3 169 153; 58 46 168 136; 

17\53_53096.jpg
400 230
74 46 296 208; 107 49 289 153; 107 44 283 221; 

17\53_53099.jpg
299 400
52 24 246 303; 56 24 249 304; 54 34 248 301; 

17\53_53104.jpg
320 400
16 74 249 312; 7 71 133 225; 6 74 261 304; 

17\53_53148.jpg
294 400
39 49 242 342; 41 46 188 256; 41 50 242 336; 

17\53_53150.jpg
318 400
100 114 276 360; 101 119 234 276; 100 119 232 275; 

17\53_53174.jpg
400 304
72 59 279 258; 71 60 279 260; 72 61 279 260; 

17\53_53248.jpg
400 212
123 95 335 173; 124 98 334 174; 126 99 333 172; 

17\53_53250.jpg
278 400
55 32 232 326; 52 32 229 255; 55 46 229 257; 

17\53_53283.jpg
400 299
68 19 354 232; 94 18 306 151; 95 18 304 150; 

17\53_53284.jpg
400 300
49 41 328 241; 111 46 275 136; 115 48 273 135; 

17\53_53287.jpg
300 400
97 89 201 319; 95 88 195 321; 94 86 199 318; 

17\53_53296.jpg
400 300
135 96 312 266; 134 90 308 265; 134 91 305 261; 

17\53_53301.jpg
320 240
67 28 218 205; 64 6 254 203; 67 2 318 204; 

17\53_53302.jpg
400 303
113 59 288 300; 116 80 288 279; 120 90 287 277; 

17\53_53324.jpg
400 300
189 147 395 291; 185 147 383 253; 188 149 399 299; 

17\53_53340.jpg
399 267
36 52 361 248; 35 50 366 252; 35 50 363 248; 

17\53_53357.jpg
400 201
126 38 381 134; 118 43 384 140; 117 44 380 139; 

17\53_53368.jpg
400 314
68 48 340 268; 119 84 294 252; 106 49 309 260; 

17\53_53431.jpg
400 360
17 82 260 356; 54 81 212 228; 54 81 211 263; 

17\53_53461.jpg
400 268
56 50 332 216; 154 53 263 176; 156 53 260 177; 

17\53_53467.jpg
400 220
61 45 367 180; 145 75 365 191; 52 45 364 189; 

17\53_53477.jpg
400 286
98 12 244 278; 97 67 243 286; 88 28 242 286; 

17\53_53495.jpg
320 400
69 191 309 299; 73 192 320 286; 74 193 318 284; 

17\53_53496.jpg
400 285
110 109 277 242; 110 108 276 244; 111 108 278 246; 

17\53_53497.jpg
320 400
154 118 314 342; 159 119 320 341; 161 118 320 339; 

17\53_53499.jpg
400 400
66 39 355 369; 76 44 194 253; 80 48 353 353; 

17\53_53537.jpg
400 266
87 97 264 197; 84 103 258 193; 87 104 256 190; 

17\53_53538.jpg
400 378
74 119 289 349; 77 117 288 349; 75 118 285 348; 

17\53_53540.jpg
400 300
34 29 263 297; 38 28 265 300; 38 30 263 299; 

17\53_53582.jpg
400 300
78 51 322 228; 72 42 342 236; 75 44 338 244; 

17\53_53588.jpg
274 400
62 44 222 236; 69 25 224 220; 71 23 223 215; 

17\53_53611.jpg
400 320
48 7 314 232; 45 9 312 234; 44 9 319 298; 

17\53_53635.jpg
400 300
18 31 258 269; 100 40 257 269; 147 3 257 246; 

17\53_53642.jpg
400 286
116 57 212 227; 123 61 209 225; 123 60 207 223; 

17\53_53643.jpg
400 266
66 14 268 253; 107 13 241 212; 69 14 269 251; 

17\53_53661.jpg
400 344
164 36 369 262; 159 31 310 253; 166 32 392 249; 

17\53_53662.jpg
400 286
118 26 332 245; 93 25 335 268; 93 25 333 259; 

17\53_53677.jpg
400 325
88 66 343 272; 84 68 226 269; 86 68 222 269; 

17\53_53680.jpg
399 347
34 30 295 254; 40 29 293 240; 42 31 293 263; 

17\53_53692.jpg
400 300
39 12 166 172; 41 14 166 169; 41 14 166 169; 

17\53_53725.jpg
400 291
90 78 339 267; 88 76 341 266; 89 78 341 264; 

17\53_53727.jpg
400 340
32 82 351 283; 35 87 175 206; 34 87 352 285; 

17\53_53734.jpg
400 266
9 91 200 261; 9 95 196 251; 1 80 196 266; 

17\53_53742.jpg
270 400
45 171 206 303; 48 180 206 305; 51 179 204 300; 

17\53_53748.jpg
361 399
139 40 302 375; 120 37 344 226; 122 44 342 357; 

17\53_53755.jpg
276 400
130 106 248 276; 126 108 258 279; 128 110 254 278; 

17\53_53760.jpg
400 400
139 41 362 386; 176 73 306 292; 141 46 361 355; 

17\53_53764.jpg
400 326
62 44 256 232; 61 49 256 231; 62 49 254 229; 

17\53_53766.jpg
400 307
22 65 241 283; 25 63 237 283; 25 65 238 283; 

17\53_53777.jpg
399 301
97 128 199 298; 96 127 247 228; 98 129 193 225; 

17\53_53788.jpg
400 250
128 52 268 173; 139 48 252 168; 82 39 316 206; 

17\53_53816.jpg
380 400
44 76 222 333; 46 76 199 226; 45 78 236 340; 

17\53_53820.jpg
400 266
77 16 312 248; 120 38 275 217; 86 23 314 238; 

17\53_53834.jpg
400 400
51 12 280 389; 132 15 281 246; 52 46 278 353; 

17\53_53835.jpg
265 400
52 130 213 360; 50 155 216 399; 54 158 212 380; 

17\53_53836.jpg
400 300
81 149 259 296; 202 178 258 294; 202 179 259 236; 

17\53_53866.jpg
285 400
74 79 279 386; 67 72 279 289; 73 74 280 272; 

17\53_53871.jpg
400 266
106 53 298 185; 99 56 303 196; 111 57 287 178; 

17\53_53880.jpg
399 289
20 28 170 276; 16 29 169 197; 20 29 169 280; 

17\53_53905.jpg
400 300
43 46 320 271; 48 45 319 270; 44 45 321 271; 

17\53_53918.jpg
400 301
71 164 326 266; 68 163 328 262; 72 162 328 266; 

17\53_53920.jpg
400 266
105 79 377 259; 112 82 215 249; 111 88 351 249; 

17\53_53923.jpg
400 320
58 56 204 189; 66 54 206 186; 68 55 202 184; 

17\53_53925.jpg
400 299
76 88 382 278; 128 90 331 245; 99 90 305 279; 

17\53_53926.jpg
400 269
111 48 350 202; 124 50 351 200; 36 52 350 241; 

17\53_53989.jpg
400 300
128 66 282 230; 129 68 287 229; 129 68 285 229; 

