250

19\57_57012.jpg
400 300
44 48 228 201; 46 49 226 215; 46 49 226 224; 

19\57_57015.jpg
323 400
58 26 219 366; 59 39 219 281; 58 29 219 368; 

19\57_57022.jpg
400 335
101 23 290 325; 100 23 293 198; 101 23 292 326; 

19\57_57023.jpg
400 261
157 19 379 230; 176 21 301 206; 173 22 300 206; 

19\57_57041.jpg
400 320
98 54 302 304; 82 21 335 238; 106 48 306 252; 

19\57_57043.jpg
400 300
86 74 282 294; 107 124 279 222; 90 80 319 298; 

19\57_57047.jpg
400 286
94 10 338 272; 126 37 304 189; 106 18 326 241; 

19\57_57050.jpg
399 295
32 68 346 241; 39 72 213 230; 38 72 346 241; 

19\57_57052.jpg
317 400
16 142 171 342; 12 146 178 346; 14 146 178 344; 

19\57_57054.jpg
400 320
225 96 364 258; 225 98 369 261; 227 99 369 260; 

19\57_57058.jpg
266 400
83 81 198 342; 78 83 193 340; 76 82 201 341; 

19\57_57069.jpg
400 270
44 42 342 178; 104 44 257 178; 47 41 341 176; 

19\57_57077.jpg
400 374
126 42 273 354; 125 42 269 351; 126 43 269 341; 

19\57_57078.jpg
399 270
106 61 392 208; 107 97 252 249; 108 99 236 183; 

19\57_57095.jpg
323 400
22 32 218 269; 20 31 217 269; 21 46 216 268; 

19\57_57150.jpg
400 315
71 54 339 314; 74 54 336 297; 156 56 312 158; 

19\57_57151.jpg
400 300
106 66 305 289; 121 64 292 189; 107 65 304 247; 

19\57_57164.jpg
377 400
77 28 224 400; 76 16 226 398; 78 16 224 391; 

19\57_57165.jpg
350 400
71 21 266 376; 71 22 240 239; 71 22 259 356; 

19\57_57173.jpg
400 300
184 62 338 284; 185 61 368 279; 186 63 367 281; 

19\57_57189.jpg
400 300
5 59 252 295; 50 77 250 300; 3 60 247 299; 

19\57_57220.jpg
320 400
48 52 278 335; 48 54 174 301; 73 55 161 131; 

19\57_57274.jpg
399 280
130 35 387 262; 131 52 273 271; 131 52 354 226; 

19\57_57275.jpg
399 239
29 19 233 234; 21 55 179 223; 3 12 238 237; 

19\57_57284.jpg
400 334
5 51 317 237; 81 72 308 219; 81 69 308 220; 

19\57_57302.jpg
400 300
129 28 324 288; 126 30 324 289; 124 30 324 291; 

19\57_57303.jpg
400 264
159 90 367 241; 160 90 363 241; 158 91 361 242; 

19\57_57304.jpg
364 400
69 64 271 300; 71 66 237 299; 81 67 301 296; 

19\57_57307.jpg
400 347
39 24 329 309; 114 66 331 258; 40 25 331 308; 

19\57_57319.jpg
400 320
148 12 380 319; 212 12 328 201; 222 15 299 128; 

19\57_57320.jpg
400 320
119 42 222 291; 121 39 222 290; 120 40 223 287; 

19\57_57324.jpg
400 270
162 2 367 267; 83 72 281 228; 85 4 365 267; 

19\57_57348.jpg
400 324
88 65 296 268; 88 82 280 269; 88 61 293 268; 

19\57_57370.jpg
400 266
4 8 203 264; 5 51 201 210; 3 8 200 229; 

19\57_57372.jpg
266 400
48 32 216 351; 49 34 219 284; 51 36 218 349; 

19\57_57396.jpg
266 400
95 42 221 378; 94 44 226 251; 96 44 223 384; 

19\57_57411.jpg
266 400
29 11 231 306; 51 54 201 239; 54 56 198 234; 

19\57_57412.jpg
266 400
24 8 225 258; 107 51 213 232; 108 52 214 231; 

19\57_57429.jpg
400 281
21 99 393 280; 142 141 347 190; 24 101 387 193; 

19\57_57439.jpg
400 281
24 96 388 276; 144 142 346 191; 23 101 387 194; 

19\57_57441.jpg
400 302
96 153 319 296; 102 153 316 299; 99 156 317 298; 

19\57_57442.jpg
399 373
35 67 325 340; 211 108 311 283; 35 71 308 336; 

19\57_57476.jpg
399 300
80 34 318 270; 69 27 320 277; 74 30 318 274; 

19\57_57479.jpg
399 377
30 1 198 348; 76 3 242 261; 30 2 241 345; 

19\57_57484.jpg
396 400
54 29 291 258; 137 38 302 261; 135 41 300 259; 

19\57_57609.jpg
400 400
26 107 302 378; 189 125 301 383; 190 127 300 380; 

19\57_57611.jpg
400 267
106 6 324 192; 102 89 225 202; 116 92 211 166; 

19\57_57622.jpg
400 300
34 19 259 287; 29 16 223 278; 31 69 149 279; 

19\57_57624.jpg
400 289
262 46 361 205; 266 48 356 196; 266 50 355 195; 

19\57_57634.jpg
400 328
22 35 310 242; 14 88 257 220; 215 44 308 138; 

19\57_57641.jpg
400 227
212 69 352 189; 212 74 347 209; 212 73 347 208; 

19\57_57642.jpg
227 223
27 31 190 202; 27 29 190 201; 30 30 189 197; 

19\57_57687.jpg
400 279
64 49 372 207; 67 71 247 208; 79 69 245 185; 

19\57_57689.jpg
400 273
10 114 227 188; 52 110 226 183; 52 111 226 182; 

19\57_57740.jpg
400 300
74 22 258 292; 118 32 249 288; 72 20 253 289; 

19\57_57751.jpg
400 296
30 136 186 261; 36 119 308 258; 214 4 398 228; 

19\57_57758.jpg
400 300
109 43 332 279; 111 64 321 185; 111 47 387 282; 

19\57_57760.jpg
400 261
26 122 258 232; 27 122 256 237; 27 122 257 234; 

19\57_57768.jpg
233 399
42 105 188 321; 39 107 187 323; 50 108 182 320; 

19\57_57798.jpg
400 300
183 78 338 277; 184 76 345 281; 185 77 343 279; 

19\57_57816.jpg
274 399
44 66 208 231; 47 66 196 238; 45 66 253 269; 

19\57_57817.jpg
400 314
70 164 348 291; 93 174 351 289; 69 166 377 286; 

19\57_57825.jpg
400 320
76 68 328 261; 77 69 322 258; 79 69 332 256; 

19\57_57827.jpg
400 320
98 169 368 262; 100 171 369 256; 101 171 367 258; 

19\57_57838.jpg
399 299
94 67 292 176; 103 70 285 165; 102 71 285 169; 

19\57_57839.jpg
370 400
139 40 315 349; 141 111 289 346; 141 40 314 349; 

19\57_57840.jpg
399 299
80 73 331 244; 78 75 328 242; 81 71 328 242; 

19\57_57841.jpg
399 304
35 29 358 228; 35 30 356 229; 38 31 356 304; 

19\57_57848.jpg
399 299
117 58 260 278; 119 60 262 282; 122 59 261 281; 

19\57_57858.jpg
400 282
48 78 366 218; 125 100 258 197; 46 65 373 224; 

19\57_57863.jpg
300 400
71 31 258 273; 121 32 252 259; 122 45 267 302; 

19\57_57869.jpg
399 333
22 44 278 273; 98 129 248 269; 98 129 231 268; 

19\57_57873.jpg
400 377
59 14 344 324; 49 75 345 331; 52 66 346 331; 

19\57_57874.jpg
361 399
51 51 303 350; 114 119 226 273; 184 119 223 270; 

19\57_57881.jpg
399 248
75 39 273 173; 24 28 267 182; 13 28 280 170; 

19\57_57888.jpg
400 266
62 20 336 223; 59 17 283 148; 61 18 329 228; 

19\57_57894.jpg
400 300
178 58 347 203; 178 52 346 203; 182 2 346 201; 

19\57_57897.jpg
400 397
99 124 254 284; 108 126 256 286; 111 127 255 282; 

19\57_57908.jpg
300 400
89 9 293 302; 85 131 214 302; 89 0 298 308; 

19\57_57909.jpg
400 300
58 26 310 282; 56 127 264 287; 56 26 278 285; 

19\57_57910.jpg
400 300
76 49 224 257; 78 49 221 264; 79 50 221 258; 

19\57_57912.jpg
300 400
1 4 261 244; 57 69 190 242; 1 2 257 239; 

19\57_57919.jpg
400 266
77 14 355 229; 71 8 364 216; 76 13 349 211; 

19\57_57920.jpg
400 316
35 62 329 265; 29 69 322 271; 32 71 320 268; 

19\57_57934.jpg
320 400
22 69 258 362; 98 71 260 256; 153 72 245 181; 

19\57_57937.jpg
282 400
28 133 256 320; 59 211 218 318; 31 132 255 319; 

19\57_57941.jpg
400 400
32 80 257 317; 33 82 254 316; 33 84 254 314; 

19\57_57942.jpg
400 289
51 54 337 264; 56 54 336 268; 57 54 335 269; 

19\57_57944.jpg
399 224
164 31 303 151; 166 35 302 147; 167 35 301 142; 

19\57_57945.jpg
400 320
160 76 366 312; 161 81 352 314; 164 81 353 313; 

19\57_57960.jpg
400 368
194 169 334 355; 190 167 336 358; 191 168 336 339; 

19\57_57963.jpg
400 315
102 60 304 211; 102 60 276 209; 104 62 303 209; 

19\57_57964.jpg
236 400
58 18 177 386; 58 121 178 338; 60 122 176 354; 

19\57_57995.jpg
400 303
178 46 358 195; 77 72 216 278; 78 76 212 276; 

19\58_58004.jpg
300 400
68 92 222 360; 102 125 210 368; 74 76 224 360; 

19\58_58034.jpg
399 304
100 62 388 300; 110 55 314 276; 110 76 384 295; 

19\58_58036.jpg
400 300
121 26 398 283; 77 61 298 250; 79 28 352 248; 

19\58_58038.jpg
400 368
23 52 367 265; 151 41 371 243; 30 60 364 265; 

19\58_58043.jpg
400 300
151 49 264 161; 153 52 254 158; 155 54 251 152; 

19\58_58060.jpg
293 399
17 13 222 297; 31 18 220 237; 30 39 212 192; 

19\58_58085.jpg
266 400
71 51 199 383; 76 55 197 386; 74 116 182 385; 

19\58_58093.jpg
400 300
22 86 400 252; 2 98 398 258; 2 100 399 254; 

19\58_58095.jpg
400 300
100 32 318 221; 104 31 312 223; 104 31 311 221; 

19\58_58123.jpg
400 326
53 21 288 293; 114 142 274 295; 117 154 271 294; 

19\58_58129.jpg
303 400
38 118 253 342; 72 139 242 333; 72 143 241 331; 

19\58_58133.jpg
280 400
122 249 247 368; 121 255 250 378; 123 255 250 364; 

19\58_58137.jpg
400 315
18 14 270 295; 2 37 249 219; 0 12 271 230; 

19\58_58141.jpg
400 300
100 21 268 285; 97 21 268 280; 98 21 267 282; 

19\58_58146.jpg
400 300
22 82 377 262; 22 82 326 259; 22 83 377 259; 

19\58_58150.jpg
266 400
82 23 255 265; 82 28 256 266; 82 27 252 258; 

19\58_58195.jpg
399 399
88 26 355 328; 90 83 323 325; 89 84 320 325; 

19\58_58216.jpg
400 280
50 9 305 268; 104 48 210 251; 106 13 297 247; 

19\58_58263.jpg
300 400
76 16 277 360; 75 114 278 346; 76 16 279 342; 

19\58_58292.jpg
400 305
41 50 343 272; 38 64 182 252; 39 64 342 272; 

19\58_58302.jpg
278 400
60 21 252 288; 83 82 251 281; 36 20 258 278; 

19\58_58316.jpg
400 266
27 22 361 200; 46 73 364 188; 48 69 364 187; 

19\58_58332.jpg
400 300
8 16 281 242; 42 111 231 186; 42 113 231 185; 

19\58_58344.jpg
400 299
52 111 249 248; 93 124 232 254; 1 122 268 257; 

19\58_58349.jpg
307 400
69 74 301 332; 70 79 237 304; 68 64 279 351; 

19\58_58354.jpg
400 309
121 25 383 264; 121 59 293 263; 121 31 396 264; 

19\58_58357.jpg
400 327
119 51 250 209; 144 90 249 195; 146 92 248 194; 

19\58_58358.jpg
303 400
32 91 228 372; 32 92 193 277; 34 93 229 351; 

19\58_58367.jpg
400 308
102 14 298 168; 109 34 278 141; 113 1 276 150; 

19\58_58371.jpg
400 266
189 39 366 171; 182 43 361 162; 195 43 361 161; 

19\58_58381.jpg
400 303
144 50 348 185; 143 51 339 186; 144 51 341 185; 

19\58_58385.jpg
400 300
121 48 351 299; 116 45 329 271; 82 46 348 299; 

19\58_58417.jpg
400 300
137 31 285 268; 139 33 285 281; 138 32 283 278; 

19\58_58421.jpg
286 399
38 53 243 368; 39 64 201 370; 39 66 250 372; 

19\58_58443.jpg
300 399
100 33 203 352; 100 37 196 361; 100 37 199 362; 

19\58_58448.jpg
300 399
62 42 219 400; 60 51 215 335; 59 49 216 397; 

19\58_58449.jpg
300 399
48 20 248 376; 47 16 238 359; 47 17 237 398; 

19\58_58464.jpg
400 380
27 28 296 295; 19 26 197 276; 2 1 291 284; 

19\58_58478.jpg
400 300
70 73 303 299; 76 80 303 298; 76 82 302 297; 

19\58_58533.jpg
301 400
122 232 279 366; 121 232 278 364; 124 234 278 363; 

19\58_58650.jpg
349 400
92 36 269 284; 94 33 273 284; 94 36 271 284; 

19\58_58654.jpg
400 320
92 29 374 283; 92 30 372 198; 94 31 372 199; 

19\58_58660.jpg
320 400
24 231 246 352; 24 235 248 354; 27 234 247 350; 

19\58_58671.jpg
400 306
161 45 258 227; 163 44 254 226; 162 46 254 227; 

19\58_58674.jpg
399 399
152 51 338 292; 158 51 314 264; 158 50 313 261; 

19\58_58696.jpg
300 400
62 28 246 355; 61 29 245 354; 60 23 244 356; 

19\58_58730.jpg
400 320
74 21 334 195; 68 23 341 193; 64 24 343 195; 

19\58_58733.jpg
400 331
28 91 336 321; 105 93 366 302; 31 94 366 323; 

19\58_58734.jpg
400 400
56 113 205 336; 57 111 206 326; 56 111 208 335; 

19\58_58740.jpg
400 400
60 116 206 330; 63 114 206 320; 63 115 208 330; 

19\58_58766.jpg
400 300
96 41 371 288; 188 75 377 296; 188 72 374 294; 

19\58_58781.jpg
266 400
52 164 234 301; 54 166 231 301; 1 166 229 390; 

19\58_58794.jpg
400 266
67 16 239 248; 95 19 209 151; 97 18 204 148; 

19\58_58809.jpg
399 285
50 79 255 263; 92 78 254 234; 49 79 255 235; 

19\58_58815.jpg
400 299
134 14 311 209; 131 21 301 195; 116 1 338 194; 

19\58_58820.jpg
400 385
205 115 370 299; 205 118 372 298; 207 119 369 299; 

19\58_58832.jpg
400 300
76 24 332 286; 87 26 331 169; 79 26 331 290; 

19\58_58837.jpg
263 399
42 24 224 324; 40 28 219 319; 44 27 219 319; 

19\58_58839.jpg
276 400
34 26 180 271; 37 32 179 236; 38 34 179 269; 

19\58_58843.jpg
295 400
54 41 241 349; 56 42 241 347; 53 43 239 344; 

19\58_58852.jpg
335 400
29 187 173 352; 23 187 195 355; 23 187 193 399; 

19\58_58854.jpg
400 304
42 39 291 264; 39 38 290 268; 38 38 289 265; 

19\58_58892.jpg
308 400
81 48 252 370; 125 48 175 252; 79 118 251 383; 

19\58_58895.jpg
399 303
32 32 281 244; 143 31 281 248; 30 32 281 239; 

19\58_58909.jpg
400 318
38 75 298 304; 38 73 264 251; 39 74 266 249; 

19\58_58917.jpg
331 400
98 99 297 225; 100 98 180 316; 98 98 244 218; 

19\58_58922.jpg
302 400
34 158 262 394; 75 158 272 397; 76 158 258 316; 

19\58_58924.jpg
400 295
155 74 336 254; 153 76 332 259; 154 75 331 253; 

19\58_58935.jpg
400 307
14 37 217 284; 17 37 176 306; 18 38 175 307; 

19\58_58944.jpg
275 400
39 49 237 239; 43 54 234 241; 42 53 235 240; 

19\58_58968.jpg
400 331
245 149 370 289; 249 149 368 263; 249 149 369 291; 

19\58_58969.jpg
400 307
152 6 378 214; 151 21 314 213; 56 21 323 283; 

19\58_58978.jpg
225 227
67 43 157 170; 67 42 158 171; 69 44 156 170; 

19\59_59007.jpg
400 317
65 36 251 265; 64 36 252 223; 65 38 250 266; 

19\59_59015.jpg
300 400
64 54 252 298; 70 59 250 183; 70 61 254 311; 

19\59_59026.jpg
400 280
106 58 391 275; 105 62 334 195; 108 62 396 269; 

19\59_59031.jpg
400 373
58 26 336 311; 59 156 331 272; 59 21 332 308; 

19\59_59042.jpg
276 399
9 163 214 390; 14 170 214 386; 4 165 223 396; 

19\59_59044.jpg
400 263
25 50 341 221; 27 99 243 191; 29 51 328 212; 

19\59_59047.jpg
300 400
117 164 259 388; 118 167 258 389; 121 166 256 388; 

19\59_59051.jpg
284 400
58 74 225 390; 54 58 243 189; 76 71 219 213; 

19\59_59052.jpg
400 294
10 32 155 281; 10 32 138 228; 9 72 154 279; 

19\59_59060.jpg
400 333
123 44 314 299; 120 44 262 229; 123 42 312 302; 

19\59_59061.jpg
400 266
222 63 355 227; 227 63 356 219; 183 64 356 236; 

19\59_59062.jpg
295 400
53 48 249 348; 49 51 247 349; 50 52 246 349; 

19\59_59067.jpg
400 300
26 20 227 232; 22 18 226 229; 23 19 225 229; 

19\59_59085.jpg
400 362
19 127 375 329; 23 129 379 329; 22 127 376 332; 

19\59_59089.jpg
400 325
31 54 359 243; 31 51 357 224; 33 49 358 245; 

19\59_59107.jpg
275 400
35 140 103 358; 38 142 104 352; 39 142 102 351; 

19\59_59119.jpg
400 360
151 88 318 246; 175 101 299 236; 176 102 299 236; 

19\59_59124.jpg
400 400
37 6 320 335; 56 29 318 338; 4 2 319 338; 

19\59_59126.jpg
256 400
23 129 187 385; 20 134 217 388; 21 135 188 385; 

19\59_59137.jpg
400 400
161 27 326 230; 163 27 326 234; 163 28 327 232; 

19\59_59160.jpg
400 400
178 168 296 316; 176 166 297 318; 178 168 295 317; 

19\59_59204.jpg
375 400
24 47 268 364; 22 49 268 367; 29 52 261 359; 

19\59_59208.jpg
400 266
75 33 394 210; 78 36 394 210; 78 36 394 210; 

19\59_59236.jpg
400 300
85 65 332 254; 158 67 331 229; 88 68 329 254; 

19\59_59239.jpg
400 300
162 106 384 226; 168 108 384 217; 153 108 383 229; 

19\59_59240.jpg
400 285
34 23 347 234; 35 21 350 236; 32 22 348 231; 

19\59_59253.jpg
400 266
139 57 345 257; 139 55 345 258; 139 56 344 254; 

19\59_59258.jpg
400 223
58 72 244 176; 41 73 239 167; 52 79 236 162; 

19\59_59265.jpg
400 300
52 32 348 218; 44 32 294 222; 52 33 350 216; 

19\59_59289.jpg
400 327
46 48 304 322; 39 102 301 303; 42 51 298 304; 

19\59_59293.jpg
303 399
112 26 260 219; 57 24 260 395; 111 4 256 215; 

19\59_59298.jpg
400 320
31 79 386 261; 30 78 320 248; 32 79 333 259; 

19\59_59300.jpg
400 300
148 88 337 289; 150 88 333 291; 153 87 338 288; 

19\59_59315.jpg
400 129
191 44 364 97; 192 45 365 95; 194 45 365 95; 

19\59_59331.jpg
400 315
14 36 198 294; 99 37 226 311; 12 36 197 310; 

19\59_59358.jpg
400 259
6 29 139 256; 32 30 138 254; 3 30 138 254; 

19\59_59366.jpg
272 400
49 50 257 355; 51 51 186 237; 54 54 187 235; 

19\59_59407.jpg
400 300
89 46 327 219; 79 44 327 215; 77 43 325 215; 

19\59_59418.jpg
400 266
8 80 326 171; 11 78 328 177; 12 79 328 178; 

19\59_59420.jpg
400 266
152 102 351 204; 152 100 349 204; 152 101 347 200; 

19\59_59421.jpg
400 266
26 87 354 198; 28 87 356 197; 26 88 353 195; 

19\59_59449.jpg
400 384
162 19 376 204; 180 24 373 203; 179 24 373 198; 

19\59_59453.jpg
400 366
31 7 305 316; 39 97 275 355; 43 61 200 352; 

19\59_59466.jpg
299 399
128 32 262 213; 131 33 264 213; 130 36 262 211; 

19\59_59467.jpg
400 270
132 44 288 232; 131 45 288 231; 132 45 287 230; 

19\59_59468.jpg
272 400
16 25 257 286; 16 35 256 296; 16 25 254 293; 

19\59_59477.jpg
400 280
58 97 362 264; 51 95 366 253; 44 60 364 255; 

19\59_59495.jpg
320 400
69 158 201 302; 71 156 201 301; 73 158 200 302; 

19\59_59496.jpg
400 212
12 50 288 165; 89 49 178 123; 89 51 179 121; 

19\59_59497.jpg
300 400
68 130 155 318; 86 148 150 316; 88 149 158 313; 

19\59_59525.jpg
400 300
118 31 278 282; 118 32 278 192; 119 32 276 186; 

19\59_59540.jpg
286 400
66 24 240 400; 64 15 234 400; 63 20 285 246; 

19\59_59545.jpg
399 351
70 23 333 341; 52 21 316 252; 56 24 351 348; 

19\59_59550.jpg
400 268
82 9 240 200; 82 8 236 198; 83 8 235 196; 

19\59_59562.jpg
400 287
78 53 261 234; 83 54 257 231; 84 55 253 226; 

19\59_59563.jpg
400 300
8 61 353 228; 14 64 351 229; 18 64 351 229; 

19\59_59625.jpg
400 300
137 79 250 248; 136 78 251 246; 138 78 251 245; 

19\59_59666.jpg
400 300
53 69 389 200; 152 101 250 177; 54 59 396 199; 

19\59_59687.jpg
400 261
99 31 237 221; 106 26 214 208; 108 32 216 206; 

19\59_59692.jpg
364 399
141 46 343 380; 139 44 334 369; 186 49 353 391; 

19\59_59695.jpg
348 400
26 18 286 302; 26 16 270 294; 25 10 287 295; 

19\59_59726.jpg
349 400
103 141 287 323; 115 151 280 294; 109 150 280 318; 

19\59_59728.jpg
400 298
126 62 346 299; 139 132 334 294; 138 134 334 294; 

19\59_59738.jpg
400 265
18 1 252 259; 22 84 249 249; 2 2 248 246; 

19\59_59739.jpg
400 265
7 11 248 238; 1 44 113 229; 1 2 260 228; 

19\59_59743.jpg
400 300
41 29 320 286; 45 23 327 292; 44 24 327 294; 

19\59_59749.jpg
400 266
69 104 371 229; 72 110 369 224; 74 108 371 229; 

19\59_59755.jpg
400 400
103 27 373 315; 92 29 273 257; 107 27 367 255; 

19\59_59776.jpg
400 316
56 59 280 263; 96 72 271 254; 106 72 276 241; 

19\59_59796.jpg
400 265
40 106 334 222; 169 104 334 214; 41 106 332 219; 

19\59_59804.jpg
400 266
218 14 352 262; 221 9 349 211; 222 10 353 266; 

19\59_59806.jpg
400 335
98 48 299 320; 169 42 242 258; 163 44 241 272; 

19\59_59811.jpg
400 315
77 119 352 278; 118 121 297 270; 119 123 384 270; 

19\59_59814.jpg
400 285
158 84 260 212; 162 88 262 215; 162 88 262 216; 

19\59_59823.jpg
400 295
124 61 322 272; 123 59 322 271; 125 61 321 271; 

19\59_59824.jpg
400 300
110 39 318 247; 109 46 318 238; 109 46 316 292; 

19\59_59902.jpg
262 400
95 20 202 360; 69 222 191 379; 71 49 189 378; 

19\59_59904.jpg
238 400
24 7 156 387; 20 7 156 396; 19 6 160 334; 

19\59_59905.jpg
400 300
17 113 394 277; 13 108 396 275; 17 107 396 273; 

19\59_59909.jpg
400 397
9 41 204 209; 8 39 208 214; 12 41 206 213; 

19\59_59913.jpg
400 358
79 76 312 278; 78 81 323 269; 82 79 316 266; 

19\59_59915.jpg
400 320
54 29 361 270; 55 24 287 275; 77 40 378 259; 

19\59_59965.jpg
241 400
71 40 162 390; 64 32 161 389; 68 34 161 389; 

