265

21\63_63014.jpg
399 264
102 25 292 236; 178 39 290 141; 103 26 290 234; 

21\63_63015.jpg
400 300
9 29 271 278; 116 118 238 212; 118 117 237 211; 

21\63_63021.jpg
268 400
16 9 219 214; 39 19 194 209; 19 46 223 209; 

21\63_63025.jpg
400 275
11 38 246 264; 9 38 245 263; 9 39 245 261; 

21\63_63029.jpg
211 400
16 106 143 356; 87 78 139 326; 55 64 138 338; 

21\63_63034.jpg
400 209
92 2 294 207; 97 3 296 204; 105 1 298 206; 

21\63_63035.jpg
400 384
196 42 315 352; 210 74 298 315; 210 74 298 315; 

21\63_63039.jpg
400 266
81 2 301 265; 138 49 239 219; 133 11 341 266; 

21\63_63059.jpg
261 399
143 141 251 274; 146 163 238 276; 143 139 245 273; 

21\63_63062.jpg
400 335
109 41 296 306; 111 36 293 262; 111 36 295 309; 

21\63_63065.jpg
400 306
20 52 212 300; 1 47 215 233; 2 52 215 306; 

21\63_63088.jpg
320 400
92 57 242 320; 86 42 227 255; 83 58 246 327; 

21\63_63091.jpg
285 400
103 115 237 330; 119 135 237 332; 96 122 237 335; 

21\63_63097.jpg
400 314
34 13 275 299; 33 14 274 299; 35 16 272 299; 

21\63_63103.jpg
185 400
4 31 177 211; 3 31 177 212; 58 46 176 212; 

21\63_63132.jpg
266 400
16 32 258 262; 17 32 258 264; 18 46 258 262; 

21\63_63141.jpg
400 400
128 146 348 332; 128 145 348 328; 128 146 347 328; 

21\63_63145.jpg
400 318
169 68 355 316; 189 66 343 284; 174 66 369 286; 

21\63_63150.jpg
400 300
62 11 287 251; 63 9 289 254; 61 9 288 254; 

21\63_63163.jpg
400 300
152 89 251 239; 150 91 251 245; 134 92 251 245; 

21\63_63177.jpg
266 400
42 39 233 372; 89 134 180 296; 44 58 220 310; 

21\63_63209.jpg
400 164
14 7 198 157; 12 4 196 152; 15 4 196 153; 

21\63_63214.jpg
400 300
95 64 237 252; 98 64 235 266; 96 65 236 299; 

21\63_63222.jpg
400 320
164 44 364 314; 178 135 312 257; 160 28 374 282; 

21\63_63224.jpg
400 273
61 74 275 198; 59 76 273 195; 59 78 269 193; 

21\63_63227.jpg
400 300
47 29 229 278; 82 46 187 272; 12 26 222 281; 

21\63_63234.jpg
266 400
32 41 223 260; 31 41 191 202; 32 70 184 258; 

21\63_63238.jpg
400 278
92 64 316 223; 95 63 317 188; 97 64 312 255; 

21\63_63239.jpg
266 400
40 80 232 318; 76 125 196 289; 78 126 196 286; 

21\63_63242.jpg
300 225
88 62 198 175; 92 63 195 172; 92 64 193 169; 

21\63_63256.jpg
400 300
131 26 312 258; 138 28 316 192; 139 28 314 192; 

21\63_63315.jpg
400 300
50 152 372 278; 192 14 238 229; 45 155 378 278; 

21\63_63321.jpg
287 399
39 146 245 353; 42 146 243 304; 42 146 243 357; 

21\63_63332.jpg
400 300
128 32 276 285; 128 55 276 251; 129 34 276 285; 

21\63_63349.jpg
300 400
85 73 293 399; 117 69 189 225; 96 68 269 258; 

21\63_63372.jpg
400 266
4 118 254 255; 7 118 253 254; 10 118 254 254; 

21\63_63377.jpg
400 299
119 42 301 200; 122 42 299 194; 123 44 298 194; 

21\63_63378.jpg
400 300
74 14 334 286; 74 15 334 284; 75 16 333 284; 

21\63_63379.jpg
400 377
101 34 238 265; 98 36 238 265; 98 36 237 322; 

21\63_63398.jpg
400 298
68 80 308 212; 68 82 310 211; 66 82 309 210; 

21\63_63402.jpg
169 400
3 3 140 237; 7 5 137 235; 1 35 139 233; 

21\63_63410.jpg
234 350
46 26 196 240; 53 28 198 240; 53 28 197 238; 

21\63_63411.jpg
400 300
135 16 295 149; 136 19 296 153; 138 20 295 150; 

21\63_63428.jpg
313 400
56 86 285 396; 54 137 131 251; 53 85 274 355; 

21\63_63445.jpg
265 400
76 34 208 369; 71 30 207 370; 72 47 207 355; 

21\63_63499.jpg
266 400
49 58 234 265; 50 60 239 264; 50 64 239 259; 

21\63_63528.jpg
400 252
219 14 376 239; 216 14 381 244; 218 15 385 242; 

21\63_63536.jpg
400 266
44 29 312 261; 43 32 243 257; 79 31 242 125; 

21\63_63557.jpg
399 319
54 18 330 279; 43 20 369 286; 241 142 369 284; 

21\63_63560.jpg
400 300
89 37 341 277; 89 36 232 273; 90 37 339 275; 

21\63_63561.jpg
400 266
56 46 321 251; 168 47 284 174; 55 48 284 236; 

21\63_63563.jpg
400 275
39 34 325 205; 128 64 324 203; 36 44 325 222; 

21\63_63566.jpg
400 297
30 141 362 282; 32 142 361 279; 33 141 359 282; 

21\63_63567.jpg
400 253
73 44 373 201; 71 46 376 202; 71 46 376 198; 

21\63_63592.jpg
400 270
107 24 300 213; 107 27 298 209; 106 27 297 206; 

21\63_63593.jpg
400 323
56 43 354 245; 56 46 353 248; 58 45 353 253; 

21\63_63616.jpg
400 266
151 21 303 261; 151 27 289 261; 159 28 316 261; 

21\63_63630.jpg
400 283
51 64 378 196; 47 65 181 202; 48 65 381 211; 

21\63_63633.jpg
400 300
172 29 273 275; 171 31 271 270; 171 31 271 273; 

21\63_63642.jpg
266 400
94 118 214 347; 95 124 216 264; 97 123 212 351; 

21\63_63643.jpg
308 400
146 162 290 396; 125 161 288 380; 173 162 288 352; 

21\63_63651.jpg
256 399
45 51 231 374; 47 54 176 380; 75 54 134 176; 

21\63_63653.jpg
400 321
206 55 356 316; 215 48 330 210; 221 49 286 148; 

21\63_63688.jpg
400 360
192 111 338 230; 193 113 335 229; 193 113 334 228; 

21\63_63689.jpg
384 400
186 42 291 395; 190 48 288 318; 190 48 289 354; 

21\63_63720.jpg
400 303
107 86 293 271; 106 88 289 268; 108 89 287 268; 

21\63_63723.jpg
400 300
44 24 271 218; 144 73 246 182; 45 24 270 215; 

21\63_63727.jpg
400 324
39 72 313 252; 134 74 313 251; 141 72 313 251; 

21\63_63766.jpg
399 312
39 28 218 188; 77 94 199 208; 79 97 199 207; 

21\63_63767.jpg
400 320
50 66 364 310; 80 91 214 231; 8 48 215 228; 

21\63_63771.jpg
400 266
36 66 267 217; 112 64 268 209; 30 65 268 237; 

21\63_63787.jpg
400 316
26 29 346 249; 101 123 346 253; 29 33 344 243; 

21\63_63796.jpg
282 400
24 28 213 257; 86 91 209 254; 1 46 208 254; 

21\63_63800.jpg
400 263
159 2 400 219; 157 32 282 178; 158 2 398 206; 

21\63_63802.jpg
396 400
35 27 268 329; 136 111 267 328; 35 46 267 323; 

21\63_63815.jpg
399 307
115 10 281 306; 154 95 269 297; 106 3 305 197; 

21\63_63816.jpg
268 400
119 169 211 386; 114 172 214 389; 117 172 215 354; 

21\63_63830.jpg
400 266
28 11 222 264; 112 67 211 257; 52 25 211 254; 

21\63_63831.jpg
400 371
162 9 400 289; 168 31 371 286; 170 29 397 284; 

21\63_63856.jpg
400 300
86 3 324 196; 137 95 314 199; 89 2 318 197; 

21\63_63863.jpg
400 300
107 25 311 257; 110 25 312 258; 111 25 311 256; 

21\63_63870.jpg
400 287
48 44 357 232; 48 71 231 237; 49 49 362 239; 

21\63_63876.jpg
400 266
53 19 156 256; 36 52 144 249; 36 52 147 246; 

21\63_63885.jpg
293 400
12 10 223 232; 82 136 286 368; 40 47 224 231; 

21\63_63920.jpg
400 338
78 21 284 331; 90 31 280 309; 89 32 279 307; 

21\63_63924.jpg
400 300
121 43 276 291; 120 41 279 255; 119 42 278 292; 

21\63_63930.jpg
318 400
35 128 221 379; 32 124 217 379; 34 126 216 353; 

21\63_63931.jpg
400 266
161 12 349 224; 161 21 334 228; 162 4 336 223; 

21\63_63940.jpg
400 253
174 16 380 249; 204 7 378 113; 205 6 388 253; 

21\63_63974.jpg
400 320
150 66 400 319; 151 57 291 239; 151 68 390 303; 

21\63_63995.jpg
400 364
176 31 399 279; 200 121 399 288; 202 66 397 285; 

21\63_63996.jpg
400 320
44 35 382 261; 99 39 381 263; 99 39 380 259; 

21\63_63997.jpg
400 316
141 16 362 181; 143 18 386 180; 141 24 265 180; 

21\64_64010.jpg
400 266
138 9 342 247; 139 12 344 150; 138 12 343 136; 

21\64_64015.jpg
399 282
72 32 321 241; 121 36 275 192; 92 35 312 228; 

21\64_64031.jpg
303 400
65 22 250 377; 66 25 253 158; 67 46 253 354; 

21\64_64040.jpg
350 400
18 89 320 364; 22 88 331 370; 36 109 311 341; 

21\64_64042.jpg
400 266
255 51 388 255; 254 52 391 249; 254 52 389 266; 

21\64_64053.jpg
266 400
33 49 218 253; 36 49 219 254; 37 51 216 252; 

21\64_64055.jpg
278 399
56 60 224 356; 54 166 226 360; 55 166 228 359; 

21\64_64112.jpg
400 315
156 19 356 312; 178 45 356 273; 179 44 356 269; 

21\64_64116.jpg
338 400
101 66 258 368; 164 62 254 285; 164 62 253 285; 

21\64_64157.jpg
400 266
214 36 400 266; 251 61 348 149; 216 38 398 266; 

21\64_64167.jpg
400 300
151 24 312 191; 153 29 291 196; 154 26 333 197; 

21\64_64234.jpg
399 266
85 81 349 207; 96 89 348 203; 95 90 348 203; 

21\64_64239.jpg
400 266
22 55 195 264; 99 57 191 185; 21 57 196 266; 

21\64_64263.jpg
400 356
52 20 298 354; 104 117 274 303; 95 116 272 298; 

21\64_64272.jpg
400 300
30 121 252 275; 31 122 251 270; 31 124 250 269; 

21\64_64277.jpg
400 290
56 26 317 284; 177 40 306 248; 46 15 308 239; 

21\64_64280.jpg
400 301
90 32 290 282; 124 92 272 254; 92 34 289 281; 

21\64_64282.jpg
400 265
54 72 358 183; 53 104 364 184; 53 67 360 156; 

21\64_64323.jpg
320 400
2 88 183 351; 50 94 179 281; 42 94 178 282; 

21\64_64326.jpg
386 400
50 30 340 338; 175 123 341 304; 58 62 342 342; 

21\64_64349.jpg
400 300
72 30 276 299; 127 31 245 168; 117 31 240 153; 

21\64_64353.jpg
400 187
42 1 234 175; 64 16 203 154; 42 2 232 177; 

21\64_64354.jpg
400 400
40 12 251 296; 120 88 249 292; 49 46 249 289; 

21\64_64366.jpg
271 399
78 24 229 318; 80 25 217 165; 82 38 216 163; 

21\64_64371.jpg
400 287
84 24 279 281; 88 114 272 246; 88 68 272 244; 

21\64_64418.jpg
400 266
117 19 323 232; 164 26 302 238; 123 51 301 234; 

21\64_64421.jpg
232 399
48 44 182 360; 55 44 177 356; 54 46 178 358; 

21\64_64423.jpg
400 338
55 45 338 248; 191 43 339 241; 55 47 338 239; 

21\64_64443.jpg
320 400
45 52 263 330; 85 64 250 279; 53 67 248 277; 

21\64_64453.jpg
281 400
66 120 171 324; 67 78 174 324; 68 77 172 324; 

21\64_64459.jpg
400 366
104 38 356 346; 103 128 218 311; 104 53 343 309; 

21\64_64462.jpg
285 400
16 79 204 287; 21 124 140 286; 21 76 196 282; 

21\64_64465.jpg
300 400
107 129 266 310; 107 128 264 311; 109 129 264 312; 

21\64_64474.jpg
400 377
61 72 345 340; 153 70 263 205; 65 71 345 338; 

21\64_64480.jpg
400 266
11 59 316 266; 1 58 323 266; 1 56 322 266; 

21\64_64490.jpg
400 294
167 21 391 289; 167 14 322 221; 169 19 344 222; 

21\64_64493.jpg
400 278
79 79 231 247; 72 81 231 255; 75 82 227 254; 

21\64_64504.jpg
319 399
155 132 272 351; 139 133 273 358; 140 134 272 355; 

21\64_64505.jpg
400 289
62 20 233 247; 66 114 232 239; 66 22 232 238; 

21\64_64509.jpg
291 399
70 42 284 324; 70 73 183 277; 69 62 288 272; 

21\64_64513.jpg
400 368
172 31 336 259; 172 29 328 229; 174 32 327 228; 

21\64_64517.jpg
266 400
62 52 221 324; 62 53 221 267; 62 53 220 266; 

21\64_64526.jpg
280 400
19 58 268 293; 75 53 216 275; 78 52 208 264; 

21\64_64527.jpg
394 400
63 92 295 366; 62 116 279 342; 65 115 281 342; 

21\64_64540.jpg
400 320
126 20 285 252; 127 16 285 218; 126 16 284 217; 

21\64_64541.jpg
344 400
25 48 241 321; 14 109 242 318; 13 95 238 316; 

21\64_64543.jpg
400 353
95 10 351 284; 135 78 318 273; 137 76 317 270; 

21\64_64561.jpg
400 336
196 11 394 317; 196 11 394 261; 261 14 326 99; 

21\64_64562.jpg
400 360
29 22 303 299; 101 21 309 266; 101 28 309 264; 

21\64_64574.jpg
400 320
194 30 380 308; 189 35 381 216; 197 34 375 218; 

21\64_64589.jpg
333 399
107 39 320 394; 110 91 221 260; 111 92 223 258; 

21\64_64590.jpg
257 399
24 12 215 238; 64 57 210 220; 16 41 210 236; 

21\64_64592.jpg
400 285
65 7 284 282; 98 126 248 252; 97 111 253 251; 

21\64_64596.jpg
337 400
46 67 288 342; 50 98 228 264; 49 66 244 269; 

21\64_64607.jpg
400 300
162 0 394 297; 205 96 285 219; 197 66 327 222; 

21\64_64612.jpg
400 271
46 42 202 249; 71 41 206 251; 45 41 204 250; 

21\64_64618.jpg
300 400
115 38 282 392; 119 57 268 241; 119 37 268 239; 

21\64_64622.jpg
276 400
58 79 211 394; 65 133 205 282; 55 66 218 282; 

21\64_64631.jpg
320 400
68 61 217 209; 74 50 216 209; 56 52 216 209; 

21\64_64640.jpg
400 300
62 25 281 278; 63 82 270 271; 64 24 271 270; 

21\64_64677.jpg
300 400
52 46 255 304; 52 91 252 302; 52 47 252 302; 

21\64_64706.jpg
300 400
40 66 254 246; 107 69 239 236; 39 69 263 246; 

21\64_64709.jpg
400 222
7 20 234 173; 7 17 238 175; 5 17 237 177; 

21\64_64719.jpg
400 400
18 39 265 371; 58 43 228 152; 58 46 227 165; 

21\64_64721.jpg
400 303
6 127 279 260; 55 159 259 260; 8 131 242 241; 

21\64_64723.jpg
391 400
82 33 323 328; 87 38 325 329; 86 38 318 328; 

21\64_64776.jpg
400 320
143 93 251 234; 144 95 252 244; 145 96 252 244; 

21\64_64815.jpg
300 400
75 91 228 284; 76 92 230 296; 78 91 230 294; 

21\64_64857.jpg
261 400
74 21 216 397; 72 21 219 231; 74 46 218 354; 

21\64_64859.jpg
300 400
81 98 196 379; 81 101 195 381; 82 104 193 355; 

21\64_64875.jpg
400 293
65 34 336 280; 70 34 336 221; 71 35 337 279; 

21\64_64878.jpg
300 400
72 91 255 315; 66 86 249 314; 69 86 249 312; 

21\64_64884.jpg
400 203
54 18 170 200; 56 21 170 203; 56 22 170 204; 

21\64_64891.jpg
400 276
66 45 335 194; 70 43 331 192; 71 44 329 191; 

21\64_64892.jpg
400 362
44 12 366 270; 50 7 211 160; 54 15 210 156; 

21\64_64898.jpg
400 300
9 70 186 274; 78 72 184 254; 79 74 184 132; 

21\64_64902.jpg
400 301
174 49 364 301; 207 45 343 236; 217 49 359 182; 

21\64_64910.jpg
296 400
57 29 243 334; 92 36 194 216; 96 46 191 162; 

21\64_64913.jpg
400 272
64 54 312 202; 48 54 249 202; 51 54 310 208; 

21\64_64921.jpg
266 400
56 86 267 370; 54 92 226 281; 56 91 265 354; 

21\64_64938.jpg
320 400
94 132 303 300; 95 134 302 301; 96 136 301 300; 

21\64_64948.jpg
300 400
8 142 288 396; 28 141 249 249; 29 142 248 353; 

21\64_64968.jpg
400 278
22 91 377 231; 44 78 375 225; 153 77 255 228; 

21\64_64973.jpg
400 276
90 28 388 201; 96 113 334 202; 208 114 331 154; 

21\64_64974.jpg
399 324
126 52 370 321; 218 51 371 232; 218 51 373 232; 

21\64_64999.jpg
400 260
76 40 399 190; 78 77 309 181; 81 47 396 182; 

21\65_65007.jpg
308 400
50 24 272 330; 119 95 259 264; 108 92 258 261; 

21\65_65091.jpg
400 320
122 88 237 214; 122 88 239 216; 112 88 236 231; 

21\65_65095.jpg
400 300
49 79 296 257; 49 80 295 258; 49 81 294 256; 

21\65_65200.jpg
400 266
82 14 337 242; 86 16 337 242; 86 17 336 241; 

21\65_65223.jpg
400 300
84 58 382 258; 87 57 274 244; 87 58 399 259; 

21\65_65241.jpg
266 400
94 141 240 348; 85 139 242 349; 92 139 241 348; 

21\65_65257.jpg
400 389
34 193 212 364; 39 193 209 361; 38 192 208 354; 

21\65_65279.jpg
400 324
105 31 399 294; 103 22 321 297; 103 22 320 296; 

21\65_65281.jpg
266 400
108 92 243 299; 111 97 240 297; 107 61 243 296; 

21\65_65291.jpg
399 289
91 84 323 197; 94 85 321 198; 94 88 321 196; 

21\65_65292.jpg
400 364
91 121 312 343; 93 122 313 340; 95 121 310 338; 

21\65_65327.jpg
330 400
74 84 316 352; 146 155 242 247; 149 156 241 247; 

21\65_65348.jpg
400 320
46 18 351 238; 232 66 342 230; 51 26 339 236; 

21\65_65349.jpg
400 288
66 90 334 287; 64 92 334 154; 64 92 335 147; 

21\65_65351.jpg
400 300
114 102 256 244; 164 90 258 199; 164 89 259 198; 

21\65_65352.jpg
400 266
232 12 320 228; 230 12 319 230; 232 12 319 266; 

21\65_65355.jpg
400 266
126 42 300 227; 234 38 301 184; 233 38 301 182; 

21\65_65370.jpg
400 308
158 1 373 229; 153 53 279 195; 156 0 366 211; 

21\65_65384.jpg
265 400
128 105 211 351; 128 102 218 346; 137 106 209 340; 

21\65_65401.jpg
266 400
9 113 265 362; 71 114 214 303; 77 114 212 299; 

21\65_65413.jpg
400 301
81 122 223 298; 81 122 226 271; 81 122 224 272; 

21\65_65437.jpg
400 316
96 43 349 294; 96 42 347 291; 98 42 347 292; 

21\65_65439.jpg
400 323
90 73 345 303; 86 75 347 306; 97 80 344 296; 

21\65_65443.jpg
400 260
140 24 371 228; 184 23 368 234; 27 26 364 232; 

21\65_65448.jpg
400 332
46 76 221 263; 32 65 221 260; 11 11 286 302; 

21\65_65462.jpg
309 400
68 150 243 376; 120 243 190 314; 69 151 243 352; 

21\65_65464.jpg
400 300
13 16 173 229; 12 13 179 264; 14 14 180 299; 

21\65_65471.jpg
400 320
58 136 392 321; 204 136 393 320; 59 135 393 314; 

21\65_65517.jpg
343 400
32 22 274 295; 104 160 211 244; 46 27 274 295; 

21\65_65544.jpg
400 300
16 49 259 266; 20 51 273 264; 21 51 274 261; 

21\65_65547.jpg
400 316
34 0 271 315; 35 75 267 316; 32 71 269 316; 

21\65_65550.jpg
266 400
31 174 232 376; 29 176 234 309; 31 174 232 311; 

21\65_65560.jpg
400 290
75 27 316 267; 74 29 315 239; 74 30 315 266; 

21\65_65576.jpg
300 400
57 23 253 330; 60 19 180 291; 60 35 251 330; 

21\65_65594.jpg
400 265
26 28 370 189; 26 56 218 189; 26 28 368 216; 

21\65_65603.jpg
291 400
104 21 273 378; 111 20 261 214; 110 46 259 214; 

21\65_65604.jpg
320 400
31 79 196 327; 48 80 199 257; 27 81 197 334; 

21\65_65605.jpg
400 300
117 16 267 287; 114 18 269 251; 115 19 272 272; 

21\65_65610.jpg
400 300
122 53 277 263; 122 51 268 238; 122 52 267 236; 

21\65_65630.jpg
301 400
13 98 286 358; 16 97 162 197; 82 136 139 195; 

21\65_65631.jpg
400 210
62 0 296 205; 53 20 249 185; 54 1 290 208; 

21\65_65632.jpg
286 400
34 12 191 324; 60 122 191 274; 60 139 189 273; 

21\65_65650.jpg
400 363
3 88 321 359; 198 164 335 302; 199 164 333 301; 

21\65_65657.jpg
400 301
62 51 226 270; 63 51 228 271; 64 51 228 271; 

21\65_65665.jpg
399 267
226 112 350 205; 225 111 397 267; 228 114 343 200; 

21\65_65696.jpg
294 400
61 50 280 357; 74 46 278 255; 74 47 278 251; 

21\65_65716.jpg
400 287
189 56 342 256; 191 55 344 258; 192 56 344 256; 

21\65_65721.jpg
400 339
29 53 279 269; 32 50 279 327; 33 50 279 174; 

21\65_65725.jpg
320 400
82 18 231 222; 76 20 229 223; 77 46 229 221; 

21\65_65737.jpg
278 400
34 8 204 392; 61 8 178 264; 12 46 199 354; 

21\65_65739.jpg
399 365
46 195 387 344; 43 206 264 333; 44 197 383 336; 

21\65_65741.jpg
400 130
100 10 264 128; 98 8 266 130; 101 8 264 129; 

21\65_65742.jpg
400 300
59 81 363 210; 59 74 364 208; 61 74 362 206; 

21\65_65743.jpg
349 400
92 95 188 351; 90 97 185 351; 90 96 184 350; 

21\65_65749.jpg
289 399
90 213 239 350; 79 205 227 356; 99 210 227 339; 

21\65_65767.jpg
400 266
27 34 231 238; 39 111 166 239; 33 28 234 236; 

21\65_65768.jpg
300 400
43 70 271 305; 41 70 278 308; 42 71 278 307; 

21\65_65772.jpg
296 400
12 104 244 344; 32 104 207 361; 9 102 258 339; 

21\65_65778.jpg
320 400
38 69 308 242; 41 68 307 219; 42 68 307 219; 

21\65_65800.jpg
400 300
122 82 260 218; 132 88 261 214; 133 88 267 222; 

21\65_65801.jpg
400 275
137 6 262 270; 140 92 260 199; 141 92 258 197; 

21\65_65805.jpg
250 400
86 45 239 352; 97 63 223 246; 98 64 224 246; 

21\65_65815.jpg
400 260
168 103 339 227; 166 104 342 222; 168 102 341 221; 

21\65_65818.jpg
400 328
43 36 219 219; 74 42 211 189; 74 44 212 186; 

21\65_65819.jpg
320 399
72 70 178 369; 71 73 178 368; 73 73 178 365; 

21\65_65820.jpg
316 400
6 52 243 294; 8 53 238 292; 1 55 238 292; 

21\65_65831.jpg
400 250
171 2 392 249; 252 49 399 188; 252 46 398 188; 

21\65_65833.jpg
400 262
192 11 368 256; 194 15 368 132; 194 16 368 254; 

21\65_65834.jpg
282 400
54 64 264 252; 82 123 265 265; 81 117 264 262; 

21\65_65838.jpg
400 254
20 99 328 230; 25 99 333 232; 25 100 331 233; 

21\65_65851.jpg
354 400
7 95 352 329; 65 93 275 216; 69 134 275 330; 

21\65_65856.jpg
286 399
43 141 283 300; 43 140 280 303; 46 141 282 301; 

21\65_65859.jpg
341 399
6 191 314 349; 9 192 332 349; 8 192 333 353; 

21\65_65864.jpg
272 399
54 119 240 326; 49 121 238 324; 50 121 238 324; 

21\65_65895.jpg
266 400
29 148 212 330; 45 154 182 286; 31 154 213 337; 

21\65_65927.jpg
266 400
68 95 229 337; 100 96 227 239; 96 98 227 238; 

21\65_65929.jpg
399 299
37 59 265 279; 35 56 250 280; 37 54 277 280; 

21\65_65932.jpg
399 338
86 73 370 323; 117 75 365 252; 35 75 365 240; 

21\65_65946.jpg
400 300
108 3 279 249; 106 70 216 250; 104 2 279 252; 

21\65_65959.jpg
299 400
28 34 172 300; 24 36 172 290; 27 47 172 353; 

21\65_65960.jpg
400 282
110 60 345 251; 116 62 345 252; 116 62 345 252; 

21\65_65962.jpg
400 266
108 80 279 169; 106 82 280 168; 106 84 279 166; 

21\65_65969.jpg
400 300
42 29 184 238; 26 26 206 261; 26 73 206 239; 

21\65_65970.jpg
400 346
99 18 284 298; 136 116 268 267; 109 46 268 264; 

21\65_65984.jpg
400 338
66 32 145 285; 65 30 140 284; 66 32 141 283; 

21\65_65994.jpg
341 400
111 14 284 342; 113 15 285 342; 112 20 284 340; 

