317

35\105_105010.jpg
400 297
72 10 235 168; 75 14 232 167; 77 14 228 165; 

35\105_105033.jpg
266 400
76 91 223 371; 71 87 220 317; 73 88 221 381; 

35\105_105035.jpg
316 400
91 15 304 351; 95 9 307 348; 94 72 309 346; 

35\105_105053.jpg
400 300
60 69 305 286; 77 155 296 280; 78 152 296 278; 

35\105_105056.jpg
313 400
76 23 265 388; 78 13 253 391; 117 12 208 131; 

35\105_105062.jpg
320 400
38 19 279 326; 23 10 282 338; 14 11 281 337; 

35\105_105066.jpg
320 400
140 116 261 359; 114 56 288 377; 92 56 291 379; 

35\105_105070.jpg
300 400
81 118 291 388; 42 112 295 396; 88 114 242 292; 

35\105_105075.jpg
319 399
47 100 226 302; 44 100 208 307; 45 100 224 312; 

35\105_105084.jpg
400 330
46 48 204 294; 34 85 217 310; 14 78 223 317; 

35\105_105087.jpg
400 375
31 36 246 317; 31 36 246 314; 29 38 244 319; 

35\105_105106.jpg
400 320
11 5 203 318; 41 34 202 261; 1 1 237 319; 

35\105_105130.jpg
400 250
40 15 224 210; 39 16 226 209; 38 14 225 212; 

35\105_105142.jpg
400 382
176 145 375 349; 216 157 376 345; 216 146 375 346; 

35\105_105146.jpg
399 288
212 107 396 266; 196 109 397 284; 205 107 397 286; 

35\105_105147.jpg
329 399
26 80 251 368; 27 126 193 372; 28 126 192 369; 

35\105_105159.jpg
266 400
92 42 174 228; 77 44 175 376; 75 44 176 377; 

35\105_105166.jpg
285 400
22 17 263 248; 23 18 263 244; 22 16 262 246; 

35\105_105187.jpg
400 266
189 22 344 196; 198 23 342 220; 197 22 347 220; 

35\105_105204.jpg
300 400
68 36 282 348; 71 34 261 351; 68 34 299 349; 

35\105_105239.jpg
400 260
165 115 282 252; 165 113 283 260; 166 114 282 257; 

35\105_105250.jpg
400 284
142 54 302 260; 144 43 303 263; 55 43 303 263; 

35\105_105251.jpg
400 300
139 100 255 250; 138 100 254 269; 140 102 252 248; 

35\105_105259.jpg
133 200
51 34 117 180; 42 23 115 179; 51 32 111 157; 

35\105_105268.jpg
400 290
127 129 368 271; 122 130 371 269; 124 128 372 271; 

35\105_105270.jpg
320 400
42 32 188 397; 38 29 186 249; 43 32 186 249; 

35\105_105276.jpg
210 400
27 106 162 393; 29 103 138 257; 21 104 167 400; 

35\105_105292.jpg
266 400
66 43 206 372; 70 37 202 370; 72 41 213 370; 

35\105_105297.jpg
400 326
93 80 303 172; 94 84 305 169; 95 82 304 171; 

35\105_105307.jpg
400 293
176 83 347 274; 176 86 348 277; 175 81 346 273; 

35\105_105346.jpg
400 300
87 104 364 242; 91 107 369 241; 92 108 370 241; 

35\105_105355.jpg
400 231
16 17 301 184; 84 20 392 168; 83 19 249 158; 

35\105_105370.jpg
400 266
160 31 318 229; 193 46 319 231; 188 46 319 230; 

35\105_105391.jpg
400 266
126 72 276 180; 128 72 285 185; 127 71 283 182; 

35\105_105395.jpg
266 399
42 117 206 297; 39 120 204 306; 40 120 206 305; 

35\105_105402.jpg
400 266
89 62 346 214; 32 59 235 239; 18 62 241 238; 

35\105_105409.jpg
241 399
26 7 181 371; 22 5 180 375; 23 5 178 376; 

35\105_105413.jpg
264 400
42 31 232 337; 40 35 240 341; 39 35 239 340; 

35\105_105416.jpg
400 400
51 58 346 346; 26 42 354 366; 132 124 246 249; 

35\105_105455.jpg
400 266
58 62 242 128; 62 63 246 128; 61 64 244 127; 

35\105_105465.jpg
290 400
66 36 231 377; 81 34 232 363; 65 36 232 383; 

35\105_105468.jpg
298 399
57 63 214 387; 22 65 214 394; 60 64 196 351; 

35\105_105499.jpg
400 301
103 72 254 218; 104 76 248 216; 104 72 248 214; 

35\105_105505.jpg
400 266
214 70 328 199; 212 70 331 198; 214 71 331 198; 

35\105_105507.jpg
400 266
182 51 388 255; 181 65 294 174; 184 61 294 174; 

35\105_105511.jpg
400 266
159 76 279 201; 162 76 280 197; 161 78 278 198; 

35\105_105520.jpg
400 288
178 120 350 279; 193 120 374 275; 187 123 378 276; 

35\105_105523.jpg
400 266
87 70 365 189; 74 80 389 257; 66 81 378 187; 

35\105_105534.jpg
400 284
57 57 344 229; 54 57 360 240; 53 57 359 238; 

35\105_105553.jpg
400 300
36 60 334 228; 38 58 393 233; 39 61 398 232; 

35\105_105561.jpg
308 400
51 69 244 367; 45 71 237 363; 49 71 286 365; 

35\105_105562.jpg
400 309
141 61 252 284; 142 61 244 271; 142 62 244 267; 

35\105_105566.jpg
400 256
51 36 316 224; 51 37 248 208; 51 37 247 209; 

35\105_105567.jpg
400 300
45 98 379 281; 42 98 379 278; 46 44 379 278; 

35\105_105571.jpg
400 266
169 6 371 256; 173 2 343 214; 172 1 369 214; 

35\105_105576.jpg
400 264
136 72 360 260; 137 68 391 221; 159 69 399 263; 

35\105_105603.jpg
266 400
18 118 254 279; 11 126 266 269; 11 124 266 271; 

35\105_105616.jpg
400 300
81 89 173 262; 92 93 164 252; 93 92 161 252; 

35\105_105632.jpg
320 400
29 113 303 347; 28 110 313 349; 28 108 311 400; 

35\105_105647.jpg
400 240
221 45 348 132; 221 47 345 130; 226 46 343 125; 

35\105_105653.jpg
320 400
35 53 289 350; 34 52 205 343; 35 53 203 347; 

35\105_105654.jpg
400 300
93 8 321 284; 97 11 335 299; 98 11 375 300; 

35\105_105656.jpg
400 300
105 24 309 237; 107 22 314 239; 107 22 308 244; 

35\105_105659.jpg
400 300
85 40 338 284; 86 41 386 266; 84 40 379 267; 

35\105_105661.jpg
400 300
119 25 329 149; 120 23 399 173; 120 24 322 155; 

35\105_105675.jpg
400 268
81 17 251 258; 79 1 255 258; 88 1 258 258; 

35\105_105695.jpg
400 361
79 65 339 304; 78 66 339 299; 79 66 340 299; 

35\105_105697.jpg
400 229
182 13 376 225; 179 13 391 229; 179 14 392 229; 

35\105_105703.jpg
400 266
98 4 294 174; 98 2 291 159; 99 2 288 157; 

35\105_105704.jpg
400 303
75 16 369 236; 109 16 385 196; 79 16 385 231; 

35\105_105713.jpg
400 265
161 10 349 256; 176 1 348 261; 100 2 351 264; 

35\105_105721.jpg
266 400
126 4 232 182; 126 2 234 186; 129 2 234 184; 

35\105_105723.jpg
266 400
129 5 239 197; 126 1 235 183; 128 2 234 184; 

35\105_105730.jpg
400 370
67 9 250 233; 88 124 248 242; 78 1 242 238; 

35\105_105736.jpg
300 400
87 84 214 320; 92 88 214 328; 92 88 214 330; 

35\105_105742.jpg
399 266
92 76 197 237; 112 81 190 154; 113 78 190 155; 

35\105_105754.jpg
400 270
80 79 281 261; 78 78 282 264; 158 79 226 174; 

35\105_105762.jpg
321 400
53 67 281 364; 56 81 273 364; 54 132 267 358; 

35\105_105773.jpg
266 400
14 8 235 231; 16 1 213 219; 23 23 212 214; 

35\105_105776.jpg
399 259
86 40 316 215; 78 38 312 212; 78 40 311 211; 

35\105_105778.jpg
399 266
143 57 306 202; 144 60 307 205; 139 59 303 203; 

35\105_105779.jpg
399 266
61 37 308 256; 61 31 312 260; 110 83 255 203; 

35\105_105797.jpg
300 400
66 78 213 261; 65 92 208 256; 68 92 208 389; 

35\105_105799.jpg
266 400
69 48 196 360; 88 51 207 371; 67 46 201 368; 

35\105_105806.jpg
400 278
131 98 344 219; 140 108 343 196; 140 26 344 192; 

35\105_105814.jpg
400 268
64 56 294 250; 29 59 322 248; 12 59 331 250; 

35\105_105823.jpg
400 266
22 96 368 258; 29 98 229 208; 27 98 385 208; 

35\105_105854.jpg
400 300
169 14 387 177; 169 14 384 178; 84 12 386 177; 

35\105_105855.jpg
400 307
127 32 362 277; 112 33 370 272; 111 34 371 271; 

35\105_105856.jpg
400 281
60 27 291 240; 54 71 302 269; 53 105 301 269; 

35\105_105859.jpg
320 400
74 15 296 223; 21 17 276 243; 184 87 274 242; 

35\105_105866.jpg
266 400
49 55 217 369; 51 55 219 374; 50 168 218 372; 

35\105_105881.jpg
400 300
5 139 228 257; 9 137 228 258; 8 138 228 257; 

35\105_105882.jpg
399 400
36 131 336 398; 146 132 334 398; 226 131 334 284; 

35\105_105884.jpg
400 300
63 109 342 199; 66 113 335 198; 64 114 336 200; 

35\105_105904.jpg
399 299
156 11 301 256; 146 12 291 251; 148 13 290 252; 

35\105_105908.jpg
299 399
19 28 233 289; 15 74 223 286; 16 74 222 285; 

35\105_105927.jpg
400 300
143 77 319 279; 149 29 308 274; 147 82 306 272; 

35\105_105936.jpg
400 193
77 62 214 172; 78 9 216 162; 81 66 213 169; 

35\105_105937.jpg
400 266
182 62 359 242; 185 63 361 239; 184 64 361 239; 

35\105_105960.jpg
400 300
142 43 379 295; 135 40 384 241; 137 41 395 241; 

35\105_105976.jpg
400 400
74 52 259 299; 77 54 244 291; 75 53 242 259; 

35\105_105984.jpg
400 266
161 54 379 219; 169 52 379 218; 115 46 378 230; 

35\105_105991.jpg
398 400
56 22 276 178; 2 1 271 182; 1 1 279 182; 

35\105_105996.jpg
400 341
74 39 340 261; 79 41 343 251; 26 41 348 325; 

35\106_106002.jpg
400 266
80 53 337 192; 79 67 368 190; 74 66 353 185; 

35\106_106008.jpg
400 265
34 25 299 164; 38 27 299 159; 38 27 299 159; 

35\106_106012.jpg
281 400
31 32 239 298; 22 37 219 240; 14 0 218 298; 

35\106_106013.jpg
400 266
121 8 389 201; 132 41 272 266; 12 33 272 191; 

35\106_106052.jpg
400 306
42 38 233 289; 94 40 169 301; 42 38 229 301; 

35\106_106060.jpg
400 300
59 78 226 184; 63 81 217 192; 62 81 216 189; 

35\106_106067.jpg
400 266
66 19 342 247; 84 68 327 238; 87 18 325 226; 

35\106_106069.jpg
400 266
3 27 389 192; 1 56 336 158; 93 43 299 161; 

35\106_106075.jpg
290 400
32 48 277 322; 24 31 282 200; 16 12 283 208; 

35\106_106079.jpg
290 400
80 60 212 334; 82 52 208 198; 83 51 209 199; 

35\106_106082.jpg
399 323
93 75 350 292; 56 41 368 291; 57 41 368 291; 

35\106_106083.jpg
400 284
58 58 361 258; 59 58 379 241; 60 59 381 255; 

35\106_106089.jpg
266 400
26 45 217 338; 24 47 222 354; 25 47 235 359; 

35\106_106096.jpg
285 400
8 84 241 269; 82 96 208 238; 1 85 208 236; 

35\106_106100.jpg
266 400
51 39 214 378; 40 38 218 382; 62 38 207 242; 

35\106_106107.jpg
400 329
68 31 334 279; 4 36 309 302; 2 37 308 307; 

35\106_106116.jpg
400 333
39 26 391 251; 40 24 389 249; 40 25 389 248; 

35\106_106121.jpg
400 400
12 209 381 400; 49 213 392 399; 53 215 398 400; 

35\106_106136.jpg
400 313
140 63 257 256; 140 58 244 228; 143 61 244 226; 

35\106_106139.jpg
400 266
193 36 376 256; 198 32 376 266; 198 32 376 266; 

35\106_106143.jpg
400 271
89 67 344 194; 90 68 344 195; 90 69 342 193; 

35\106_106151.jpg
335 400
62 28 275 396; 82 30 252 232; 82 29 252 228; 

35\106_106178.jpg
400 266
156 22 246 177; 156 19 247 179; 156 21 245 178; 

35\106_106181.jpg
300 400
78 28 226 246; 74 28 226 213; 68 26 224 254; 

35\106_106185.jpg
400 289
123 58 331 275; 125 59 365 271; 124 57 361 271; 

35\106_106187.jpg
400 266
102 8 287 258; 99 37 266 230; 100 36 286 230; 

35\106_106188.jpg
400 304
73 33 221 154; 74 36 219 152; 77 36 219 152; 

35\106_106191.jpg
399 311
195 137 384 300; 195 136 381 280; 195 138 382 305; 

35\106_106192.jpg
280 400
46 26 238 364; 70 76 238 395; 68 26 238 316; 

35\106_106195.jpg
266 400
8 48 179 391; 5 48 181 392; 5 48 181 391; 

35\106_106200.jpg
266 400
65 153 265 359; 60 151 263 359; 63 151 265 356; 

35\106_106205.jpg
400 268
249 80 353 199; 250 81 351 200; 251 82 351 198; 

35\106_106207.jpg
281 400
6 126 146 389; 16 175 132 400; 18 178 130 398; 

35\106_106208.jpg
266 400
75 75 194 391; 79 84 185 381; 79 59 186 381; 

35\106_106212.jpg
400 275
91 7 310 269; 92 8 311 218; 88 8 310 215; 

35\106_106215.jpg
290 400
61 36 252 366; 64 36 259 362; 56 36 257 365; 

35\106_106217.jpg
400 290
99 24 238 279; 101 23 229 276; 99 22 227 279; 

35\106_106219.jpg
266 400
76 49 193 379; 78 56 193 378; 78 56 194 375; 

35\106_106237.jpg
400 289
98 94 280 233; 113 99 266 236; 112 52 334 236; 

35\106_106242.jpg
400 386
18 82 370 305; 10 79 389 308; 8 79 393 308; 

35\106_106255.jpg
286 400
16 11 240 289; 1 80 236 282; 62 81 238 255; 

35\106_106258.jpg
321 400
144 9 275 259; 142 9 276 267; 145 8 275 267; 

35\106_106263.jpg
391 400
14 9 380 264; 13 13 382 253; 15 13 384 260; 

35\106_106276.jpg
266 400
104 25 263 339; 102 21 266 338; 108 21 266 339; 

35\106_106280.jpg
266 400
58 3 237 316; 66 24 216 248; 73 23 221 245; 

35\106_106282.jpg
360 400
49 32 262 354; 36 21 236 329; 36 19 236 345; 

35\106_106286.jpg
236 399
39 40 193 345; 40 41 194 343; 41 40 192 343; 

35\106_106289.jpg
400 300
53 51 294 294; 48 12 364 291; 75 91 240 266; 

35\106_106292.jpg
399 321
171 109 350 184; 165 109 350 184; 168 111 348 181; 

35\106_106293.jpg
400 300
140 7 346 292; 141 8 347 291; 142 6 347 292; 

35\106_106301.jpg
400 216
116 28 240 188; 112 36 253 189; 114 32 251 186; 

35\106_106303.jpg
399 399
85 172 273 364; 45 176 279 399; 52 175 278 397; 

35\106_106304.jpg
319 399
111 223 250 399; 99 217 248 399; 103 220 244 399; 

35\106_106305.jpg
400 266
119 29 374 254; 118 29 339 252; 121 29 398 255; 

35\106_106307.jpg
400 266
151 58 278 202; 149 58 278 202; 149 58 277 202; 

35\106_106331.jpg
400 267
111 84 388 199; 108 84 394 199; 112 86 398 199; 

35\106_106334.jpg
400 266
8 23 310 235; 10 23 294 252; 9 25 293 258; 

35\106_106335.jpg
400 266
66 39 348 258; 93 130 398 265; 79 118 399 266; 

35\106_106340.jpg
400 300
66 14 229 231; 46 12 228 237; 46 13 227 239; 

35\106_106354.jpg
349 400
46 17 196 338; 43 18 196 331; 44 19 195 332; 

35\106_106356.jpg
400 299
17 132 329 299; 94 79 333 277; 97 82 333 299; 

35\106_106357.jpg
400 327
164 96 278 298; 164 87 312 301; 164 86 314 301; 

35\106_106371.jpg
400 300
81 51 250 232; 83 54 242 225; 82 52 246 228; 

35\106_106373.jpg
400 300
12 82 261 249; 14 81 399 245; 13 83 243 247; 

35\106_106385.jpg
338 400
49 29 264 311; 51 128 236 252; 52 14 298 250; 

35\106_106394.jpg
400 266
60 76 197 207; 60 78 195 206; 62 76 195 205; 

35\106_106410.jpg
320 400
117 160 287 352; 113 160 275 353; 101 162 274 355; 

35\106_106428.jpg
320 400
39 70 264 310; 42 51 262 306; 41 53 262 312; 

35\106_106460.jpg
377 400
87 94 289 297; 87 94 286 296; 88 94 288 295; 

35\106_106472.jpg
400 266
154 135 366 235; 149 138 399 221; 146 138 363 236; 

35\106_106479.jpg
303 400
148 34 295 229; 166 21 296 236; 152 21 288 197; 

35\106_106484.jpg
320 399
46 66 216 320; 88 160 291 320; 1 41 197 303; 

35\106_106490.jpg
342 400
86 136 280 384; 66 132 274 379; 69 75 274 379; 

35\106_106491.jpg
266 400
16 116 237 324; 23 119 238 328; 23 118 238 337; 

35\106_106499.jpg
400 211
55 48 364 172; 42 48 361 174; 46 49 360 172; 

35\106_106507.jpg
266 400
84 56 184 222; 77 45 224 224; 79 45 201 224; 

35\106_106509.jpg
400 300
137 82 282 214; 136 85 286 218; 134 83 285 218; 

35\106_106535.jpg
400 286
65 105 249 233; 70 74 319 215; 69 77 317 211; 

35\106_106536.jpg
400 265
135 14 334 258; 137 10 322 248; 134 11 321 265; 

35\106_106537.jpg
286 400
104 161 271 384; 43 71 263 357; 41 71 285 399; 

35\106_106549.jpg
265 400
29 77 220 370; 31 79 222 368; 31 79 221 367; 

35\106_106550.jpg
265 400
64 58 227 368; 1 59 228 363; 0 59 226 361; 

35\106_106551.jpg
400 265
187 35 355 251; 191 43 333 236; 198 43 333 234; 

35\106_106595.jpg
400 300
56 66 179 295; 55 66 179 231; 57 65 177 232; 

35\106_106621.jpg
400 242
14 15 223 238; 2 9 234 239; 2 9 230 234; 

35\106_106642.jpg
294 400
40 42 233 306; 39 41 239 305; 5 42 227 306; 

35\106_106652.jpg
400 300
71 100 369 282; 69 95 378 288; 73 96 376 299; 

35\106_106654.jpg
280 400
57 98 174 374; 32 83 224 365; 29 83 222 365; 

35\106_106720.jpg
400 300
172 96 296 206; 179 97 294 199; 178 96 293 199; 

35\106_106722.jpg
400 223
14 52 343 180; 2 47 364 179; 212 71 364 179; 

35\106_106724.jpg
270 400
26 44 237 333; 59 43 235 250; 61 45 232 249; 

35\106_106730.jpg
400 300
49 48 336 269; 49 43 359 282; 48 40 360 282; 

35\106_106734.jpg
400 179
132 44 298 163; 131 33 309 159; 133 43 289 157; 

35\106_106735.jpg
400 211
93 50 308 196; 91 59 288 194; 94 61 286 189; 

35\106_106736.jpg
400 188
47 55 330 179; 123 61 291 175; 47 61 335 174; 

35\106_106740.jpg
400 317
149 27 360 311; 156 22 361 312; 155 22 359 316; 

35\106_106741.jpg
400 188
169 11 315 174; 179 7 375 178; 179 5 347 177; 

35\106_106742.jpg
400 168
103 12 365 161; 145 14 315 163; 149 15 319 161; 

35\106_106743.jpg
400 158
137 37 259 145; 136 36 279 149; 139 36 273 143; 

35\106_106744.jpg
320 400
98 140 252 304; 37 124 263 349; 36 126 261 352; 

35\106_106764.jpg
306 400
75 23 259 382; 76 23 259 382; 76 23 257 379; 

35\106_106822.jpg
400 301
107 64 306 299; 107 64 306 301; 108 66 305 301; 

35\106_106825.jpg
302 399
4 137 246 299; 3 155 236 277; 4 146 260 318; 

35\106_106903.jpg
400 300
189 11 390 258; 193 19 378 262; 196 20 377 262; 

35\106_106912.jpg
400 319
10 27 210 294; 9 29 205 244; 3 28 205 262; 

35\106_106913.jpg
400 300
53 17 306 249; 116 21 344 236; 92 24 294 238; 

35\106_106921.jpg
400 265
85 18 360 234; 76 19 372 234; 82 22 289 232; 

35\106_106922.jpg
400 270
66 3 321 218; 62 1 322 218; 63 0 320 217; 

35\106_106927.jpg
400 300
135 39 364 292; 133 39 392 268; 133 39 392 299; 

35\106_106928.jpg
400 300
131 49 278 228; 105 19 297 264; 131 49 279 234; 

35\106_106943.jpg
296 400
62 104 293 320; 62 123 236 266; 64 119 193 268; 

35\106_106951.jpg
266 400
56 152 194 322; 61 105 221 320; 59 106 221 321; 

35\106_106953.jpg
400 270
82 14 195 164; 86 9 186 171; 82 6 186 168; 

35\106_106954.jpg
400 266
38 41 282 248; 40 38 276 243; 42 39 276 245; 

35\106_106959.jpg
400 273
68 54 331 271; 111 54 312 248; 106 2 362 248; 

35\106_106965.jpg
400 307
95 3 322 299; 93 44 321 304; 95 3 322 170; 

35\107_107014.jpg
308 400
79 76 289 386; 66 73 279 384; 81 75 291 318; 

35\107_107016.jpg
308 400
41 73 260 374; 43 53 259 371; 44 53 258 370; 

35\107_107027.jpg
400 267
90 0 334 175; 82 2 338 182; 55 1 336 174; 

35\107_107056.jpg
400 270
84 32 304 244; 89 32 302 246; 85 33 302 243; 

35\107_107058.jpg
400 270
101 26 308 258; 100 26 304 262; 101 23 304 264; 

35\107_107065.jpg
400 266
121 39 278 262; 75 36 314 265; 74 38 312 266; 

35\107_107066.jpg
400 266
65 14 244 251; 61 0 248 251; 71 1 239 249; 

35\107_107067.jpg
266 400
25 47 241 318; 48 72 230 294; 20 2 261 292; 

35\107_107068.jpg
400 266
195 48 338 264; 194 50 338 266; 197 50 338 266; 

35\107_107069.jpg
266 400
66 47 197 386; 68 46 199 400; 66 46 196 400; 

35\107_107070.jpg
400 266
81 6 261 265; 65 1 271 266; 72 1 266 266; 

35\107_107071.jpg
266 400
52 48 225 391; 49 44 230 399; 50 44 228 400; 

35\107_107072.jpg
266 400
41 58 216 390; 28 56 222 400; 29 55 221 399; 

35\107_107073.jpg
266 400
64 53 222 317; 69 71 211 304; 1 8 249 305; 

35\107_107077.jpg
400 247
44 22 320 199; 38 21 292 191; 44 24 267 191; 

35\107_107088.jpg
293 400
14 221 280 359; 1 1 256 181; 18 216 278 361; 

35\107_107090.jpg
400 320
111 8 388 283; 107 6 390 283; 110 3 390 283; 

35\107_107116.jpg
400 266
98 2 321 264; 98 75 321 262; 99 1 321 262; 

35\107_107210.jpg
399 336
78 112 389 327; 78 111 387 329; 78 112 389 329; 

35\107_107211.jpg
400 333
96 69 394 322; 95 69 392 325; 96 69 392 326; 

35\107_107212.jpg
400 233
40 106 377 195; 29 109 394 193; 34 107 382 194; 

35\107_107214.jpg
400 266
52 64 352 244; 46 31 364 249; 51 31 363 244; 

35\107_107215.jpg
318 400
35 40 237 336; 34 14 258 371; 39 14 256 374; 

35\107_107216.jpg
351 400
29 40 268 310; 19 6 322 378; 17 7 324 375; 

35\107_107226.jpg
300 399
23 9 284 186; 23 11 245 190; 21 11 286 189; 

35\107_107227.jpg
400 300
178 8 391 226; 182 1 322 232; 182 1 399 229; 

35\107_107231.jpg
399 320
74 57 308 221; 71 65 303 231; 68 65 329 229; 

35\107_107232.jpg
400 266
65 46 322 236; 56 44 293 265; 57 39 285 233; 

35\107_107246.jpg
400 344
44 140 359 324; 46 145 324 320; 46 140 322 323; 

35\107_107257.jpg
400 266
153 9 377 252; 161 6 392 258; 158 7 398 258; 

35\107_107270.jpg
400 343
205 23 326 330; 207 24 326 328; 206 25 324 328; 

35\107_107275.jpg
400 292
75 48 251 249; 77 28 252 247; 78 29 338 244; 

35\107_107311.jpg
320 400
54 31 243 315; 52 31 252 179; 55 29 251 178; 

35\107_107319.jpg
400 300
32 112 393 278; 2 28 315 264; 0 27 398 278; 

35\107_107362.jpg
400 300
61 19 322 258; 61 17 320 131; 62 19 319 271; 

35\107_107365.jpg
400 265
11 52 262 157; 12 51 262 154; 13 53 260 118; 

35\107_107377.jpg
266 400
31 6 220 343; 40 4 218 235; 33 4 218 234; 

35\107_107390.jpg
291 400
16 181 282 356; 16 184 288 353; 18 184 286 351; 

35\107_107398.jpg
400 320
8 127 364 318; 32 155 368 320; 33 156 368 320; 

35\107_107414.jpg
266 400
52 237 243 339; 55 244 240 328; 58 243 237 325; 

35\107_107430.jpg
400 315
172 54 360 236; 177 58 358 236; 179 62 348 236; 

35\107_107439.jpg
400 320
17 133 393 314; 6 134 399 318; 185 133 388 285; 

35\107_107465.jpg
400 270
58 14 294 256; 56 8 298 270; 138 6 297 184; 

35\107_107466.jpg
270 400
13 19 197 241; 16 16 196 241; 16 19 198 241; 

35\107_107474.jpg
400 267
27 20 278 250; 92 9 276 196; 96 9 276 194; 

35\107_107485.jpg
399 399
63 48 300 279; 65 51 384 349; 65 51 384 348; 

35\107_107486.jpg
266 400
66 52 256 369; 62 52 254 372; 61 52 265 372; 

35\107_107502.jpg
286 400
63 34 255 391; 94 162 226 390; 65 13 259 393; 

35\107_107505.jpg
286 400
89 12 258 359; 89 10 259 357; 89 12 259 356; 

35\107_107517.jpg
400 266
132 56 283 249; 141 59 282 178; 124 58 281 182; 

35\107_107528.jpg
300 400
19 81 278 290; 57 82 278 288; 52 83 297 343; 

35\107_107530.jpg
400 300
89 7 287 292; 100 5 286 252; 84 4 284 254; 

35\107_107572.jpg
400 248
60 88 162 190; 62 91 162 191; 62 91 163 189; 

35\107_107593.jpg
266 400
39 69 261 295; 121 72 250 213; 123 73 251 211; 

35\107_107594.jpg
266 400
21 101 207 396; 74 112 202 241; 55 111 205 242; 

35\107_107595.jpg
300 400
22 34 232 292; 18 29 232 318; 18 29 233 400; 

35\107_107597.jpg
328 400
24 21 310 272; 69 23 291 195; 70 22 290 194; 

35\107_107611.jpg
400 266
119 14 362 255; 136 4 353 267; 141 2 352 267; 

35\107_107614.jpg
395 400
156 78 388 391; 155 81 385 400; 160 78 385 400; 

35\107_107615.jpg
266 400
69 33 188 390; 67 29 191 400; 68 29 189 400; 

35\107_107616.jpg
400 266
25 10 223 265; 15 7 265 267; 19 3 265 267; 

35\107_107621.jpg
400 266
79 7 257 259; 83 50 215 233; 82 1 257 266; 

35\107_107623.jpg
400 285
72 23 324 251; 75 19 323 250; 70 20 324 248; 

35\107_107627.jpg
321 400
34 180 161 314; 32 211 161 314; 36 212 161 314; 

35\107_107631.jpg
399 299
74 65 328 243; 146 34 371 248; 148 34 370 247; 

35\107_107635.jpg
284 400
14 71 270 328; 16 69 271 328; 39 92 250 308; 

35\107_107644.jpg
387 400
104 119 296 268; 108 122 306 263; 107 110 316 262; 

35\107_107658.jpg
400 285
150 25 366 280; 163 24 356 243; 165 28 354 244; 

35\107_107659.jpg
400 285
41 91 375 259; 42 93 372 254; 44 93 371 268; 

35\107_107660.jpg
285 400
89 16 238 384; 82 16 270 393; 79 16 272 396; 

35\107_107663.jpg
285 400
27 28 215 390; 25 28 218 400; 59 28 212 179; 

35\107_107665.jpg
399 315
126 8 375 309; 96 7 399 315; 132 8 344 247; 

35\107_107673.jpg
400 283
29 31 374 221; 31 30 231 225; 32 31 236 224; 

35\107_107675.jpg
399 299
163 86 294 247; 169 88 288 246; 166 90 286 245; 

35\107_107692.jpg
400 266
64 16 323 258; 64 15 328 257; 63 16 325 256; 

35\107_107694.jpg
400 244
82 4 256 241; 86 1 252 242; 87 2 249 244; 

35\107_107699.jpg
329 399
62 58 289 388; 60 57 287 390; 65 58 287 282; 

35\107_107738.jpg
400 303
183 84 341 284; 181 83 338 282; 186 88 335 284; 

35\107_107745.jpg
400 266
14 59 306 242; 16 59 308 243; 17 61 308 242; 

35\107_107788.jpg
266 400
59 51 204 392; 57 49 207 400; 59 52 206 289; 

35\107_107793.jpg
400 400
28 93 362 353; 19 91 365 346; 19 98 361 360; 

35\107_107811.jpg
399 265
49 133 158 233; 48 133 154 229; 51 136 151 227; 

35\107_107823.jpg
400 350
8 96 322 252; 11 96 322 247; 2 94 342 246; 

35\107_107842.jpg
400 325
192 32 366 239; 202 52 361 236; 202 66 361 230; 

35\107_107883.jpg
400 283
98 101 310 208; 99 101 308 204; 102 101 308 202; 

35\107_107888.jpg
335 400
78 62 248 376; 72 62 247 381; 76 61 245 381; 

35\107_107891.jpg
400 288
76 21 323 276; 75 17 324 287; 75 16 324 289; 

35\107_107892.jpg
400 334
152 23 322 306; 153 22 326 308; 153 23 324 311; 

35\107_107899.jpg
400 365
49 58 316 285; 222 62 313 264; 99 62 310 274; 

35\107_107907.jpg
390 400
34 10 310 346; 31 148 259 312; 29 149 258 311; 

35\107_107913.jpg
301 400
50 18 168 374; 51 18 168 374; 50 17 168 373; 

35\107_107934.jpg
400 266
147 19 378 242; 154 21 379 242; 155 21 379 238; 

35\107_107945.jpg
400 300
202 16 287 254; 206 17 286 258; 202 18 280 275; 

35\107_107967.jpg
356 400
8 18 349 235; 3 55 351 236; 4 19 349 234; 

35\107_107981.jpg
400 300
119 21 320 287; 118 22 324 286; 116 21 322 282; 

35\107_107985.jpg
400 331
83 22 318 317; 86 22 318 316; 86 21 316 311; 

