318

3\9_9002.jpg
400 300
118 64 270 227; 118 63 271 228; 118 64 268 226; 

3\9_9003.jpg
400 300
86 47 241 245; 83 46 241 252; 84 49 238 251; 

3\9_9012.jpg
300 400
31 84 285 336; 35 84 282 335; 35 85 282 336; 

3\9_9033.jpg
400 300
116 108 258 296; 118 107 257 300; 117 107 257 299; 

3\9_9045.jpg
300 400
90 38 290 392; 83 41 259 374; 95 45 299 354; 

3\9_9057.jpg
400 300
129 18 392 243; 117 3 398 242; 120 2 397 242; 

3\9_9063.jpg
400 300
81 19 332 272; 128 54 288 262; 131 52 283 243; 

3\9_9093.jpg
400 300
142 59 307 238; 113 38 324 237; 145 74 308 233; 

3\9_9094.jpg
300 400
34 89 280 339; 28 87 205 258; 31 92 198 256; 

3\9_9099.jpg
400 300
91 74 282 248; 98 73 281 246; 97 77 276 239; 

3\9_9119.jpg
300 400
119 108 264 390; 119 103 266 382; 123 114 262 355; 

3\9_9127.jpg
400 300
9 29 241 297; 8 28 241 298; 9 29 238 297; 

3\9_9132.jpg
400 300
114 31 205 188; 111 31 204 186; 112 31 204 186; 

3\9_9135.jpg
400 266
144 44 382 261; 140 44 388 266; 143 46 385 266; 

3\9_9151.jpg
300 400
135 126 246 371; 134 176 247 373; 136 179 245 354; 

3\9_9166.jpg
400 300
97 107 236 233; 101 114 234 227; 26 74 366 254; 

3\9_9170.jpg
400 300
27 13 246 293; 32 79 246 294; 36 9 244 291; 

3\9_9179.jpg
400 300
106 11 341 282; 100 8 341 282; 184 157 328 281; 

3\9_9181.jpg
266 400
12 186 251 371; 48 187 212 374; 16 191 253 354; 

3\9_9187.jpg
300 400
18 40 282 235; 19 43 282 241; 21 45 281 242; 

3\9_9189.jpg
300 400
92 52 271 291; 82 42 274 292; 91 51 253 276; 

3\9_9190.jpg
400 266
33 19 254 129; 25 20 254 128; 36 22 252 126; 

3\9_9191.jpg
400 300
189 19 332 244; 196 31 343 244; 191 5 347 244; 

3\9_9192.jpg
400 300
147 2 395 224; 146 1 386 208; 148 1 398 224; 

3\9_9197.jpg
400 300
195 77 356 257; 196 80 377 270; 197 80 356 256; 

3\9_9219.jpg
300 400
76 18 213 381; 108 194 186 384; 76 54 197 322; 

3\9_9228.jpg
400 266
178 52 289 256; 179 52 291 266; 178 54 289 266; 

3\9_9229.jpg
300 400
151 141 272 392; 139 142 271 383; 153 143 271 354; 

3\9_9230.jpg
266 400
120 28 168 344; 123 78 167 346; 124 84 162 344; 

3\9_9253.jpg
400 300
113 4 216 281; 112 7 215 298; 119 9 213 253; 

3\9_9256.jpg
300 400
67 10 226 392; 79 19 228 275; 49 45 226 336; 

3\9_9264.jpg
400 300
121 24 294 288; 124 24 298 289; 122 25 299 286; 

3\9_9296.jpg
400 300
172 61 388 296; 132 61 390 298; 176 61 389 299; 

3\9_9332.jpg
298 400
74 115 259 392; 72 116 262 384; 73 118 254 353; 

3\9_9353.jpg
300 400
58 146 226 337; 57 142 225 337; 59 139 224 336; 

3\9_9371.jpg
400 300
90 71 326 203; 87 71 325 236; 90 74 324 239; 

3\9_9377.jpg
346 277
67 54 269 227; 67 39 277 234; 70 38 272 236; 

3\9_9389.jpg
277 400
36 121 188 322; 24 121 230 331; 24 122 231 331; 

3\9_9398.jpg
400 300
95 49 356 199; 80 49 366 201; 80 49 363 199; 

3\9_9403.jpg
399 280
34 40 293 221; 32 36 292 234; 29 39 291 233; 

3\9_9409.jpg
400 266
44 100 234 260; 1 100 234 259; 1 99 232 258; 

3\9_9410.jpg
400 298
41 35 251 212; 42 34 251 212; 42 33 250 210; 

3\9_9417.jpg
400 309
103 57 319 289; 84 61 331 294; 111 64 322 293; 

3\9_9419.jpg
400 300
99 58 297 264; 98 58 294 268; 102 61 292 264; 

3\9_9436.jpg
400 366
171 91 328 322; 168 46 347 342; 169 189 302 338; 

3\9_9447.jpg
283 400
50 9 272 236; 69 24 282 235; 52 46 282 234; 

3\9_9449.jpg
348 399
49 75 312 343; 42 74 166 308; 42 73 278 343; 

3\9_9453.jpg
400 300
65 118 303 206; 68 117 306 206; 67 119 303 204; 

3\9_9459.jpg
400 296
13 91 223 263; 11 92 224 264; 12 92 222 259; 

3\9_9465.jpg
255 400
44 126 199 331; 21 148 233 332; 39 118 208 331; 

3\9_9471.jpg
400 300
38 88 351 236; 35 93 346 268; 37 93 343 246; 

3\9_9478.jpg
400 300
68 72 327 207; 68 86 327 199; 66 85 329 201; 

3\9_9488.jpg
400 266
72 46 268 223; 75 43 268 236; 74 46 262 220; 

3\9_9496.jpg
400 300
27 28 219 214; 28 27 219 216; 29 28 218 214; 

3\9_9497.jpg
400 300
33 33 323 223; 36 38 376 283; 35 38 305 235; 

3\9_9501.jpg
300 400
35 31 159 238; 34 36 161 235; 35 45 159 238; 

3\9_9510.jpg
365 400
138 11 331 329; 144 117 333 258; 138 46 347 257; 

3\9_9548.jpg
400 310
139 73 266 269; 140 74 268 269; 140 76 266 269; 

3\9_9554.jpg
400 300
41 33 275 165; 54 90 276 163; 56 71 276 162; 

3\9_9556.jpg
399 284
177 21 269 224; 178 19 268 227; 178 22 268 226; 

3\9_9577.jpg
400 300
43 78 278 225; 49 83 304 230; 46 55 303 230; 

3\9_9582.jpg
400 318
201 94 397 315; 203 93 395 314; 202 112 395 314; 

3\9_9585.jpg
399 323
160 19 382 293; 159 38 399 322; 154 0 399 322; 

3\9_9592.jpg
300 400
60 74 205 384; 57 76 206 382; 58 77 204 354; 

3\9_9611.jpg
400 251
90 28 298 209; 115 44 266 169; 94 12 285 185; 

3\9_9630.jpg
400 265
107 33 336 237; 105 62 313 246; 104 0 354 243; 

3\9_9638.jpg
296 400
45 60 248 326; 34 58 246 326; 37 60 245 328; 

3\9_9643.jpg
229 400
11 36 193 202; 16 40 187 290; 16 45 188 288; 

3\9_9646.jpg
281 400
46 52 241 252; 43 85 226 252; 41 49 236 253; 

3\9_9659.jpg
400 255
28 85 152 206; 31 83 154 206; 32 84 152 204; 

3\9_9671.jpg
266 400
113 74 217 381; 115 74 219 399; 116 77 218 299; 

3\9_9699.jpg
334 400
28 79 271 185; 28 77 274 187; 29 81 274 188; 

3\9_9706.jpg
400 300
154 101 348 207; 154 104 344 206; 154 104 345 206; 

3\9_9717.jpg
400 300
109 46 246 225; 108 42 243 207; 106 43 246 225; 

3\9_9718.jpg
253 400
3 19 171 266; 3 16 168 267; 11 45 169 262; 

3\9_9737.jpg
400 300
115 36 382 249; 103 32 390 242; 116 49 372 243; 

3\9_9743.jpg
400 300
28 18 231 180; 29 20 262 180; 29 22 261 172; 

3\9_9762.jpg
400 300
61 9 233 164; 62 6 230 154; 62 6 229 155; 

3\9_9799.jpg
400 300
125 3 346 291; 126 4 346 300; 128 6 344 300; 

3\9_9814.jpg
300 400
79 132 259 386; 82 114 255 384; 83 132 254 355; 

3\9_9837.jpg
400 300
87 22 325 284; 88 19 331 284; 87 19 330 281; 

3\9_9844.jpg
400 300
56 42 347 248; 77 49 351 240; 80 49 306 244; 

3\9_9855.jpg
400 266
77 6 312 210; 81 8 302 215; 82 8 301 203; 

3\9_9880.jpg
399 266
207 122 399 202; 207 123 400 202; 210 124 399 199; 

3\9_9883.jpg
331 400
52 38 213 384; 64 38 215 383; 67 47 178 299; 

3\9_9889.jpg
400 363
138 11 374 307; 147 29 364 308; 141 59 322 306; 

3\9_9904.jpg
380 400
133 174 223 351; 132 175 221 349; 134 174 220 346; 

3\9_9918.jpg
400 294
12 19 266 276; 46 57 229 236; 48 60 228 238; 

3\9_9920.jpg
274 399
35 44 226 355; 36 48 239 356; 36 52 239 355; 

3\9_9938.jpg
400 300
96 34 286 239; 96 34 285 239; 97 36 284 232; 

3\9_9941.jpg
400 283
35 31 275 204; 52 52 289 198; 51 61 249 179; 

3\9_9956.jpg
399 399
56 74 322 384; 55 83 324 400; 66 139 310 400; 

3\9_9990.jpg
400 280
53 89 351 249; 51 88 354 246; 53 89 351 247; 

3\10_10011.jpg
400 300
89 114 232 246; 88 115 231 247; 47 94 293 241; 

3\10_10019.jpg
263 400
34 132 176 372; 26 129 232 382; 30 167 179 347; 

3\10_10027.jpg
400 303
123 98 244 207; 140 108 228 192; 140 112 227 192; 

3\10_10033.jpg
309 399
50 33 163 367; 49 33 156 374; 50 88 157 280; 

3\10_10038.jpg
400 266
89 49 286 195; 71 38 348 194; 82 51 339 194; 

3\10_10050.jpg
266 400
36 184 239 320; 126 186 266 383; 62 188 236 332; 

3\10_10065.jpg
400 300
227 16 370 137; 228 20 381 153; 230 21 365 121; 

3\10_10071.jpg
399 399
175 176 324 319; 166 171 342 327; 134 178 330 321; 

3\10_10079.jpg
400 300
238 78 374 244; 233 71 378 260; 239 74 372 263; 

3\10_10134.jpg
400 300
184 134 344 265; 185 136 343 259; 185 138 343 258; 

3\10_10135.jpg
400 266
138 64 273 214; 136 63 272 208; 138 64 272 210; 

3\10_10145.jpg
280 400
14 64 189 382; 2 82 193 383; 47 86 185 302; 

3\10_10170.jpg
400 300
159 89 271 198; 159 49 279 221; 161 52 276 219; 

3\10_10176.jpg
400 273
105 63 237 239; 108 68 234 240; 107 68 234 239; 

3\10_10178.jpg
400 300
31 64 307 280; 31 68 309 277; 82 68 304 234; 

3\10_10220.jpg
400 300
79 38 342 234; 76 46 341 228; 79 48 339 226; 

3\10_10228.jpg
400 300
161 93 351 289; 136 24 394 295; 136 24 360 297; 

3\10_10240.jpg
400 300
62 82 331 292; 56 65 347 284; 61 32 339 252; 

3\10_10246.jpg
400 300
39 67 329 292; 39 72 326 300; 49 72 324 247; 

3\10_10250.jpg
400 265
114 62 299 212; 90 49 312 218; 89 52 285 204; 

3\10_10266.jpg
400 295
170 121 361 274; 175 124 357 286; 176 124 354 283; 

3\10_10279.jpg
267 400
28 130 246 324; 14 139 246 319; 14 140 246 313; 

3\10_10283.jpg
400 300
29 63 201 271; 24 71 203 270; 24 72 202 271; 

3\10_10301.jpg
400 300
112 8 358 259; 109 12 360 271; 124 13 356 245; 

3\10_10308.jpg
400 260
31 76 392 206; 8 75 398 219; 45 96 308 218; 

3\10_10314.jpg
400 253
21 36 251 181; 13 38 253 176; 12 39 252 174; 

3\10_10327.jpg
300 400
96 93 206 343; 97 92 214 339; 99 94 201 337; 

3\10_10343.jpg
400 371
71 122 344 354; 66 125 349 356; 67 118 351 352; 

3\10_10350.jpg
400 300
64 52 294 289; 148 61 291 280; 148 79 289 232; 

3\10_10354.jpg
400 300
16 13 276 205; 17 12 294 210; 19 13 288 206; 

3\10_10366.jpg
400 400
84 28 359 338; 94 29 360 338; 95 46 358 339; 

3\10_10367.jpg
400 268
14 91 246 256; 8 93 250 254; 31 96 251 218; 

3\10_10380.jpg
302 399
50 21 293 296; 45 70 148 293; 46 87 290 293; 

3\10_10382.jpg
400 400
194 53 394 253; 191 119 400 253; 196 107 396 247; 

3\10_10392.jpg
400 225
8 28 347 136; 4 27 344 134; 7 28 339 134; 

3\10_10396.jpg
400 330
217 42 385 323; 215 45 385 325; 217 50 381 315; 

3\10_10397.jpg
400 301
132 99 255 252; 96 24 261 282; 126 99 256 246; 

3\10_10400.jpg
300 400
59 35 242 254; 65 39 274 256; 81 98 229 233; 

3\10_10403.jpg
302 399
79 73 245 385; 14 73 295 374; 59 74 259 326; 

3\10_10409.jpg
295 400
77 187 224 387; 65 177 239 400; 93 193 213 344; 

3\10_10426.jpg
400 290
182 30 362 284; 178 27 380 284; 181 29 377 271; 

3\10_10436.jpg
304 400
90 37 209 302; 84 36 212 309; 89 56 209 276; 

3\10_10447.jpg
299 400
22 135 139 301; 26 131 136 301; 27 136 133 303; 

3\10_10448.jpg
266 400
28 124 229 338; 69 136 200 249; 72 94 201 248; 

3\10_10480.jpg
400 310
58 53 356 271; 52 54 348 270; 58 61 339 264; 

3\10_10484.jpg
400 311
17 63 250 304; 18 66 246 301; 19 67 245 299; 

3\10_10487.jpg
400 278
97 48 368 263; 85 46 370 269; 94 63 263 261; 

3\10_10491.jpg
400 248
131 28 274 156; 129 25 273 160; 131 41 266 155; 

3\10_10497.jpg
400 300
149 64 322 291; 146 68 322 300; 150 69 316 259; 

3\10_10500.jpg
400 320
209 34 381 215; 207 34 392 213; 224 139 375 215; 

3\10_10507.jpg
400 260
134 47 252 218; 132 46 252 215; 136 48 251 215; 

3\10_10512.jpg
400 395
19 93 238 359; 16 95 256 370; 21 96 254 356; 

3\10_10536.jpg
400 300
32 90 241 294; 31 92 241 294; 34 92 238 291; 

3\10_10540.jpg
399 266
123 96 382 254; 130 96 380 245; 133 98 378 244; 

3\10_10545.jpg
399 306
133 46 315 205; 133 48 318 209; 134 49 314 205; 

3\10_10550.jpg
400 320
126 86 290 278; 127 90 281 316; 110 91 285 280; 

3\10_10562.jpg
400 400
132 191 334 371; 132 188 339 374; 130 194 332 355; 

3\10_10566.jpg
400 300
78 21 304 280; 78 21 302 285; 81 71 279 257; 

3\10_10571.jpg
400 289
124 26 388 287; 125 23 391 289; 148 26 364 281; 

3\10_10574.jpg
300 400
52 30 252 366; 92 54 206 311; 95 86 201 315; 

3\10_10576.jpg
400 300
49 99 312 264; 50 62 260 271; 52 95 255 261; 

3\10_10581.jpg
300 400
41 62 276 328; 64 61 240 262; 69 80 234 252; 

3\10_10595.jpg
300 400
52 165 172 361; 49 118 206 364; 52 123 203 354; 

3\10_10600.jpg
400 300
27 17 264 259; 26 21 271 270; 26 24 268 266; 

3\10_10601.jpg
300 400
46 106 294 313; 44 103 299 400; 48 108 299 311; 

3\10_10606.jpg
400 300
88 17 302 290; 88 46 306 300; 117 2 251 203; 

3\10_10607.jpg
399 292
138 30 339 274; 186 19 366 280; 189 75 319 258; 

3\10_10632.jpg
400 342
29 106 228 339; 28 111 230 337; 31 65 229 289; 

3\10_10656.jpg
307 400
47 103 281 378; 41 102 284 382; 51 107 279 356; 

3\10_10680.jpg
302 400
102 142 224 386; 102 140 228 389; 104 144 228 351; 

3\10_10686.jpg
400 268
32 44 249 255; 56 49 231 204; 60 52 226 201; 

3\10_10692.jpg
400 300
54 5 273 284; 40 2 276 299; 86 15 222 276; 

3\10_10698.jpg
400 268
36 109 375 216; 141 152 201 207; 28 129 376 204; 

3\10_10725.jpg
341 400
75 40 290 369; 72 41 268 371; 72 159 274 338; 

3\10_10782.jpg
399 338
51 92 373 291; 3 98 375 293; 76 98 375 290; 

3\10_10797.jpg
400 300
98 27 347 289; 91 22 372 300; 129 24 368 225; 

3\10_10836.jpg
300 400
59 62 284 287; 54 61 288 358; 56 62 285 294; 

3\10_10862.jpg
400 311
41 104 264 224; 42 109 264 219; 43 109 381 216; 

3\10_10876.jpg
400 238
141 90 358 231; 139 89 392 231; 140 91 382 231; 

3\10_10927.jpg
331 399
45 32 225 264; 70 65 225 265; 72 66 223 265; 

3\10_10938.jpg
238 400
49 145 196 280; 47 146 192 279; 51 148 191 279; 

3\10_10953.jpg
300 400
94 64 206 362; 97 66 212 361; 109 77 204 314; 

3\10_10979.jpg
248 400
84 107 234 375; 82 107 248 374; 86 114 211 332; 

3\11_11000.jpg
400 300
102 46 288 239; 102 42 293 235; 103 92 288 235; 

3\11_11003.jpg
400 300
228 69 386 162; 237 79 400 164; 239 80 353 161; 

3\11_11021.jpg
400 300
89 31 224 195; 67 19 228 194; 70 20 223 192; 

3\11_11054.jpg
400 300
11 24 137 193; 6 18 142 193; 8 22 140 191; 

3\11_11058.jpg
400 372
21 23 228 354; 65 86 206 349; 26 54 232 299; 

3\11_11060.jpg
400 266
127 67 268 202; 127 64 269 198; 128 65 266 196; 

3\11_11061.jpg
300 400
151 44 281 249; 148 38 287 259; 109 142 256 253; 

3\11_11068.jpg
400 267
129 43 309 244; 118 32 323 266; 119 34 322 266; 

3\11_11070.jpg
400 360
161 69 323 321; 160 64 328 312; 164 66 321 321; 

3\11_11073.jpg
298 400
130 18 278 179; 124 11 282 179; 127 45 279 179; 

3\11_11075.jpg
400 326
148 80 316 192; 145 74 310 309; 145 79 312 191; 

3\11_11083.jpg
275 399
91 12 260 164; 88 9 263 168; 92 69 259 162; 

3\11_11110.jpg
400 308
5 3 283 254; 3 4 284 256; 49 69 237 166; 

3\11_11111.jpg
287 400
44 110 130 364; 43 110 130 364; 45 111 128 354; 

3\11_11116.jpg
198 400
72 56 176 249; 70 54 178 249; 73 139 176 248; 

3\11_11121.jpg
364 400
66 26 309 375; 73 189 296 386; 77 122 292 354; 

3\11_11135.jpg
400 300
49 45 339 214; 48 43 344 219; 53 49 337 216; 

3\11_11136.jpg
400 300
200 74 378 231; 198 72 378 231; 201 74 377 229; 

3\11_11156.jpg
400 282
24 67 274 255; 15 60 279 267; 20 61 276 268; 

3\11_11164.jpg
400 266
194 44 391 106; 194 45 395 106; 199 45 392 104; 

3\11_11174.jpg
268 400
70 194 176 335; 70 192 181 341; 70 196 178 338; 

3\11_11179.jpg
400 400
149 38 346 286; 149 37 351 288; 151 45 349 286; 

3\11_11185.jpg
400 333
24 14 239 222; 11 4 239 229; 11 12 239 227; 

3\11_11188.jpg
400 327
53 71 170 291; 44 64 172 298; 47 68 170 289; 

3\11_11191.jpg
400 291
146 33 332 269; 149 26 382 291; 138 30 324 282; 

3\11_11193.jpg
400 260
23 83 179 254; 25 84 191 256; 27 83 187 252; 

3\11_11199.jpg
400 266
8 26 154 219; 9 16 153 223; 10 19 151 220; 

3\11_11200.jpg
400 308
84 64 352 208; 79 64 359 226; 79 65 354 221; 

3\11_11202.jpg
283 400
50 24 236 206; 61 101 236 382; 62 102 234 250; 

3\11_11205.jpg
400 290
136 19 377 267; 138 21 376 265; 138 68 374 263; 

3\11_11208.jpg
400 372
84 96 323 257; 90 102 371 320; 93 105 367 320; 

3\11_11209.jpg
260 400
138 13 235 221; 145 17 225 232; 146 45 222 236; 

3\11_11219.jpg
400 275
19 50 164 243; 18 53 168 244; 17 54 167 242; 

3\11_11222.jpg
400 300
74 26 220 204; 102 68 211 203; 104 67 204 202; 

3\11_11228.jpg
300 400
46 16 148 177; 46 5 152 176; 134 213 284 345; 

3\11_11230.jpg
400 300
13 14 169 191; 12 11 171 193; 12 15 168 232; 

3\11_11233.jpg
324 400
38 24 227 385; 35 6 231 395; 40 5 224 389; 

3\11_11234.jpg
276 400
22 19 164 179; 24 20 162 176; 24 45 161 176; 

3\11_11235.jpg
290 400
58 35 265 359; 51 22 262 364; 56 84 255 328; 

3\11_11263.jpg
399 299
72 6 322 288; 70 5 322 295; 67 1 319 300; 

3\11_11281.jpg
400 300
38 129 182 277; 39 129 181 276; 39 130 181 274; 

3\11_11286.jpg
400 355
105 10 212 281; 106 11 213 281; 106 48 211 281; 

3\11_11289.jpg
400 258
151 12 364 226; 145 10 365 226; 147 11 365 226; 

3\11_11292.jpg
400 295
54 36 273 206; 55 35 280 200; 53 35 280 224; 

3\11_11297.jpg
400 266
15 113 141 238; 18 114 142 238; 19 114 141 238; 

3\11_11298.jpg
400 300
166 106 341 202; 166 109 344 204; 166 111 341 203; 

3\11_11299.jpg
333 399
46 42 284 315; 106 92 286 226; 108 94 282 308; 

3\11_11307.jpg
400 303
39 61 329 241; 33 59 332 246; 47 69 330 231; 

3\11_11309.jpg
400 300
112 52 222 177; 113 52 219 176; 116 52 218 175; 

3\11_11311.jpg
400 300
251 56 384 177; 196 19 399 299; 199 22 399 299; 

3\11_11313.jpg
400 300
192 39 354 283; 191 39 354 282; 193 42 354 281; 

3\11_11314.jpg
300 400
8 58 166 356; 1 60 172 221; 2 79 170 352; 

3\11_11318.jpg
400 323
198 13 389 306; 192 11 392 321; 198 14 391 304; 

3\11_11320.jpg
265 400
39 0 179 211; 33 0 177 182; 38 46 174 230; 

3\11_11325.jpg
400 230
269 62 394 204; 268 59 400 206; 269 60 398 204; 

3\11_11328.jpg
400 328
125 13 308 270; 128 11 307 277; 130 13 305 275; 

3\11_11330.jpg
400 300
88 58 268 276; 109 156 266 271; 114 163 264 271; 

3\11_11346.jpg
400 300
122 75 276 229; 122 77 277 229; 124 78 275 227; 

3\11_11362.jpg
250 400
49 116 206 361; 50 118 200 364; 52 120 198 354; 

3\11_11379.jpg
306 400
100 66 267 344; 102 73 282 348; 104 74 248 334; 

3\11_11385.jpg
400 302
67 71 320 236; 113 93 282 203; 67 71 321 229; 

3\11_11403.jpg
399 380
76 64 327 315; 72 62 329 314; 72 66 326 313; 

3\11_11407.jpg
400 300
122 21 388 229; 126 25 394 232; 127 26 391 230; 

3\11_11411.jpg
400 300
166 13 311 292; 164 4 309 289; 164 24 311 289; 

3\11_11425.jpg
400 266
83 18 346 260; 83 14 349 261; 83 13 345 258; 

3\11_11429.jpg
400 300
82 90 203 222; 81 94 276 253; 84 94 213 220; 

3\11_11435.jpg
359 400
114 107 290 257; 111 108 286 254; 115 110 285 252; 

3\11_11443.jpg
266 400
69 70 202 288; 58 67 210 284; 68 66 197 280; 

3\11_11444.jpg
400 400
27 78 375 295; 23 78 373 298; 24 80 373 295; 

3\11_11459.jpg
400 301
186 34 374 275; 179 33 374 275; 179 32 371 274; 

3\11_11467.jpg
400 321
76 78 304 209; 132 76 254 194; 136 74 254 195; 

3\11_11468.jpg
331 400
106 112 199 331; 109 108 210 337; 111 111 206 331; 

3\11_11469.jpg
300 400
74 69 206 339; 81 78 201 331; 82 78 199 330; 

3\11_11480.jpg
400 400
96 50 282 300; 99 50 288 299; 101 54 286 296; 

3\11_11517.jpg
400 400
85 82 317 315; 83 85 314 309; 83 85 313 308; 

3\11_11519.jpg
400 300
87 42 317 271; 93 47 314 269; 134 89 273 228; 

3\11_11521.jpg
399 299
146 119 257 298; 146 115 254 295; 147 116 251 294; 

3\11_11533.jpg
394 400
59 72 317 335; 56 74 317 335; 56 76 315 331; 

3\11_11542.jpg
400 300
32 44 238 253; 32 42 244 248; 36 44 238 246; 

3\11_11552.jpg
400 400
7 99 302 299; 99 102 298 299; 0 100 299 300; 

3\11_11556.jpg
400 400
68 154 383 387; 64 161 389 386; 66 164 386 355; 

3\11_11557.jpg
400 260
47 12 244 229; 48 18 246 228; 48 21 244 225; 

3\11_11560.jpg
400 288
106 25 297 285; 112 10 293 288; 112 48 292 286; 

3\11_11561.jpg
400 300
49 65 314 261; 46 66 312 265; 45 68 313 262; 

3\11_11571.jpg
400 300
100 46 303 251; 103 46 298 249; 107 49 297 251; 

3\11_11603.jpg
399 399
88 103 181 386; 86 98 175 396; 86 100 178 355; 

3\11_11609.jpg
269 400
46 43 168 266; 42 46 169 266; 44 48 166 264; 

3\11_11613.jpg
400 400
59 51 342 347; 59 52 337 338; 57 53 339 342; 

3\11_11619.jpg
400 318
55 39 288 271; 57 21 296 284; 57 19 295 272; 

3\11_11624.jpg
300 400
90 111 233 290; 88 18 247 287; 87 124 229 286; 

3\11_11638.jpg
399 294
44 37 360 256; 42 35 358 263; 42 38 356 258; 

3\11_11650.jpg
400 295
132 32 377 274; 138 35 378 271; 129 36 376 271; 

3\11_11659.jpg
400 400
101 92 301 292; 99 96 307 304; 96 96 306 302; 

3\11_11664.jpg
400 377
140 116 268 249; 138 114 266 239; 106 85 298 274; 

3\11_11666.jpg
400 386
136 108 264 240; 139 113 256 232; 118 94 281 256; 

3\11_11667.jpg
400 294
212 97 349 232; 222 100 339 226; 224 102 336 226; 

3\11_11678.jpg
400 300
85 17 319 258; 83 18 324 225; 84 20 320 222; 

3\11_11690.jpg
400 300
64 48 316 292; 99 46 323 293; 57 36 320 291; 

3\11_11692.jpg
400 300
64 109 262 286; 72 113 247 282; 72 116 243 279; 

3\11_11696.jpg
300 400
49 44 248 289; 69 47 211 238; 68 48 210 286; 

3\11_11697.jpg
400 300
219 38 343 259; 232 42 338 261; 232 42 337 261; 

3\11_11711.jpg
400 300
14 71 382 206; 11 68 383 199; 38 92 378 198; 

3\11_11720.jpg
400 300
99 79 330 287; 102 84 332 300; 102 86 331 300; 

3\11_11733.jpg
400 400
68 45 332 298; 63 33 331 289; 71 99 318 284; 

3\11_11754.jpg
400 400
58 38 336 375; 62 36 281 380; 81 60 358 343; 

3\11_11758.jpg
400 351
44 60 363 314; 50 60 363 308; 95 60 361 308; 

3\11_11761.jpg
299 400
24 46 222 395; 22 69 226 398; 22 61 225 371; 

3\11_11767.jpg
300 400
91 133 234 273; 97 136 196 255; 70 136 234 284; 

3\11_11769.jpg
400 392
35 33 357 272; 35 36 359 265; 33 38 358 263; 

3\11_11771.jpg
400 287
121 38 246 208; 119 39 239 194; 120 40 241 191; 

3\11_11780.jpg
301 400
90 59 277 302; 88 58 291 302; 88 61 265 225; 

3\11_11788.jpg
399 302
191 23 362 289; 203 61 360 219; 196 11 359 219; 

3\11_11790.jpg
400 300
119 115 364 283; 170 122 362 288; 172 122 362 288; 

3\11_11798.jpg
400 300
112 7 284 274; 124 58 282 229; 118 8 282 228; 

3\11_11809.jpg
400 287
140 49 284 189; 132 54 288 189; 139 53 281 184; 

3\11_11819.jpg
400 303
15 56 280 286; 14 85 214 290; 16 40 358 293; 

3\11_11820.jpg
300 400
91 86 295 393; 103 121 299 400; 98 98 298 392; 

3\11_11830.jpg
400 346
157 117 357 323; 158 121 357 318; 158 122 358 318; 

3\11_11838.jpg
399 270
17 36 333 220; 12 38 337 224; 12 39 335 222; 

3\11_11839.jpg
400 311
158 96 304 184; 158 98 303 182; 158 98 301 182; 

3\11_11846.jpg
400 318
118 121 330 312; 121 122 344 318; 118 123 342 314; 

3\11_11852.jpg
337 399
36 67 261 301; 38 67 261 299; 39 67 259 299; 

3\11_11853.jpg
300 400
33 41 210 334; 52 42 152 322; 34 49 211 319; 

3\11_11875.jpg
400 296
129 6 348 229; 131 1 348 226; 132 5 346 224; 

3\11_11878.jpg
296 400
60 97 251 233; 56 109 251 236; 58 109 249 234; 

3\11_11881.jpg
400 273
88 18 262 154; 80 15 264 152; 88 16 263 153; 

3\11_11884.jpg
399 274
180 24 356 205; 164 21 354 254; 190 23 355 207; 

3\11_11919.jpg
400 300
120 38 390 284; 121 39 394 269; 121 39 399 281; 

3\11_11924.jpg
332 399
121 31 322 382; 124 37 324 376; 124 38 324 369; 

3\11_11925.jpg
300 400
35 191 185 391; 48 196 181 394; 17 101 245 355; 

3\11_11944.jpg
293 400
24 7 227 294; 24 7 221 290; 56 78 219 266; 

3\11_11945.jpg
400 300
156 15 384 279; 152 15 388 278; 152 18 386 278; 

3\11_11948.jpg
400 400
104 33 337 285; 112 41 333 281; 115 41 335 274; 

3\11_11958.jpg
266 400
54 58 242 324; 52 59 264 399; 56 62 266 354; 

3\11_11959.jpg
400 390
58 47 329 262; 59 48 393 382; 59 48 350 313; 

3\11_11975.jpg
400 301
91 103 244 231; 89 104 244 258; 92 104 243 259; 

3\11_11977.jpg
300 400
31 138 269 374; 28 138 266 373; 29 140 264 352; 

3\11_11981.jpg
400 300
170 51 253 296; 171 51 254 297; 171 51 251 297; 

3\11_11982.jpg
400 291
21 39 188 258; 24 26 173 236; 142 20 394 288; 

3\11_11987.jpg
400 283
140 66 348 263; 144 67 351 266; 145 70 349 261; 

3\11_11988.jpg
381 400
34 100 316 362; 121 123 260 288; 64 105 301 288; 

3\11_11995.jpg
400 345
20 154 329 336; 239 8 340 345; 13 192 337 299; 

