341

41\123_123011.jpg
400 266
10 11 376 183; 14 48 371 194; 15 48 370 191; 

41\123_123015.jpg
400 317
46 47 278 296; 73 109 237 276; 76 112 237 276; 

41\123_123016.jpg
266 400
72 34 194 159; 70 33 194 159; 72 35 192 124; 

41\123_123018.jpg
400 266
139 15 339 264; 176 58 329 266; 166 4 337 266; 

41\123_123036.jpg
400 300
12 3 203 216; 5 3 200 184; 3 4 201 209; 

41\123_123041.jpg
400 320
120 36 310 212; 141 54 309 228; 17 9 375 223; 

41\123_123045.jpg
400 363
76 70 328 297; 89 76 307 292; 73 66 326 298; 

41\123_123046.jpg
386 400
59 81 243 267; 56 77 248 274; 56 78 249 271; 

41\123_123050.jpg
400 266
24 13 211 256; 52 2 212 265; 54 2 211 266; 

41\123_123052.jpg
400 266
192 18 383 185; 182 13 383 185; 193 13 383 182; 

41\123_123054.jpg
336 400
78 79 248 399; 77 13 248 400; 75 12 249 400; 

41\123_123058.jpg
400 300
31 114 354 221; 32 118 352 218; 34 102 351 215; 

41\123_123059.jpg
400 300
49 106 354 244; 51 103 356 242; 49 95 354 243; 

41\123_123065.jpg
321 400
42 21 269 331; 38 19 280 221; 38 21 277 398; 

41\123_123078.jpg
400 200
159 106 384 190; 92 101 388 178; 92 104 385 179; 

41\123_123085.jpg
399 266
50 49 382 233; 53 48 383 233; 51 50 384 236; 

41\123_123132.jpg
399 299
39 35 337 239; 60 32 343 237; 30 33 343 240; 

41\123_123133.jpg
399 299
34 51 345 254; 63 47 347 252; 35 47 346 258; 

41\123_123145.jpg
400 299
49 65 293 230; 65 61 305 233; 55 61 303 234; 

41\123_123163.jpg
400 299
56 120 218 294; 58 115 221 299; 58 138 210 296; 

41\123_123170.jpg
399 319
103 28 374 287; 203 108 374 283; 94 30 375 313; 

41\123_123183.jpg
400 320
128 41 312 221; 118 56 312 226; 17 8 362 223; 

41\123_123184.jpg
400 266
92 8 322 262; 83 4 232 177; 87 4 231 175; 

41\123_123190.jpg
400 300
98 4 293 232; 96 36 265 229; 98 1 291 217; 

41\123_123218.jpg
340 400
99 32 328 388; 105 31 340 399; 148 31 271 184; 

41\123_123241.jpg
400 285
51 35 257 258; 50 36 258 258; 52 36 256 259; 

41\123_123263.jpg
291 400
28 42 276 273; 106 68 276 273; 105 45 275 270; 

41\123_123286.jpg
400 278
78 39 325 270; 142 34 325 259; 140 38 323 258; 

41\123_123287.jpg
266 400
42 24 144 299; 42 28 143 306; 42 28 143 304; 

41\123_123297.jpg
375 350
181 18 367 333; 185 16 338 340; 184 17 374 340; 

41\123_123301.jpg
400 395
113 92 349 358; 112 91 348 352; 114 91 346 354; 

41\123_123306.jpg
400 250
12 31 301 219; 37 31 299 218; 41 29 298 218; 

41\123_123308.jpg
400 320
109 71 340 270; 111 71 338 272; 112 70 336 269; 

41\123_123309.jpg
400 266
62 77 315 214; 62 78 314 211; 62 78 314 212; 

41\123_123315.jpg
266 400
47 31 215 244; 53 33 201 229; 43 16 202 229; 

41\123_123317.jpg
400 315
22 85 204 286; 22 89 193 274; 26 89 197 280; 

41\123_123318.jpg
400 301
61 65 343 275; 59 64 337 272; 56 66 344 273; 

41\123_123324.jpg
400 300
49 85 315 224; 56 86 314 222; 56 73 314 224; 

41\123_123330.jpg
400 299
86 62 332 292; 165 71 278 263; 150 30 353 262; 

41\123_123334.jpg
400 250
48 46 219 242; 62 39 221 223; 60 37 219 249; 

41\123_123338.jpg
400 300
24 61 295 239; 113 116 223 251; 2 49 324 252; 

41\123_123346.jpg
400 300
145 72 358 289; 148 75 381 259; 134 74 381 300; 

41\123_123374.jpg
400 357
39 39 294 208; 41 38 291 201; 41 38 292 206; 

41\123_123424.jpg
268 400
54 59 156 334; 58 64 154 334; 56 62 154 332; 

41\123_123427.jpg
350 233
95 47 264 230; 94 46 292 232; 96 48 292 215; 

41\123_123450.jpg
400 340
4 6 231 297; 100 82 233 285; 1 9 232 292; 

41\123_123453.jpg
400 301
186 34 393 296; 186 34 358 297; 186 33 397 298; 

41\123_123457.jpg
400 320
23 84 361 298; 84 102 307 245; 26 91 354 297; 

41\123_123473.jpg
285 400
127 80 243 316; 121 81 260 358; 121 80 258 357; 

41\123_123474.jpg
288 399
62 49 208 314; 62 51 221 311; 58 52 220 308; 

41\123_123478.jpg
400 361
117 157 261 329; 116 160 261 323; 117 161 261 326; 

41\123_123489.jpg
400 364
21 84 192 341; 22 146 150 342; 20 146 149 342; 

41\123_123494.jpg
400 271
122 28 385 268; 119 29 385 261; 124 32 385 261; 

41\123_123495.jpg
400 281
139 12 261 133; 136 12 261 134; 138 11 261 134; 

41\123_123510.jpg
300 400
39 42 275 301; 34 39 287 301; 37 38 288 301; 

41\123_123513.jpg
400 334
30 106 340 324; 68 102 281 242; 32 108 364 334; 

41\123_123516.jpg
400 400
103 50 280 271; 106 51 277 267; 104 49 278 269; 

41\123_123523.jpg
400 300
62 14 206 259; 65 15 206 229; 64 16 204 228; 

41\123_123532.jpg
400 269
64 74 281 209; 71 76 282 209; 72 78 281 211; 

41\123_123536.jpg
266 400
88 118 200 373; 79 136 198 374; 109 138 168 369; 

41\123_123538.jpg
266 400
118 34 262 315; 118 33 262 315; 119 33 264 315; 

41\123_123550.jpg
266 400
17 62 261 242; 18 65 206 238; 18 64 266 237; 

41\123_123552.jpg
266 400
40 12 260 300; 49 19 206 233; 49 19 264 312; 

41\123_123566.jpg
400 266
132 84 242 229; 136 86 239 224; 159 86 239 222; 

41\123_123573.jpg
400 266
13 41 377 209; 16 45 374 209; 17 43 371 209; 

41\123_123574.jpg
400 266
137 58 351 205; 136 60 355 207; 141 59 353 204; 

41\123_123581.jpg
400 300
16 140 227 289; 10 138 226 283; 11 140 226 282; 

41\123_123594.jpg
400 281
51 16 351 206; 48 17 352 204; 48 16 351 256; 

41\123_123597.jpg
400 346
125 101 299 338; 118 100 289 345; 86 6 294 252; 

41\123_123608.jpg
400 300
51 132 346 296; 49 131 352 300; 49 132 352 299; 

41\123_123626.jpg
366 400
68 22 296 352; 68 26 288 400; 66 23 365 254; 

41\123_123630.jpg
400 328
113 8 364 311; 138 77 363 310; 112 2 381 328; 

41\123_123636.jpg
400 300
39 79 144 297; 39 88 144 300; 38 79 144 300; 

41\123_123637.jpg
280 400
69 109 174 279; 64 107 172 281; 66 108 172 281; 

41\123_123660.jpg
300 400
52 34 254 342; 74 51 254 279; 45 2 275 257; 

41\123_123694.jpg
298 400
25 8 234 289; 25 7 203 251; 23 5 231 301; 

41\123_123699.jpg
266 400
78 9 261 237; 63 2 266 224; 100 1 266 225; 

41\123_123716.jpg
400 314
76 37 276 299; 71 34 269 298; 73 36 278 301; 

41\123_123726.jpg
400 290
18 12 388 198; 14 13 391 197; 15 14 388 290; 

41\123_123727.jpg
400 349
99 92 319 335; 97 94 317 338; 95 94 358 337; 

41\123_123732.jpg
338 400
120 25 259 359; 129 101 259 354; 126 25 259 356; 

41\123_123733.jpg
400 351
54 13 352 279; 56 14 352 276; 56 14 351 278; 

41\123_123742.jpg
400 338
82 9 261 239; 86 1 258 221; 84 1 254 221; 

41\123_123748.jpg
266 400
52 51 262 309; 48 51 228 239; 50 51 216 240; 

41\123_123749.jpg
400 266
87 18 305 244; 95 19 333 250; 87 20 331 249; 

41\123_123750.jpg
266 400
36 156 216 386; 29 159 239 391; 27 24 239 384; 

41\123_123751.jpg
266 400
103 21 184 393; 99 21 185 237; 101 22 186 400; 

41\123_123754.jpg
266 400
48 44 187 354; 49 38 182 305; 48 39 184 400; 

41\123_123755.jpg
266 400
90 100 232 346; 51 101 236 331; 51 102 234 400; 

41\123_123792.jpg
266 400
70 16 217 301; 68 44 214 302; 68 44 211 301; 

41\123_123794.jpg
400 280
36 51 261 224; 118 66 264 215; 32 52 261 218; 

41\123_123807.jpg
400 266
5 35 231 248; 9 34 244 261; 11 37 162 239; 

41\123_123810.jpg
400 266
99 51 299 262; 96 51 298 239; 107 51 296 266; 

41\123_123812.jpg
266 400
21 145 254 370; 25 141 254 371; 24 141 253 375; 

41\123_123815.jpg
300 400
149 278 284 381; 148 283 281 381; 146 285 281 381; 

41\123_123831.jpg
400 300
50 121 351 198; 51 122 349 197; 51 123 351 198; 

41\123_123838.jpg
400 300
117 66 335 252; 146 53 336 236; 0 51 337 265; 

41\123_123845.jpg
266 400
42 34 141 345; 39 28 145 344; 40 28 142 353; 

41\123_123847.jpg
400 266
40 62 267 137; 42 65 265 139; 42 65 266 173; 

41\123_123850.jpg
400 266
10 39 292 191; 10 39 292 190; 9 38 291 231; 

41\123_123852.jpg
400 266
25 61 317 224; 24 60 389 216; 23 59 388 218; 

41\123_123856.jpg
400 266
34 6 276 257; 32 4 286 265; 31 3 286 266; 

41\123_123857.jpg
400 266
81 12 304 258; 149 9 302 128; 75 8 301 253; 

41\123_123861.jpg
309 399
59 100 271 324; 54 101 272 323; 57 100 271 323; 

41\123_123876.jpg
400 266
64 16 312 204; 66 9 158 124; 67 9 322 239; 

41\123_123877.jpg
400 266
118 25 328 262; 112 19 329 224; 111 19 328 266; 

41\123_123878.jpg
266 400
40 16 239 282; 41 16 238 268; 42 15 239 282; 

41\123_123881.jpg
400 266
139 40 368 229; 131 49 330 179; 126 48 329 181; 

41\123_123882.jpg
400 266
80 39 377 159; 13 38 391 172; 258 39 332 112; 

41\123_123883.jpg
400 266
145 12 371 256; 15 6 375 266; 144 9 374 223; 

41\123_123909.jpg
400 266
96 50 239 227; 96 53 224 226; 98 52 236 225; 

41\123_123911.jpg
266 400
38 96 218 300; 41 96 215 303; 41 98 214 186; 

41\123_123913.jpg
266 400
142 34 251 319; 139 33 250 321; 139 34 250 321; 

41\123_123931.jpg
400 299
4 74 296 270; 3 72 292 244; 0 72 293 274; 

41\123_123934.jpg
333 400
56 25 275 356; 61 14 255 300; 60 19 254 295; 

41\123_123937.jpg
400 300
65 22 279 284; 67 24 257 296; 66 24 278 300; 

41\123_123944.jpg
400 321
38 25 345 276; 34 20 355 291; 37 19 358 286; 

41\123_123953.jpg
295 400
50 68 204 392; 50 71 207 377; 49 71 211 400; 

41\123_123976.jpg
333 400
57 20 271 354; 59 41 255 301; 60 18 255 294; 

41\123_123977.jpg
400 275
23 108 358 253; 26 106 358 252; 26 108 359 253; 

41\123_123984.jpg
400 320
39 114 391 314; 24 117 388 314; 22 118 393 319; 

41\124_124012.jpg
399 365
84 63 272 262; 75 58 286 258; 88 58 283 259; 

41\124_124018.jpg
400 320
17 79 232 293; 14 77 234 303; 15 77 231 303; 

41\124_124034.jpg
266 400
98 24 199 375; 106 20 199 374; 100 19 196 375; 

41\124_124040.jpg
266 400
56 4 192 254; 55 65 186 259; 56 2 221 259; 

41\124_124042.jpg
400 300
29 96 240 282; 26 96 236 247; 26 96 236 281; 

41\124_124047.jpg
320 400
49 145 242 384; 50 147 243 383; 52 143 243 383; 

41\124_124056.jpg
326 400
55 94 300 291; 55 95 310 291; 55 97 311 292; 

41\124_124057.jpg
309 399
45 104 292 292; 46 103 294 292; 45 103 293 294; 

41\124_124086.jpg
388 400
18 60 351 307; 17 128 364 307; 18 51 356 331; 

41\124_124119.jpg
400 265
51 107 232 252; 51 111 251 248; 52 112 248 248; 

41\124_124123.jpg
282 400
47 104 199 313; 55 118 226 302; 20 28 258 301; 

41\124_124127.jpg
400 327
142 83 373 266; 141 84 373 267; 147 86 372 266; 

41\124_124131.jpg
268 400
38 144 206 317; 39 148 199 303; 40 123 199 302; 

41\124_124145.jpg
400 266
71 68 303 259; 72 65 300 252; 72 68 294 192; 

41\124_124154.jpg
400 266
103 19 277 226; 103 21 274 193; 103 21 272 191; 

41\124_124155.jpg
321 400
51 135 287 376; 50 155 287 376; 51 154 286 373; 

41\124_124184.jpg
400 330
113 121 366 233; 115 122 369 236; 117 124 364 232; 

41\124_124185.jpg
400 270
178 61 316 210; 179 62 318 201; 179 62 317 207; 

41\124_124187.jpg
400 299
72 129 308 267; 73 129 310 266; 72 129 310 266; 

41\124_124189.jpg
400 308
94 132 392 295; 92 128 390 282; 93 129 396 301; 

41\124_124205.jpg
400 300
99 6 337 282; 123 30 334 251; 108 2 359 288; 

41\124_124206.jpg
400 266
68 69 304 254; 72 68 301 252; 72 69 294 192; 

41\124_124225.jpg
400 266
7 103 311 266; 7 104 285 265; 6 103 304 266; 

41\124_124226.jpg
284 400
24 127 268 372; 24 129 138 371; 23 131 267 373; 

41\124_124229.jpg
400 266
140 1 386 261; 138 0 392 266; 132 1 397 266; 

41\124_124232.jpg
400 300
140 21 336 279; 138 22 334 276; 140 23 331 276; 

41\124_124237.jpg
400 260
68 49 322 209; 68 52 326 204; 66 52 328 208; 

41\124_124238.jpg
400 266
55 45 342 197; 53 43 326 180; 53 44 328 180; 

41\124_124253.jpg
388 400
104 23 277 273; 99 19 258 241; 100 23 258 241; 

41\124_124265.jpg
400 322
66 46 304 320; 65 44 307 321; 68 45 307 178; 

41\124_124272.jpg
343 399
8 28 221 382; 21 29 220 221; 23 29 218 220; 

41\124_124323.jpg
400 328
104 19 269 244; 108 22 268 243; 106 22 267 243; 

41\124_124375.jpg
345 400
47 29 335 241; 34 30 336 243; 36 29 335 242; 

41\124_124377.jpg
400 265
198 30 374 239; 198 30 371 242; 196 34 372 240; 

41\124_124385.jpg
400 266
0 72 391 199; 2 72 399 201; 1 73 399 201; 

41\124_124387.jpg
400 267
118 33 378 231; 72 94 370 228; 76 31 376 229; 

41\124_124391.jpg
320 400
86 168 272 350; 82 171 271 354; 82 171 320 399; 

41\124_124422.jpg
266 400
102 12 179 392; 104 11 170 223; 102 12 179 390; 

41\124_124426.jpg
266 400
89 93 199 359; 93 91 194 357; 81 94 206 358; 

41\124_124427.jpg
266 400
21 63 228 313; 22 84 228 311; 21 34 226 312; 

41\124_124439.jpg
400 266
36 59 344 213; 157 62 254 173; 158 64 254 178; 

41\124_124450.jpg
399 268
221 28 396 252; 221 29 399 245; 220 28 399 247; 

41\124_124460.jpg
400 266
40 91 358 256; 179 105 382 234; 43 105 381 258; 

41\124_124462.jpg
400 294
189 15 337 111; 187 16 338 110; 189 16 336 110; 

41\124_124475.jpg
400 328
85 94 275 314; 91 95 270 312; 90 97 270 314; 

41\124_124483.jpg
399 338
61 79 338 282; 59 79 335 281; 59 80 334 279; 

41\124_124485.jpg
400 338
156 44 390 332; 166 71 394 338; 166 1 394 338; 

41\124_124487.jpg
317 400
119 49 221 316; 124 53 219 313; 126 53 219 313; 

41\124_124488.jpg
400 253
52 61 338 176; 54 64 334 183; 53 63 335 182; 

41\124_124492.jpg
260 400
79 27 192 382; 79 26 190 400; 79 26 191 398; 

41\124_124506.jpg
400 400
65 29 325 393; 94 145 270 392; 63 0 319 392; 

41\124_124515.jpg
400 320
28 58 352 265; 27 57 347 268; 30 58 348 268; 

41\124_124537.jpg
400 265
51 106 179 205; 51 104 179 206; 52 105 178 208; 

41\124_124538.jpg
320 400
63 8 268 312; 67 79 224 311; 66 0 270 311; 

41\124_124543.jpg
320 400
40 30 194 294; 42 111 182 298; 42 31 222 299; 

41\124_124548.jpg
300 400
52 78 261 313; 61 116 232 328; 41 72 267 325; 

41\124_124570.jpg
320 400
45 122 225 290; 48 118 218 287; 48 62 251 287; 

41\124_124599.jpg
273 400
19 74 241 291; 19 96 232 286; 18 73 233 286; 

41\124_124600.jpg
400 261
14 33 195 258; 12 33 202 257; 15 34 202 255; 

41\124_124601.jpg
296 400
41 48 248 386; 46 52 251 268; 45 45 251 268; 

41\124_124603.jpg
266 400
35 105 251 399; 36 83 267 395; 35 85 266 399; 

41\124_124606.jpg
400 361
115 88 299 310; 109 130 297 304; 111 10 322 356; 

41\124_124638.jpg
400 295
51 32 258 277; 55 109 262 281; 39 22 258 279; 

41\124_124640.jpg
266 400
43 150 221 377; 34 151 220 376; 33 150 217 377; 

41\124_124643.jpg
285 400
38 70 243 342; 37 69 247 344; 34 69 249 343; 

41\124_124645.jpg
400 300
82 28 344 290; 74 33 343 262; 76 32 342 268; 

41\124_124665.jpg
350 400
47 38 243 372; 43 32 241 221; 43 32 238 389; 

41\124_124667.jpg
400 266
106 43 331 256; 102 46 339 263; 106 46 337 156; 

41\124_124669.jpg
400 266
138 9 362 262; 171 0 362 222; 171 2 361 221; 

41\124_124674.jpg
266 400
18 52 236 324; 42 52 240 323; 1 51 240 322; 

41\124_124679.jpg
400 300
17 12 236 297; 20 48 232 254; 19 8 234 248; 

41\124_124700.jpg
400 266
112 43 384 261; 152 65 373 241; 82 38 399 266; 

41\124_124701.jpg
400 271
29 37 278 258; 33 38 283 264; 25 39 283 256; 

41\124_124704.jpg
400 364
72 80 352 344; 62 100 355 352; 64 102 354 353; 

41\124_124707.jpg
355 400
49 25 277 388; 48 24 175 291; 47 23 174 291; 

41\124_124751.jpg
400 300
66 46 284 260; 55 30 301 263; 54 32 300 254; 

41\124_124758.jpg
400 266
83 103 271 247; 88 101 269 184; 90 102 268 180; 

41\124_124759.jpg
300 400
13 72 222 379; 14 75 216 338; 16 74 216 338; 

41\124_124760.jpg
400 303
62 32 278 234; 57 30 282 234; 61 36 276 232; 

41\124_124763.jpg
400 258
9 84 359 250; 73 81 303 221; 73 83 301 221; 

41\124_124765.jpg
400 338
63 114 184 239; 9 47 182 318; 72 120 182 234; 

41\124_124863.jpg
400 266
52 25 221 199; 56 34 218 198; 56 34 217 201; 

41\124_124876.jpg
400 277
70 42 202 263; 69 32 203 269; 69 43 203 268; 

41\124_124880.jpg
400 320
105 104 194 280; 105 109 194 282; 106 108 194 281; 

41\124_124881.jpg
400 267
77 57 366 209; 132 107 364 207; 131 106 364 196; 

41\124_124888.jpg
400 300
14 38 391 208; 105 42 230 194; 2 40 397 219; 

41\124_124892.jpg
300 400
33 38 218 371; 30 39 206 400; 31 39 266 400; 

41\124_124930.jpg
400 271
96 86 361 261; 94 76 374 252; 111 87 388 271; 

41\124_124943.jpg
400 344
10 21 207 335; 24 34 201 250; 1 9 201 246; 

41\124_124963.jpg
370 400
125 7 324 309; 128 1 321 244; 127 2 344 241; 

41\124_124968.jpg
400 266
170 48 322 216; 192 49 322 216; 191 1 322 217; 

41\124_124969.jpg
300 400
103 136 236 397; 103 136 234 399; 104 137 234 400; 

41\124_124970.jpg
400 266
37 48 293 258; 53 49 293 232; 54 62 232 234; 

41\124_124974.jpg
400 303
55 41 245 246; 58 74 250 256; 59 40 251 256; 

41\124_124997.jpg
270 400
16 91 198 343; 19 149 196 341; 6 88 200 341; 

41\125_125002.jpg
399 319
26 53 376 233; 30 101 372 233; 23 52 381 233; 

41\125_125012.jpg
400 248
51 92 288 219; 50 90 288 221; 51 91 288 218; 

41\125_125014.jpg
392 400
88 41 297 362; 92 132 288 316; 92 44 299 312; 

41\125_125041.jpg
400 266
130 123 304 255; 126 122 312 266; 129 123 309 266; 

41\125_125046.jpg
400 318
46 57 365 295; 38 54 370 296; 41 52 369 294; 

41\125_125064.jpg
400 296
27 49 209 264; 23 52 209 264; 26 52 203 261; 

41\125_125108.jpg
268 400
97 87 237 380; 94 85 238 399; 97 86 235 400; 

41\125_125110.jpg
400 160
16 11 147 132; 36 9 151 134; 1 9 151 134; 

41\125_125138.jpg
400 320
246 45 381 313; 246 43 386 320; 246 45 383 320; 

41\125_125153.jpg
400 300
72 76 318 231; 73 78 318 232; 72 78 315 231; 

41\125_125188.jpg
400 303
36 81 244 282; 35 77 240 227; 35 79 241 285; 

41\125_125207.jpg
400 300
43 80 338 231; 114 94 280 191; 45 84 336 253; 

41\125_125221.jpg
400 300
100 13 339 296; 126 66 326 272; 101 12 335 271; 

41\125_125225.jpg
400 266
89 27 305 214; 97 28 304 209; 95 26 302 208; 

41\125_125260.jpg
266 400
36 42 236 308; 38 37 216 284; 33 44 206 285; 

41\125_125261.jpg
266 400
48 37 221 318; 48 43 179 314; 47 32 251 317; 

41\125_125264.jpg
400 381
141 15 302 332; 129 18 297 365; 135 17 239 181; 

41\125_125269.jpg
400 377
40 51 253 348; 47 51 193 345; 47 52 267 347; 

41\125_125270.jpg
400 274
96 58 295 236; 108 78 302 268; 108 78 311 274; 

41\125_125274.jpg
400 325
17 44 321 299; 102 134 234 273; 19 48 324 296; 

41\125_125276.jpg
300 400
28 52 269 329; 28 53 276 332; 31 56 274 295; 

41\125_125298.jpg
277 400
54 78 234 291; 55 82 238 259; 55 79 238 395; 

41\125_125307.jpg
400 314
54 45 284 279; 56 45 285 268; 54 46 285 298; 

41\125_125310.jpg
303 400
23 173 276 345; 22 184 277 321; 23 34 275 320; 

41\125_125314.jpg
327 400
36 50 296 328; 23 39 241 216; 26 42 327 348; 

41\125_125333.jpg
300 400
27 2 181 377; 28 1 181 374; 25 1 179 374; 

41\125_125345.jpg
271 400
28 44 198 220; 29 43 197 219; 29 43 196 217; 

41\125_125358.jpg
400 266
181 72 336 219; 180 76 335 212; 181 76 334 227; 

41\125_125375.jpg
400 348
82 22 388 294; 82 146 237 292; 84 18 398 294; 

41\125_125392.jpg
400 265
105 70 215 210; 108 61 251 225; 86 58 248 221; 

41\125_125399.jpg
400 300
69 48 231 296; 67 47 234 229; 69 52 234 228; 

41\125_125400.jpg
400 300
70 57 232 294; 68 49 235 229; 69 54 232 229; 

41\125_125405.jpg
400 300
71 62 225 291; 63 46 237 229; 70 54 234 229; 

41\125_125406.jpg
400 300
111 21 328 272; 143 16 326 208; 112 19 322 266; 

41\125_125408.jpg
400 300
74 75 294 287; 72 69 378 223; 71 71 378 300; 

41\125_125417.jpg
400 266
19 64 242 258; 18 59 242 263; 19 55 244 259; 

41\125_125437.jpg
400 300
162 12 366 294; 159 4 365 281; 159 8 367 296; 

41\125_125455.jpg
333 400
85 48 258 310; 83 48 271 375; 85 48 270 378; 

41\125_125456.jpg
399 327
64 12 350 285; 159 9 357 258; 161 7 357 259; 

41\125_125457.jpg
266 400
58 11 201 346; 76 89 201 307; 58 0 217 306; 

41\125_125459.jpg
400 273
62 47 263 239; 76 60 260 226; 4 20 257 227; 

41\125_125460.jpg
400 376
40 168 357 323; 41 181 357 322; 42 3 215 268; 

41\125_125462.jpg
314 400
30 58 238 309; 82 59 244 314; 22 56 244 315; 

41\125_125463.jpg
285 400
101 91 250 269; 82 89 259 269; 81 91 256 269; 

41\125_125465.jpg
400 237
34 36 363 199; 51 35 372 199; 51 35 143 169; 

41\125_125469.jpg
400 395
34 28 292 283; 38 78 201 287; 25 1 358 310; 

41\125_125471.jpg
252 400
44 33 153 381; 42 32 152 379; 42 29 149 381; 

41\125_125473.jpg
286 400
72 21 214 384; 64 6 215 399; 61 8 218 399; 

41\125_125474.jpg
281 400
36 74 215 342; 49 44 259 351; 21 67 259 348; 

41\125_125476.jpg
400 400
76 44 349 343; 70 41 246 226; 68 42 362 376; 

41\125_125491.jpg
400 300
155 53 352 298; 155 53 350 271; 157 55 349 273; 

41\125_125493.jpg
266 400
8 97 182 309; 56 94 171 283; 2 94 173 308; 

41\125_125501.jpg
324 400
61 126 305 353; 57 126 303 355; 145 126 303 355; 

41\125_125504.jpg
400 266
126 48 385 252; 135 49 398 191; 135 48 399 191; 

41\125_125505.jpg
400 266
130 42 379 252; 138 49 399 191; 137 49 398 191; 

41\125_125506.jpg
400 287
18 26 248 265; 69 23 256 186; 71 25 253 201; 

41\125_125507.jpg
300 400
9 95 260 371; 89 94 262 155; 89 94 261 206; 

41\125_125509.jpg
399 267
28 98 205 178; 18 101 207 174; 21 99 204 183; 

41\125_125510.jpg
300 400
6 140 289 394; 29 139 248 400; 29 141 249 400; 

41\125_125511.jpg
400 257
87 21 366 242; 86 51 223 226; 88 21 227 225; 

41\125_125512.jpg
400 254
228 69 370 248; 227 71 367 255; 229 71 365 255; 

41\125_125513.jpg
400 254
229 72 368 250; 231 68 365 255; 231 74 367 255; 

41\125_125514.jpg
400 259
73 41 295 234; 113 39 307 233; 162 40 266 142; 

41\125_125515.jpg
400 261
55 38 268 227; 37 41 272 227; 118 41 206 132; 

41\125_125516.jpg
399 267
32 95 206 192; 28 98 204 169; 24 99 203 185; 

41\125_125517.jpg
400 266
33 9 291 249; 48 11 265 197; 48 10 265 216; 

41\125_125518.jpg
267 399
11 97 166 280; 13 95 161 282; 12 92 160 278; 

41\125_125524.jpg
400 300
156 51 353 286; 155 54 351 272; 157 55 350 271; 

41\125_125528.jpg
244 400
80 30 154 399; 81 29 154 400; 81 28 156 400; 

41\125_125540.jpg
400 285
61 18 324 261; 184 27 326 252; 21 18 326 250; 

41\125_125564.jpg
400 314
82 66 198 244; 79 69 198 242; 78 70 198 241; 

41\125_125565.jpg
320 400
79 150 238 365; 68 71 296 388; 69 68 296 388; 

41\125_125578.jpg
400 300
89 102 317 197; 88 78 310 195; 88 102 312 196; 

41\125_125582.jpg
266 400
58 34 239 259; 84 77 228 236; 42 28 230 236; 

41\125_125632.jpg
319 400
108 9 278 376; 108 8 260 202; 106 8 284 397; 

41\125_125637.jpg
320 400
103 18 279 376; 123 51 262 241; 84 3 301 244; 

41\125_125648.jpg
400 271
43 71 236 262; 39 72 233 260; 41 73 229 258; 

41\125_125649.jpg
368 400
156 6 355 209; 156 7 357 211; 154 6 356 209; 

41\125_125651.jpg
400 269
9 45 294 263; 1 44 210 266; 4 44 219 266; 

41\125_125652.jpg
400 298
50 27 281 295; 60 18 232 278; 64 17 255 277; 

41\125_125681.jpg
266 400
66 77 201 353; 56 54 211 347; 61 55 203 351; 

41\125_125685.jpg
386 400
73 69 339 352; 74 69 339 353; 74 70 338 352; 

41\125_125696.jpg
399 266
26 49 311 170; 1 50 390 150; 4 51 388 167; 

41\125_125703.jpg
400 330
195 4 398 316; 197 4 400 314; 198 5 398 316; 

41\125_125749.jpg
400 266
109 4 384 209; 158 29 396 202; 116 2 396 202; 

41\125_125751.jpg
289 400
25 10 262 222; 94 111 228 218; 19 1 279 216; 

41\125_125757.jpg
400 301
61 72 326 266; 74 112 336 264; 78 113 328 227; 

41\125_125759.jpg
400 300
2 64 265 286; 75 61 266 284; 76 62 265 281; 

41\125_125765.jpg
400 288
12 8 261 268; 10 17 250 244; 9 9 259 262; 

41\125_125779.jpg
320 400
44 34 279 346; 61 118 253 289; 45 29 276 344; 

41\125_125780.jpg
300 400
90 9 260 391; 84 9 261 391; 87 10 261 400; 

41\125_125784.jpg
320 400
70 25 239 296; 85 58 258 246; 51 9 303 244; 

41\125_125786.jpg
400 267
152 79 310 263; 205 84 308 231; 206 84 307 232; 

41\125_125791.jpg
400 321
8 21 206 313; 9 24 211 312; 9 22 209 317; 

41\125_125796.jpg
400 300
186 49 392 291; 188 49 398 300; 189 50 399 300; 

41\125_125815.jpg
400 266
136 72 315 228; 150 69 322 229; 151 73 324 230; 

41\125_125826.jpg
400 266
128 6 380 259; 202 56 377 211; 159 1 375 212; 

41\125_125848.jpg
400 283
68 86 259 276; 148 95 260 198; 148 82 250 198; 

41\125_125850.jpg
400 266
112 7 345 260; 116 12 368 244; 116 2 365 246; 

41\125_125852.jpg
400 266
74 101 232 179; 77 101 235 192; 79 102 231 193; 

41\125_125858.jpg
268 400
16 9 262 189; 9 6 263 174; 12 8 263 197; 

41\125_125870.jpg
400 300
5 158 203 284; 4 159 177 274; 2 161 172 273; 

41\125_125873.jpg
320 400
47 15 277 274; 109 35 196 202; 108 10 289 201; 

41\125_125878.jpg
400 300
29 16 298 258; 28 15 236 256; 29 14 234 251; 

41\125_125888.jpg
400 266
76 29 248 261; 75 28 247 266; 78 28 246 266; 

41\125_125893.jpg
400 300
104 62 389 249; 96 64 400 166; 100 65 379 217; 

41\125_125898.jpg
400 284
9 4 219 276; 4 0 215 218; 1 1 215 220; 

41\125_125921.jpg
300 400
121 38 250 250; 120 29 252 251; 124 31 249 251; 

41\125_125923.jpg
399 286
11 33 280 238; 2 35 279 238; 2 34 279 237; 

41\125_125925.jpg
400 242
222 72 392 241; 218 77 400 242; 219 74 399 242; 

41\125_125926.jpg
248 400
125 189 245 394; 129 191 247 398; 129 192 246 398; 

41\125_125929.jpg
400 300
57 91 325 209; 55 94 324 211; 56 94 324 212; 

41\125_125930.jpg
400 288
148 59 355 196; 141 55 386 219; 141 54 385 219; 

41\125_125931.jpg
300 400
90 27 252 368; 92 22 251 374; 91 23 251 374; 

41\125_125932.jpg
309 400
13 126 257 372; 14 126 249 294; 17 126 294 372; 

41\125_125937.jpg
400 284
139 92 382 261; 139 89 389 262; 139 87 399 284; 

41\125_125946.jpg
400 270
248 22 370 259; 247 18 377 270; 248 19 373 269; 

41\125_125947.jpg
400 266
69 44 292 194; 44 39 291 195; 65 42 347 236; 

41\125_125955.jpg
400 250
22 12 304 206; 105 11 312 202; 6 8 312 206; 

41\125_125956.jpg
400 266
93 24 316 156; 89 25 319 158; 90 26 319 156; 

41\125_125958.jpg
400 300
233 24 308 222; 222 12 313 216; 238 22 291 214; 

41\125_125964.jpg
400 284
17 69 279 274; 11 73 275 284; 10 73 274 284; 

41\125_125965.jpg
400 266
147 89 316 259; 126 97 315 258; 125 3 316 258; 

41\125_125980.jpg
400 300
44 64 256 176; 44 64 258 173; 45 64 259 171; 

41\125_125999.jpg
398 400
94 34 315 374; 97 33 262 233; 95 32 324 373; 

