400

42\126_126005.jpg
400 300
68 66 306 210; 68 68 310 204; 69 68 309 204; 

42\126_126023.jpg
400 252
59 14 228 250; 58 14 229 252; 59 16 228 252; 

42\126_126025.jpg
400 300
12 49 330 239; 21 51 331 241; 16 51 331 242; 

42\126_126029.jpg
281 400
111 119 226 388; 96 118 223 382; 94 119 222 384; 

42\126_126037.jpg
400 268
22 121 356 229; 22 124 351 227; 23 124 351 224; 

42\126_126040.jpg
266 400
21 48 243 251; 108 164 257 256; 14 45 241 251; 

42\126_126046.jpg
266 400
93 48 166 371; 106 48 158 370; 108 48 158 369; 

42\126_126053.jpg
400 321
50 75 252 232; 51 79 249 227; 51 79 251 228; 

42\126_126054.jpg
400 300
94 30 332 279; 89 30 330 277; 92 29 328 276; 

42\126_126060.jpg
400 265
104 29 287 260; 103 30 286 265; 104 29 287 264; 

42\126_126072.jpg
266 400
8 7 228 237; 11 2 235 241; 1 1 234 239; 

42\126_126074.jpg
266 400
27 5 241 201; 34 1 229 198; 33 0 227 198; 

42\126_126077.jpg
266 400
22 0 259 206; 29 44 259 208; 20 3 255 205; 

42\126_126079.jpg
400 266
127 6 394 211; 133 5 371 215; 133 0 397 211; 

42\126_126080.jpg
400 266
18 10 225 229; 75 63 223 225; 0 33 221 224; 

42\126_126124.jpg
266 400
58 134 191 359; 42 131 184 342; 42 132 183 362; 

42\126_126146.jpg
400 286
44 31 326 209; 46 34 317 186; 44 34 312 186; 

42\126_126155.jpg
400 238
93 52 233 208; 98 52 232 212; 98 53 231 212; 

42\126_126158.jpg
400 245
84 26 313 214; 84 26 314 215; 87 26 314 214; 

42\126_126166.jpg
400 301
41 31 315 286; 190 49 322 238; 43 33 360 241; 

42\126_126176.jpg
400 400
116 88 252 322; 118 157 252 322; 119 78 251 324; 

42\126_126190.jpg
400 305
34 112 221 218; 24 111 248 216; 26 113 248 216; 

42\126_126202.jpg
400 299
134 31 386 291; 131 31 242 225; 131 30 399 298; 

42\126_126224.jpg
400 318
29 16 250 282; 149 108 249 235; 34 16 256 234; 

42\126_126228.jpg
400 300
78 72 259 264; 72 81 287 263; 68 72 288 272; 

42\126_126250.jpg
400 199
102 36 283 187; 102 36 282 184; 101 38 284 187; 

42\126_126260.jpg
320 400
46 41 284 352; 49 42 301 364; 49 44 298 362; 

42\126_126267.jpg
400 270
22 74 356 257; 17 73 359 260; 21 76 357 259; 

42\126_126268.jpg
400 266
14 64 375 221; 16 69 381 201; 17 68 387 202; 

42\126_126271.jpg
399 299
211 60 379 232; 212 60 378 222; 212 59 377 222; 

42\126_126284.jpg
400 265
63 80 343 203; 84 96 340 195; 29 79 339 196; 

42\126_126285.jpg
400 300
140 32 366 225; 141 29 382 241; 142 29 376 232; 

42\126_126286.jpg
400 318
119 112 269 216; 124 116 264 209; 124 115 264 209; 

42\126_126297.jpg
400 273
59 62 196 263; 64 62 198 266; 64 62 198 267; 

42\126_126314.jpg
400 328
222 36 314 274; 226 32 310 268; 226 32 309 272; 

42\126_126326.jpg
300 400
74 61 251 288; 74 64 246 276; 75 67 238 276; 

42\126_126328.jpg
319 400
49 0 279 302; 53 7 276 300; 52 3 274 302; 

42\126_126340.jpg
399 265
187 23 345 259; 187 21 351 265; 186 21 348 265; 

42\126_126343.jpg
400 300
26 57 300 300; 22 58 302 174; 22 58 301 300; 

42\126_126349.jpg
400 300
44 38 370 246; 46 36 294 241; 44 38 365 241; 

42\126_126352.jpg
286 400
73 5 220 395; 75 7 210 371; 73 9 216 393; 

42\126_126359.jpg
400 267
242 14 337 251; 246 18 335 248; 248 19 335 253; 

42\126_126373.jpg
400 292
20 19 267 251; 21 23 269 251; 22 22 268 249; 

42\126_126391.jpg
400 300
56 33 254 271; 49 19 224 244; 49 21 223 242; 

42\126_126412.jpg
400 300
76 55 279 261; 100 81 256 237; 100 83 255 225; 

42\126_126422.jpg
400 266
42 15 152 122; 46 9 238 116; 44 8 238 119; 

42\126_126424.jpg
400 300
66 38 350 232; 52 39 314 240; 56 6 362 256; 

42\126_126427.jpg
243 399
64 33 174 394; 70 31 178 390; 71 30 177 390; 

42\126_126429.jpg
400 266
77 18 327 258; 150 6 362 258; 57 8 363 266; 

42\126_126434.jpg
400 267
16 18 361 196; 6 18 398 199; 2 17 400 202; 

42\126_126447.jpg
258 400
91 169 236 381; 94 168 239 379; 94 169 239 381; 

42\126_126450.jpg
400 312
11 64 261 294; 37 67 264 272; 12 67 264 298; 

42\126_126453.jpg
278 400
32 34 159 397; 21 190 129 399; 58 31 162 122; 

42\126_126454.jpg
400 266
118 15 328 262; 134 9 321 242; 116 9 320 266; 

42\126_126462.jpg
400 353
59 61 327 339; 121 61 280 154; 59 61 336 354; 

42\126_126467.jpg
288 399
28 27 263 240; 28 26 267 237; 30 26 265 238; 

42\126_126469.jpg
400 284
25 117 190 211; 23 115 193 206; 25 115 193 202; 

42\126_126474.jpg
400 302
17 17 261 297; 115 10 259 197; 116 9 259 163; 

42\126_126528.jpg
400 321
139 86 356 301; 146 93 362 299; 150 95 359 286; 

42\126_126532.jpg
400 321
70 28 330 298; 71 28 331 299; 72 27 329 299; 

42\126_126576.jpg
399 266
144 58 286 254; 144 53 237 267; 145 55 294 267; 

42\126_126582.jpg
399 351
176 162 388 339; 177 158 399 320; 175 160 394 346; 

42\126_126591.jpg
400 300
17 24 272 232; 18 26 273 230; 8 26 275 298; 

42\126_126601.jpg
400 373
114 158 246 366; 132 151 258 340; 126 156 248 372; 

42\126_126604.jpg
299 400
33 50 214 221; 103 81 188 208; 36 48 219 225; 

42\126_126609.jpg
400 307
49 105 181 262; 52 105 180 268; 52 105 179 239; 

42\126_126610.jpg
400 310
51 28 257 290; 54 79 182 290; 57 31 181 294; 

42\126_126623.jpg
395 400
130 35 337 371; 173 29 314 314; 169 31 314 313; 

42\126_126627.jpg
400 266
146 41 350 245; 147 40 350 267; 146 41 349 266; 

42\126_126629.jpg
258 168
53 45 191 127; 11 8 248 146; 48 58 213 138; 

42\126_126633.jpg
253 400
45 194 234 384; 42 211 238 387; 46 212 236 388; 

42\126_126636.jpg
361 400
94 56 345 359; 89 52 346 310; 64 52 346 372; 

42\126_126638.jpg
400 309
42 21 335 222; 30 20 342 227; 33 18 340 226; 

42\126_126650.jpg
400 300
89 34 371 274; 94 32 378 279; 95 32 378 279; 

42\126_126652.jpg
400 300
52 87 349 262; 9 86 396 260; 9 81 393 262; 

42\126_126654.jpg
400 257
6 6 221 228; 2 3 228 217; 1 1 225 216; 

42\126_126668.jpg
308 400
57 26 240 379; 58 68 250 271; 56 22 251 379; 

42\126_126669.jpg
332 400
14 172 220 398; 16 170 227 400; 16 170 226 400; 

42\126_126671.jpg
400 267
18 86 366 258; 70 121 398 262; 1 78 398 262; 

42\126_126672.jpg
400 378
146 37 382 319; 166 91 352 277; 147 36 382 319; 

42\126_126673.jpg
400 326
24 117 242 318; 18 119 231 298; 22 122 238 316; 

42\126_126674.jpg
300 400
108 49 193 352; 109 51 206 355; 111 52 206 356; 

42\126_126678.jpg
400 300
19 5 297 187; 98 61 295 180; 25 1 295 180; 

42\126_126682.jpg
400 159
11 11 245 149; 7 11 246 157; 6 11 247 159; 

42\126_126683.jpg
400 280
22 123 231 230; 16 129 239 225; 10 1 243 278; 

42\126_126694.jpg
400 300
133 11 314 262; 134 6 329 220; 135 6 329 221; 

42\126_126711.jpg
346 400
165 4 332 393; 165 58 328 394; 165 0 327 396; 

42\126_126714.jpg
400 300
52 46 386 242; 52 48 388 241; 53 49 388 238; 

42\126_126719.jpg
328 400
49 109 226 318; 50 129 224 308; 32 109 226 332; 

42\126_126735.jpg
400 300
30 27 274 221; 139 24 274 295; 6 26 274 296; 

42\126_126739.jpg
400 300
78 99 271 231; 49 95 266 226; 42 94 263 226; 

42\126_126743.jpg
284 400
40 9 278 263; 38 12 262 223; 39 12 262 289; 

42\126_126746.jpg
266 400
31 184 256 390; 42 188 258 387; 42 188 258 388; 

42\126_126747.jpg
400 300
182 83 341 228; 180 84 336 222; 179 86 335 222; 

42\126_126753.jpg
400 288
68 44 329 241; 95 108 330 219; 67 57 335 249; 

42\126_126755.jpg
400 355
155 72 382 306; 152 58 393 312; 148 57 394 314; 

42\126_126757.jpg
400 300
29 31 182 294; 37 29 173 298; 37 29 175 299; 

42\126_126762.jpg
400 352
96 26 235 329; 99 28 224 340; 96 24 225 334; 

42\126_126766.jpg
400 319
113 18 368 285; 112 16 373 283; 110 14 375 286; 

42\126_126768.jpg
206 400
58 126 158 363; 49 115 158 364; 58 126 154 358; 

42\126_126769.jpg
294 400
38 102 262 378; 38 101 261 214; 39 101 261 379; 

42\126_126773.jpg
400 300
29 12 310 262; 94 132 242 262; 23 1 353 265; 

42\126_126776.jpg
400 320
32 71 378 247; 29 110 377 245; 30 111 376 246; 

42\126_126777.jpg
369 400
71 66 296 293; 72 64 293 296; 70 64 294 294; 

42\126_126778.jpg
266 400
74 62 237 273; 82 61 171 221; 83 61 244 242; 

42\126_126780.jpg
400 266
77 16 300 256; 109 60 266 234; 84 2 301 233; 

42\126_126781.jpg
400 301
136 8 362 291; 137 2 372 191; 137 13 347 229; 

42\126_126782.jpg
266 400
72 17 233 341; 88 5 220 226; 108 9 199 106; 

42\126_126784.jpg
240 400
78 19 208 392; 83 17 238 265; 85 18 231 392; 

42\126_126785.jpg
400 266
90 51 267 187; 92 53 268 184; 92 54 266 183; 

42\126_126786.jpg
266 400
48 21 237 334; 42 8 213 292; 49 17 164 141; 

42\126_126788.jpg
400 300
144 77 252 245; 147 80 256 245; 147 79 256 246; 

42\126_126800.jpg
400 276
28 80 158 228; 28 82 152 227; 26 83 154 229; 

42\126_126802.jpg
400 300
6 51 212 249; 1 54 211 246; 1 54 198 245; 

42\126_126806.jpg
400 349
123 72 281 309; 124 77 280 307; 122 77 279 305; 

42\126_126807.jpg
399 265
134 75 384 259; 131 71 392 251; 132 72 392 254; 

42\126_126811.jpg
272 400
18 98 238 386; 9 92 205 268; 8 91 248 398; 

42\126_126815.jpg
399 230
13 9 280 149; 75 38 160 150; 1 2 286 149; 

42\126_126818.jpg
400 295
112 17 305 281; 146 101 293 229; 94 22 315 295; 

42\126_126829.jpg
297 400
38 67 256 371; 36 64 260 372; 36 67 258 374; 

42\126_126832.jpg
400 286
64 120 380 234; 58 122 397 231; 56 105 397 268; 

42\126_126834.jpg
400 300
143 51 253 248; 143 51 255 248; 142 51 254 248; 

42\126_126845.jpg
400 300
18 64 312 248; 18 64 179 247; 18 65 313 249; 

42\126_126856.jpg
399 274
72 17 339 216; 153 19 333 205; 71 19 330 210; 

42\126_126860.jpg
300 400
22 74 285 312; 41 74 257 271; 15 103 279 354; 

42\126_126865.jpg
400 265
92 22 314 246; 93 22 314 246; 91 23 312 245; 

42\126_126868.jpg
400 297
26 6 312 247; 43 6 308 242; 31 8 313 248; 

42\126_126874.jpg
400 256
93 45 347 170; 102 58 345 136; 101 60 346 136; 

42\126_126875.jpg
400 272
18 61 327 264; 0 61 324 272; 0 62 323 272; 

42\126_126879.jpg
400 300
5 9 234 278; 6 1 230 152; 0 1 232 279; 

42\126_126881.jpg
400 278
49 40 245 237; 51 35 248 238; 36 80 212 246; 

42\126_126887.jpg
400 250
42 51 200 215; 39 49 201 221; 43 49 201 217; 

42\126_126888.jpg
285 400
26 49 201 186; 29 48 201 186; 28 48 201 175; 

42\126_126893.jpg
286 400
87 47 269 207; 89 47 268 204; 89 47 267 206; 

42\126_126917.jpg
400 331
12 18 158 249; 15 15 149 248; 15 17 159 244; 

42\126_126919.jpg
399 266
107 18 343 254; 110 20 310 220; 110 20 340 257; 

42\126_126923.jpg
305 400
29 8 293 279; 87 149 241 281; 31 5 295 279; 

42\126_126929.jpg
400 267
71 8 272 264; 69 88 271 231; 69 6 272 233; 

42\126_126930.jpg
400 300
14 136 302 290; 46 154 199 293; 48 154 199 294; 

42\126_126942.jpg
400 300
107 5 289 265; 110 11 287 262; 112 0 287 262; 

42\126_126943.jpg
400 300
91 1 289 289; 104 14 272 261; 89 1 287 288; 

42\126_126956.jpg
400 300
12 92 261 263; 1 99 259 258; 1 98 258 259; 

42\126_126957.jpg
334 400
109 1 284 344; 105 1 229 345; 106 0 284 344; 

42\126_126966.jpg
400 266
15 54 291 229; 6 54 166 233; 9 56 289 232; 

42\126_126969.jpg
266 400
55 86 216 346; 49 87 216 347; 52 88 216 343; 

42\126_126999.jpg
400 361
141 13 349 338; 151 91 336 298; 148 9 349 310; 

42\127_127026.jpg
399 266
93 22 315 242; 91 22 318 245; 92 22 320 242; 

42\127_127066.jpg
266 400
82 8 238 248; 84 76 226 238; 84 10 236 239; 

42\127_127080.jpg
399 338
59 81 334 281; 61 82 334 280; 59 80 335 281; 

42\127_127082.jpg
400 265
62 15 250 258; 67 34 249 231; 64 10 249 232; 

42\127_127087.jpg
300 400
72 78 225 311; 84 84 221 266; 66 75 221 312; 

42\127_127112.jpg
400 266
52 27 299 219; 149 26 299 220; 26 27 296 230; 

42\127_127117.jpg
266 400
96 63 258 389; 96 64 266 398; 96 66 266 400; 

42\127_127120.jpg
400 266
55 24 244 193; 111 23 240 160; 56 24 240 192; 

42\127_127129.jpg
400 325
56 58 284 225; 56 58 279 225; 58 58 297 257; 

42\127_127173.jpg
313 400
38 98 269 396; 66 99 188 251; 36 99 285 398; 

42\127_127178.jpg
275 400
64 70 228 367; 63 68 232 371; 65 70 230 369; 

42\127_127179.jpg
275 400
7 29 171 373; 7 25 171 373; 0 26 170 373; 

42\127_127196.jpg
400 301
64 169 198 261; 68 172 304 259; 66 173 195 260; 

42\127_127253.jpg
400 266
156 5 397 171; 170 0 400 171; 171 1 399 146; 

42\127_127319.jpg
356 400
146 28 339 349; 141 29 343 285; 138 31 339 286; 

42\127_127345.jpg
266 400
90 113 208 209; 92 117 201 206; 76 104 236 249; 

42\127_127346.jpg
320 400
47 72 281 395; 49 74 171 266; 48 74 281 400; 

42\127_127351.jpg
400 266
150 2 381 255; 153 37 305 203; 150 1 380 253; 

42\127_127353.jpg
400 300
29 135 368 277; 31 133 369 272; 31 134 367 273; 

42\127_127354.jpg
400 300
31 127 369 270; 31 128 369 270; 31 110 368 272; 

42\127_127358.jpg
400 147
14 27 298 122; 12 25 298 124; 12 24 294 127; 

42\127_127369.jpg
300 400
46 45 234 302; 44 44 210 301; 45 45 209 298; 

42\127_127385.jpg
266 400
71 48 209 345; 68 45 209 318; 68 45 206 400; 

42\127_127386.jpg
400 266
104 42 292 229; 106 41 291 228; 112 40 292 228; 

42\127_127387.jpg
400 266
174 119 369 219; 177 119 369 213; 175 119 367 214; 

42\127_127390.jpg
266 400
77 35 184 201; 77 35 182 201; 76 35 182 299; 

42\127_127392.jpg
400 266
72 61 291 165; 58 59 286 164; 59 59 296 209; 

42\127_127393.jpg
300 400
48 34 259 361; 52 36 228 248; 51 34 258 360; 

42\127_127394.jpg
266 400
34 133 192 360; 34 131 192 361; 36 132 192 361; 

42\127_127395.jpg
400 266
61 21 290 262; 138 10 288 266; 138 26 289 266; 

42\127_127400.jpg
400 266
74 38 310 258; 94 36 299 230; 94 39 299 230; 

42\127_127435.jpg
400 300
17 95 381 227; 16 95 380 222; 17 94 379 228; 

42\127_127445.jpg
400 253
16 44 319 174; 0 41 319 173; 0 42 318 172; 

42\127_127446.jpg
400 270
76 36 381 221; 72 96 399 215; 73 35 398 216; 

42\127_127468.jpg
400 208
170 41 317 201; 174 42 312 206; 174 42 312 208; 

42\127_127504.jpg
400 300
71 3 271 234; 69 39 213 231; 68 1 281 231; 

42\127_127506.jpg
300 400
88 158 286 342; 92 157 255 341; 91 161 256 341; 

42\127_127513.jpg
400 300
19 91 358 225; 43 89 358 192; 2 90 399 220; 

42\127_127517.jpg
399 319
145 97 352 248; 145 95 352 247; 146 95 352 247; 

42\127_127521.jpg
400 340
4 36 339 241; 73 36 230 236; 4 37 358 235; 

42\127_127569.jpg
400 386
82 81 291 359; 78 79 291 358; 76 114 289 360; 

42\127_127572.jpg
320 400
11 112 298 295; 2 35 301 279; 1 28 317 279; 

42\127_127576.jpg
400 320
7 27 232 285; 12 27 223 294; 9 26 221 291; 

42\127_127592.jpg
400 290
14 14 222 176; 16 17 225 175; 20 17 226 176; 

42\127_127595.jpg
400 266
79 52 338 261; 106 44 331 193; 104 47 334 194; 

42\127_127596.jpg
266 400
44 48 183 387; 48 52 177 356; 47 31 176 354; 

42\127_127620.jpg
322 400
97 131 301 344; 101 136 301 349; 99 135 300 346; 

42\127_127625.jpg
307 399
50 29 231 348; 51 29 230 351; 52 30 233 354; 

42\127_127632.jpg
400 320
12 78 292 273; 33 75 286 268; 37 76 294 270; 

42\127_127646.jpg
400 359
40 136 183 300; 43 137 174 294; 43 139 181 359; 

42\127_127656.jpg
399 273
16 137 386 264; 17 138 385 262; 18 138 383 264; 

42\127_127660.jpg
400 300
42 104 354 273; 37 126 304 274; 8 67 352 278; 

42\127_127662.jpg
361 400
98 31 306 374; 99 144 264 372; 96 38 279 375; 

42\127_127671.jpg
298 399
70 64 220 350; 68 65 218 351; 70 64 218 350; 

42\127_127677.jpg
266 400
109 56 189 369; 109 55 177 366; 108 56 192 368; 

42\127_127680.jpg
281 400
67 65 217 315; 67 61 226 322; 69 64 229 323; 

42\127_127697.jpg
393 400
60 1 298 269; 69 4 301 232; 52 2 299 292; 

42\127_127716.jpg
320 400
72 11 262 327; 72 14 259 348; 72 11 261 326; 

42\127_127732.jpg
400 266
73 16 241 209; 70 14 242 209; 75 14 241 209; 

42\127_127744.jpg
344 400
18 231 253 392; 14 228 255 370; 0 231 257 391; 

42\127_127749.jpg
400 292
71 89 243 286; 72 84 245 292; 72 88 241 292; 

42\127_127751.jpg
266 400
43 44 200 342; 44 46 199 317; 46 51 197 342; 

42\127_127769.jpg
400 337
60 58 378 280; 64 58 381 279; 62 56 379 284; 

42\127_127785.jpg
400 326
156 36 360 216; 159 39 354 216; 160 38 356 214; 

42\127_127786.jpg
300 400
23 40 227 391; 33 41 294 288; 25 42 224 398; 

42\127_127788.jpg
266 400
79 29 217 371; 79 32 214 367; 81 31 211 366; 

42\127_127795.jpg
400 300
87 28 354 288; 78 26 355 198; 82 29 357 194; 

42\127_127797.jpg
369 400
112 77 251 391; 149 79 252 396; 153 78 251 392; 

42\127_127811.jpg
400 300
8 131 199 288; 16 102 266 282; 12 31 379 281; 

42\127_127815.jpg
268 400
9 144 213 275; 6 141 217 277; 4 128 246 291; 

42\127_127824.jpg
400 303
16 51 240 292; 34 53 241 269; 34 52 241 272; 

42\127_127835.jpg
400 213
12 39 201 188; 32 39 202 176; 34 41 201 174; 

42\127_127851.jpg
400 268
76 33 339 205; 77 33 340 206; 78 36 338 203; 

42\127_127854.jpg
313 399
6 108 187 288; 4 107 184 286; 5 108 179 286; 

42\127_127855.jpg
400 266
84 22 371 208; 76 15 388 209; 87 17 386 208; 

42\127_127870.jpg
400 268
51 66 306 265; 66 64 316 268; 66 63 313 266; 

42\127_127885.jpg
400 266
201 17 346 262; 202 18 354 266; 201 19 354 266; 

42\127_127890.jpg
400 350
32 62 355 296; 57 63 361 277; 32 61 359 347; 

42\127_127894.jpg
400 297
103 91 309 268; 94 92 309 266; 94 91 309 266; 

42\127_127899.jpg
400 374
168 106 378 268; 179 112 372 259; 174 107 378 263; 

42\127_127910.jpg
400 396
59 41 341 272; 59 42 339 295; 59 42 338 263; 

42\127_127915.jpg
330 400
38 166 284 352; 46 166 286 348; 46 164 284 346; 

42\127_127925.jpg
400 258
93 11 368 232; 94 12 284 228; 95 11 373 233; 

42\127_127939.jpg
266 400
136 44 229 205; 137 42 231 261; 139 43 232 262; 

42\127_127942.jpg
268 400
23 33 245 189; 51 31 246 178; 28 36 244 298; 

42\127_127958.jpg
300 400
74 115 264 343; 72 114 267 348; 76 115 263 343; 

42\127_127972.jpg
400 266
52 62 249 221; 48 59 245 223; 50 59 294 221; 

42\127_127975.jpg
400 266
58 76 289 210; 96 77 288 212; 59 78 287 211; 

42\127_127977.jpg
400 300
21 28 282 294; 7 15 303 298; 13 16 307 300; 

42\127_127979.jpg
400 300
211 64 379 269; 208 58 385 267; 209 59 385 261; 

42\127_127993.jpg
266 400
17 49 209 331; 18 48 211 332; 15 51 264 328; 

42\127_127994.jpg
399 308
10 31 235 297; 7 31 235 263; 4 33 233 261; 

42\127_127996.jpg
400 266
129 78 388 261; 134 86 398 266; 39 31 400 266; 

42\127_127997.jpg
400 400
139 7 267 392; 139 9 264 235; 139 9 263 400; 

42\127_127999.jpg
399 308
156 53 390 296; 164 36 394 290; 162 46 393 290; 

42\128_128000.jpg
400 266
51 64 337 246; 51 66 336 242; 51 66 336 242; 

42\128_128001.jpg
400 309
104 49 336 235; 111 64 342 215; 112 42 359 232; 

42\128_128005.jpg
400 300
81 4 246 289; 81 7 244 289; 79 6 248 292; 

42\128_128028.jpg
400 300
125 34 376 278; 128 37 380 281; 129 36 378 281; 

42\128_128030.jpg
400 266
37 62 345 199; 14 60 369 192; 13 62 359 197; 

42\128_128032.jpg
400 170
231 32 370 120; 230 32 370 109; 232 34 368 111; 

42\128_128052.jpg
295 400
18 60 244 353; 10 59 247 349; 8 60 248 350; 

42\128_128054.jpg
254 400
44 66 246 337; 51 66 213 324; 45 66 212 334; 

42\128_128055.jpg
268 400
62 53 219 381; 71 23 207 372; 66 26 206 371; 

42\128_128062.jpg
268 400
76 77 199 247; 76 83 221 269; 78 79 197 243; 

42\128_128066.jpg
400 268
7 35 287 246; 144 35 250 146; 146 36 248 148; 

42\128_128076.jpg
400 300
38 79 199 224; 37 80 200 222; 38 81 201 222; 

42\128_128083.jpg
265 400
7 86 206 391; 9 84 202 399; 7 84 202 399; 

42\128_128107.jpg
400 186
64 61 325 167; 58 60 329 168; 54 62 328 168; 

42\128_128117.jpg
279 400
87 15 257 347; 87 14 279 354; 86 16 278 347; 

42\128_128137.jpg
400 266
131 24 358 261; 132 22 400 266; 148 22 301 201; 

42\128_128139.jpg
400 266
80 13 325 262; 76 14 370 266; 117 15 269 189; 

42\128_128140.jpg
400 266
48 11 319 242; 35 2 309 266; 119 2 309 239; 

42\128_128152.jpg
400 314
87 26 337 257; 85 26 339 273; 86 26 338 269; 

42\128_128164.jpg
400 320
181 31 383 289; 220 86 384 291; 222 91 384 289; 

42\128_128165.jpg
400 320
92 28 349 279; 91 28 351 278; 90 28 350 246; 

42\128_128167.jpg
319 399
156 108 307 371; 166 76 304 380; 163 79 312 377; 

42\128_128173.jpg
400 266
148 130 248 262; 151 127 249 264; 151 128 247 266; 

42\128_128174.jpg
193 400
12 188 166 265; 11 192 166 262; 15 191 165 261; 

42\128_128180.jpg
400 233
239 48 362 179; 234 29 367 180; 234 42 358 179; 

42\128_128181.jpg
266 400
43 53 238 338; 51 50 246 337; 24 51 246 362; 

42\128_128189.jpg
400 259
151 77 371 241; 153 80 372 239; 153 80 371 246; 

42\128_128196.jpg
400 307
116 28 196 240; 104 157 349 305; 118 17 194 236; 

42\128_128212.jpg
400 308
15 12 225 294; 9 8 170 146; 1 5 234 308; 

42\128_128214.jpg
367 400
30 85 261 398; 26 186 191 399; 18 108 289 396; 

42\128_128218.jpg
300 400
111 64 269 391; 112 66 296 398; 151 69 253 229; 

42\128_128224.jpg
266 400
43 32 245 254; 43 35 258 253; 42 36 261 254; 

42\128_128225.jpg
400 300
222 60 380 198; 224 59 391 197; 226 61 394 198; 

42\128_128242.jpg
400 288
81 38 346 252; 91 64 309 202; 46 51 348 246; 

42\128_128245.jpg
319 400
89 52 299 313; 86 47 298 302; 89 51 297 300; 

42\128_128247.jpg
400 311
152 12 359 239; 148 18 358 231; 147 19 357 231; 

42\128_128248.jpg
293 400
24 159 269 260; 0 155 274 258; 29 158 273 258; 

42\128_128260.jpg
400 312
128 14 306 284; 116 13 309 254; 131 28 288 248; 

42\128_128295.jpg
400 266
24 50 368 196; 21 51 372 191; 22 54 372 192; 

42\128_128296.jpg
400 266
78 21 297 213; 78 21 276 212; 81 23 278 211; 

42\128_128304.jpg
335 400
34 18 239 252; 29 18 241 203; 34 18 239 209; 

42\128_128308.jpg
400 251
108 76 222 175; 137 84 226 171; 139 84 223 170; 

42\128_128319.jpg
400 300
116 9 314 292; 126 106 264 274; 126 6 312 274; 

42\128_128324.jpg
400 258
22 88 382 240; 24 89 381 239; 24 88 381 239; 

42\128_128341.jpg
400 300
98 15 358 290; 77 6 335 299; 89 6 360 299; 

42\128_128343.jpg
400 300
44 47 330 241; 37 115 335 238; 38 51 334 241; 

42\128_128347.jpg
313 400
32 27 224 310; 29 29 227 306; 32 19 225 306; 

42\128_128351.jpg
400 249
6 6 348 116; 3 4 356 115; 2 3 353 114; 

42\128_128365.jpg
400 331
145 48 375 329; 188 119 288 322; 171 25 323 231; 

42\128_128372.jpg
400 300
40 57 201 252; 43 56 202 251; 44 56 201 253; 

42\128_128373.jpg
400 286
201 90 358 201; 202 91 359 196; 204 94 358 199; 

42\128_128377.jpg
400 300
29 63 338 226; 25 63 337 223; 29 66 337 224; 

42\128_128381.jpg
400 338
126 69 371 329; 122 68 351 264; 125 69 351 299; 

42\128_128383.jpg
400 266
29 42 267 265; 31 43 268 261; 32 43 267 258; 

42\128_128385.jpg
300 400
119 132 266 288; 121 132 259 284; 123 132 259 282; 

42\128_128391.jpg
399 266
150 25 329 174; 151 25 333 172; 150 25 330 172; 

42\128_128398.jpg
400 400
212 99 391 388; 214 107 387 381; 217 110 400 326; 

42\128_128405.jpg
314 400
22 19 222 389; 51 10 206 211; 61 22 205 220; 

42\128_128407.jpg
400 266
30 9 259 228; 65 18 260 230; 29 8 258 230; 

42\128_128409.jpg
400 400
13 50 281 381; 13 53 281 285; 15 8 281 286; 

42\128_128410.jpg
400 269
92 28 351 225; 80 38 356 226; 82 38 356 228; 

42\128_128411.jpg
400 251
23 76 376 218; 21 79 379 215; 21 79 378 216; 

42\128_128412.jpg
266 400
30 104 232 388; 5 81 235 253; 27 96 224 252; 

42\128_128425.jpg
400 326
28 104 367 294; 29 108 371 287; 26 106 371 289; 

42\128_128435.jpg
400 300
168 103 390 259; 171 112 399 248; 172 111 399 249; 

42\128_128441.jpg
400 300
73 43 391 253; 132 43 302 261; 63 42 400 262; 

42\128_128442.jpg
400 321
136 84 320 272; 138 82 320 271; 138 82 320 311; 

42\128_128460.jpg
400 266
124 51 391 189; 212 50 389 189; 124 50 388 189; 

42\128_128461.jpg
400 320
34 71 195 284; 35 64 223 289; 37 64 193 286; 

42\128_128465.jpg
400 300
55 69 369 289; 58 68 372 291; 56 69 372 291; 

42\128_128466.jpg
400 305
13 55 274 298; 14 58 239 263; 15 56 238 244; 

42\128_128480.jpg
400 275
11 39 278 267; 14 67 282 255; 15 54 266 186; 

42\128_128481.jpg
400 266
76 18 185 246; 79 22 184 246; 79 20 181 247; 

42\128_128485.jpg
266 400
16 93 263 346; 20 98 262 340; 18 98 262 341; 

42\128_128491.jpg
400 300
3 82 382 254; 39 125 388 251; 1 87 399 249; 

42\128_128493.jpg
311 399
49 24 277 323; 53 24 211 289; 51 25 251 290; 

42\128_128494.jpg
400 400
90 31 287 308; 91 32 292 307; 90 32 290 352; 

42\128_128496.jpg
400 309
18 15 260 296; 91 18 216 298; 12 10 258 298; 

42\128_128499.jpg
400 277
230 11 396 259; 246 37 385 260; 221 4 397 258; 

42\128_128511.jpg
400 300
28 111 379 245; 27 109 378 241; 28 110 378 241; 

42\128_128521.jpg
400 300
27 111 375 243; 28 109 378 241; 28 111 378 241; 

42\128_128532.jpg
294 400
39 102 262 377; 39 101 260 216; 40 101 262 381; 

42\128_128533.jpg
399 319
114 43 306 303; 112 44 305 242; 114 44 305 320; 

42\128_128534.jpg
399 266
113 17 301 252; 112 19 305 216; 113 17 305 266; 

42\128_128535.jpg
400 266
141 38 308 179; 141 42 307 174; 144 40 306 178; 

42\128_128553.jpg
309 400
54 72 239 331; 75 154 275 296; 41 59 266 340; 

42\128_128554.jpg
400 266
32 89 374 198; 10 86 377 215; 8 88 378 170; 

42\128_128560.jpg
400 200
135 18 323 189; 162 22 246 191; 126 19 281 190; 

42\128_128568.jpg
400 266
113 48 269 261; 121 46 271 215; 120 48 269 266; 

42\128_128573.jpg
300 400
69 68 236 307; 64 73 236 321; 61 69 237 323; 

42\128_128579.jpg
266 400
18 54 191 302; 65 63 186 291; 46 62 184 304; 

42\128_128580.jpg
333 400
139 17 282 393; 134 26 290 244; 132 25 289 244; 

42\128_128587.jpg
297 400
104 99 282 381; 131 87 291 288; 131 88 292 310; 

42\128_128589.jpg
400 271
53 39 352 216; 201 35 353 214; 201 36 351 212; 

42\128_128590.jpg
400 266
118 26 333 254; 192 21 332 236; 195 26 331 241; 

42\128_128592.jpg
251 400
40 26 194 394; 64 21 181 306; 51 19 180 400; 

42\128_128593.jpg
273 400
38 62 270 230; 40 68 243 208; 41 1 272 232; 

42\128_128599.jpg
304 399
68 76 237 206; 64 72 239 209; 62 72 238 207; 

42\128_128602.jpg
320 400
63 122 194 351; 63 110 284 353; 62 107 283 353; 

42\128_128603.jpg
266 400
6 2 258 210; 2 5 172 212; 1 2 266 213; 

42\128_128627.jpg
400 400
64 128 182 352; 62 126 181 352; 63 129 181 352; 

42\128_128631.jpg
400 303
28 104 226 246; 24 104 226 238; 22 104 225 242; 

42\128_128633.jpg
400 270
142 18 311 226; 139 17 311 241; 143 19 310 239; 

42\128_128646.jpg
320 400
56 36 268 248; 59 49 269 260; 60 34 269 262; 

42\128_128648.jpg
319 399
120 34 266 373; 131 46 264 243; 99 2 292 244; 

42\128_128649.jpg
319 399
109 33 270 378; 125 55 264 244; 97 4 286 242; 

42\128_128653.jpg
400 270
121 38 290 233; 121 34 289 214; 120 34 288 222; 

42\128_128654.jpg
400 270
134 16 300 230; 134 16 301 200; 135 19 300 216; 

42\128_128655.jpg
400 269
84 32 278 255; 82 28 278 251; 86 31 276 250; 

42\128_128659.jpg
266 400
22 11 255 217; 1 5 174 212; 0 1 174 211; 

42\128_128660.jpg
266 400
29 33 250 220; 2 4 175 209; 1 2 174 212; 

42\128_128662.jpg
400 266
14 81 227 238; 5 82 223 240; 2 82 221 241; 

42\128_128665.jpg
196 400
42 287 154 365; 40 288 152 362; 41 290 154 363; 

42\128_128666.jpg
400 266
119 15 305 231; 122 8 302 218; 100 10 307 242; 

42\128_128667.jpg
400 266
120 14 306 245; 120 10 302 216; 100 10 307 240; 

42\128_128669.jpg
400 285
94 20 330 247; 90 1 321 268; 90 2 338 270; 

42\128_128672.jpg
400 266
29 25 280 257; 25 25 296 262; 26 26 295 262; 

42\128_128673.jpg
400 266
36 28 274 250; 27 26 297 262; 27 26 295 261; 

42\128_128674.jpg
400 266
35 26 282 256; 27 25 295 264; 26 26 295 264; 

42\128_128677.jpg
400 266
61 61 261 243; 62 58 266 243; 62 58 265 244; 

42\128_128678.jpg
400 285
68 58 286 259; 66 61 284 262; 67 64 286 262; 

42\128_128684.jpg
300 400
34 84 284 363; 38 85 286 376; 37 88 282 382; 

42\128_128692.jpg
400 300
92 59 352 259; 94 63 359 261; 94 61 356 260; 

42\128_128693.jpg
400 285
68 65 286 263; 65 63 288 262; 66 64 285 262; 

42\128_128706.jpg
400 266
78 36 281 257; 126 89 217 202; 117 25 280 205; 

42\128_128714.jpg
324 400
43 42 269 349; 76 166 236 317; 46 88 271 319; 

42\128_128725.jpg
400 320
93 34 329 303; 91 34 283 204; 91 34 281 203; 

42\128_128739.jpg
400 302
121 36 216 261; 119 36 216 272; 122 35 214 273; 

42\128_128762.jpg
400 266
86 28 323 249; 80 26 320 251; 88 31 321 242; 

42\128_128766.jpg
400 261
40 36 291 214; 33 31 291 228; 32 35 291 228; 

42\128_128768.jpg
310 400
75 163 236 359; 78 215 230 369; 78 212 228 374; 

42\128_128772.jpg
400 271
227 141 351 243; 231 142 350 245; 231 138 348 245; 

42\128_128773.jpg
400 280
4 170 381 254; 6 173 374 251; 6 171 391 258; 

42\128_128778.jpg
265 400
73 68 216 306; 37 76 204 305; 101 76 187 297; 

42\128_128780.jpg
235 400
49 43 208 392; 49 40 209 329; 49 40 204 400; 

42\128_128792.jpg
400 266
142 100 295 255; 147 109 269 254; 148 109 268 254; 

42\128_128796.jpg
315 400
29 63 296 273; 41 136 308 282; 43 135 307 279; 

42\128_128805.jpg
400 311
106 78 252 251; 111 80 254 249; 111 81 252 247; 

42\128_128820.jpg
400 266
104 30 322 264; 140 62 272 182; 121 31 278 182; 

42\128_128823.jpg
400 266
91 26 294 256; 134 58 267 192; 103 20 281 191; 

42\128_128828.jpg
400 284
78 43 262 272; 74 42 267 271; 78 44 263 271; 

42\128_128830.jpg
400 300
42 79 309 275; 41 80 306 277; 41 81 307 276; 

42\128_128849.jpg
334 400
79 71 281 306; 82 69 284 296; 82 68 283 293; 

42\128_128867.jpg
344 400
79 103 314 392; 80 103 320 392; 81 106 316 394; 

42\128_128878.jpg
344 399
50 74 288 373; 54 96 292 352; 55 81 288 350; 

42\128_128879.jpg
400 266
182 51 329 261; 186 51 332 204; 184 51 334 203; 

42\128_128880.jpg
285 400
66 185 206 396; 62 187 221 306; 62 186 221 302; 

42\128_128883.jpg
300 400
59 33 272 307; 68 85 260 286; 64 41 259 284; 

42\128_128884.jpg
400 320
80 116 390 310; 80 116 399 216; 79 116 399 238; 

42\128_128895.jpg
400 308
109 99 263 221; 107 104 266 225; 109 102 267 210; 

42\128_128901.jpg
400 300
153 53 353 289; 149 136 369 291; 149 60 367 289; 

42\128_128909.jpg
228 400
49 61 199 342; 59 66 199 248; 58 65 198 251; 

42\128_128913.jpg
400 266
77 34 181 262; 78 33 181 214; 81 31 181 214; 

42\128_128921.jpg
400 344
52 38 265 338; 69 31 254 342; 56 34 367 344; 

42\128_128957.jpg
400 310
18 21 261 287; 16 1 264 286; 16 46 270 284; 

42\128_128975.jpg
290 400
86 51 204 281; 86 55 201 282; 89 54 201 281; 

42\128_128976.jpg
290 400
80 117 185 276; 79 123 182 268; 80 124 181 266; 

42\128_128983.jpg
400 279
145 11 379 264; 141 11 389 226; 144 11 388 261; 

42\128_128984.jpg
399 256
48 47 341 225; 37 20 282 216; 38 32 379 230; 

