289

45\135_135001.jpg
400 343
16 21 162 339; 61 22 164 329; 0 22 162 342; 

45\135_135002.jpg
368 399
101 56 317 318; 94 59 307 303; 52 4 310 304; 

45\135_135003.jpg
400 300
79 22 318 285; 75 19 327 285; 78 21 321 242; 

45\135_135012.jpg
358 400
24 95 334 329; 82 126 265 334; 22 36 334 337; 

45\135_135023.jpg
400 339
122 60 383 323; 119 51 368 334; 120 51 398 339; 

45\135_135031.jpg
319 399
17 159 312 312; 12 160 318 305; 3 163 319 248; 

45\135_135043.jpg
314 400
13 80 177 210; 9 20 176 209; 11 18 181 350; 

45\135_135047.jpg
400 295
220 84 369 286; 225 84 371 242; 226 85 366 289; 

45\135_135049.jpg
400 282
31 21 253 264; 31 24 251 248; 34 25 252 268; 

45\135_135051.jpg
400 378
59 6 225 264; 64 1 225 259; 65 1 225 261; 

45\135_135052.jpg
400 328
27 29 269 319; 25 25 219 266; 25 28 218 266; 

45\135_135055.jpg
400 265
11 6 284 229; 6 9 289 245; 129 8 288 246; 

45\135_135085.jpg
400 310
98 34 362 299; 71 45 375 297; 134 17 309 244; 

45\135_135096.jpg
400 251
14 8 229 251; 98 62 228 208; 17 11 228 250; 

45\135_135123.jpg
400 266
151 68 395 222; 145 65 399 218; 145 65 399 217; 

45\135_135124.jpg
400 286
1 37 268 278; 79 38 270 283; 0 39 269 286; 

45\135_135127.jpg
251 400
112 65 203 306; 114 68 202 304; 116 68 201 304; 

45\135_135132.jpg
333 400
84 54 234 396; 84 56 232 399; 85 56 232 400; 

45\135_135135.jpg
400 309
0 104 256 304; 41 81 284 299; 132 83 282 234; 

45\135_135138.jpg
400 300
191 23 349 174; 190 23 348 173; 191 26 347 170; 

45\135_135141.jpg
400 391
81 184 336 378; 121 192 309 361; 122 182 307 359; 

45\135_135150.jpg
320 400
26 5 294 258; 26 4 291 256; 25 2 294 256; 

45\135_135171.jpg
400 303
165 6 393 303; 163 51 389 303; 119 1 393 303; 

45\135_135184.jpg
400 268
39 44 266 250; 38 43 261 255; 40 43 262 255; 

45\135_135186.jpg
400 342
100 77 324 329; 94 75 322 316; 98 78 322 342; 

45\135_135193.jpg
400 242
9 42 322 225; 8 52 390 231; 8 52 391 232; 

45\135_135202.jpg
400 266
150 23 320 264; 205 23 320 152; 147 22 331 266; 

45\135_135227.jpg
400 300
84 32 171 271; 87 33 173 269; 87 34 172 145; 

45\135_135229.jpg
400 300
57 39 340 281; 54 38 338 281; 57 39 338 279; 

45\135_135232.jpg
400 228
86 83 380 193; 91 83 397 182; 92 82 400 187; 

45\135_135233.jpg
400 300
84 45 389 225; 84 46 399 221; 82 44 376 222; 

45\135_135240.jpg
400 266
91 107 269 227; 1 140 235 212; 123 119 269 247; 

45\135_135247.jpg
399 270
144 55 368 259; 142 53 365 260; 144 53 365 258; 

45\135_135259.jpg
400 266
110 50 272 230; 111 49 274 234; 112 51 276 239; 

45\135_135266.jpg
400 300
42 65 369 241; 46 70 359 239; 45 70 362 238; 

45\135_135291.jpg
400 400
110 89 275 284; 39 87 275 317; 38 86 275 315; 

45\135_135294.jpg
400 400
24 81 299 277; 23 83 297 281; 20 83 298 283; 

45\135_135296.jpg
306 400
72 58 251 351; 71 61 252 346; 70 62 249 348; 

45\135_135297.jpg
399 399
28 78 247 280; 25 78 245 280; 27 78 260 281; 

45\135_135319.jpg
320 400
35 106 241 284; 29 109 241 282; 32 108 244 319; 

45\135_135325.jpg
400 320
80 52 343 291; 82 54 251 288; 81 52 341 294; 

45\135_135327.jpg
400 299
184 86 328 278; 189 88 334 272; 191 86 334 278; 

45\135_135335.jpg
400 300
10 16 269 293; 10 85 269 270; 11 1 268 270; 

45\135_135345.jpg
400 266
32 42 291 256; 18 41 244 239; 18 31 243 241; 

45\135_135371.jpg
299 399
123 46 232 329; 125 48 240 347; 126 47 237 346; 

45\135_135393.jpg
299 399
60 38 236 278; 63 39 228 278; 62 40 243 280; 

45\135_135395.jpg
400 266
23 40 374 206; 22 36 374 208; 17 36 373 211; 

45\135_135399.jpg
266 399
43 53 217 393; 31 50 218 399; 30 50 218 399; 

45\135_135402.jpg
400 266
22 13 161 220; 19 7 158 218; 22 8 156 219; 

45\135_135427.jpg
343 400
30 98 317 327; 38 77 235 281; 33 77 235 281; 

45\135_135432.jpg
306 400
131 31 295 384; 144 160 287 362; 144 21 301 393; 

45\135_135444.jpg
400 266
51 84 261 259; 79 78 256 171; 79 79 256 206; 

45\135_135447.jpg
400 391
109 27 385 236; 108 32 255 208; 126 34 253 161; 

45\135_135452.jpg
400 341
60 46 326 299; 59 48 290 277; 59 47 326 298; 

45\135_135477.jpg
400 278
139 46 392 274; 143 46 399 276; 141 47 398 278; 

45\135_135486.jpg
400 267
12 75 365 229; 13 80 366 229; 13 81 365 159; 

45\135_135492.jpg
400 249
110 67 235 194; 109 71 233 189; 109 69 232 189; 

45\135_135497.jpg
400 266
25 16 276 245; 134 79 274 229; 116 17 272 228; 

45\135_135520.jpg
400 300
50 89 382 222; 56 82 399 232; 2 82 399 254; 

45\135_135531.jpg
253 400
28 161 109 382; 29 159 108 384; 27 159 107 392; 

45\135_135540.jpg
400 288
74 45 388 244; 74 46 399 238; 75 46 399 238; 

45\135_135541.jpg
276 400
45 50 231 393; 45 62 227 273; 44 25 225 277; 

45\135_135547.jpg
266 400
37 2 188 387; 53 1 231 399; 1 0 232 400; 

45\135_135558.jpg
266 400
20 42 184 234; 21 42 192 189; 23 43 189 189; 

45\135_135559.jpg
400 266
27 4 256 253; 102 1 258 235; 108 0 261 237; 

45\135_135560.jpg
400 266
137 29 358 212; 136 32 368 211; 137 32 367 209; 

45\135_135573.jpg
400 277
111 36 336 188; 112 40 339 188; 112 39 382 188; 

45\135_135576.jpg
400 396
153 74 304 390; 154 76 313 393; 155 78 313 393; 

45\135_135605.jpg
400 300
127 11 313 261; 135 31 311 213; 131 1 310 207; 

45\135_135614.jpg
400 266
46 18 298 262; 72 65 276 259; 21 0 301 255; 

45\135_135615.jpg
299 399
95 11 296 338; 94 147 262 338; 94 151 260 338; 

45\135_135628.jpg
330 400
94 124 229 372; 94 124 228 369; 96 123 228 338; 

45\135_135645.jpg
355 400
145 118 338 396; 141 114 335 399; 127 115 332 400; 

45\135_135659.jpg
266 400
40 38 202 369; 42 41 202 368; 41 41 202 371; 

45\135_135660.jpg
266 400
61 82 181 298; 58 82 178 358; 61 82 178 360; 

45\135_135661.jpg
400 266
81 121 284 253; 87 127 276 259; 91 126 274 259; 

45\135_135690.jpg
400 273
95 19 332 262; 102 17 289 255; 95 5 292 256; 

45\135_135691.jpg
400 266
76 81 347 262; 7 92 354 266; 107 86 354 266; 

45\135_135700.jpg
400 334
55 12 215 283; 52 63 194 279; 51 62 194 279; 

45\135_135701.jpg
400 352
120 102 283 305; 119 106 286 303; 120 108 287 302; 

45\135_135710.jpg
266 400
52 12 246 328; 82 57 242 255; 48 1 243 251; 

45\135_135725.jpg
255 400
8 12 164 385; 1 9 164 223; 0 6 164 391; 

45\135_135739.jpg
400 266
107 11 304 257; 109 9 308 258; 109 12 306 258; 

45\135_135770.jpg
400 256
23 16 248 251; 21 3 242 256; 22 1 242 256; 

45\135_135773.jpg
400 292
84 61 264 224; 84 59 267 222; 84 60 266 221; 

45\135_135774.jpg
400 263
107 89 278 228; 101 86 276 229; 106 86 276 229; 

45\135_135781.jpg
400 277
62 44 291 210; 61 41 292 211; 62 44 289 211; 

45\135_135795.jpg
400 345
26 28 228 293; 22 28 228 297; 24 27 225 297; 

45\135_135796.jpg
400 253
177 81 373 217; 21 71 368 216; 23 71 366 217; 

45\135_135800.jpg
286 400
15 66 256 271; 9 51 258 279; 25 53 258 223; 

45\135_135809.jpg
223 400
78 65 168 377; 76 64 171 385; 76 64 169 390; 

45\135_135843.jpg
331 400
16 31 221 381; 55 21 218 219; 54 23 216 281; 

45\135_135859.jpg
400 333
170 39 355 302; 170 46 350 306; 171 30 353 304; 

45\135_135860.jpg
379 400
106 68 298 349; 112 88 290 345; 108 72 291 339; 

45\135_135879.jpg
400 300
10 11 252 288; 168 11 252 241; 166 11 251 239; 

45\135_135901.jpg
266 400
48 62 228 330; 56 140 199 282; 56 82 196 281; 

45\135_135924.jpg
400 400
74 53 338 398; 115 54 275 188; 119 54 275 225; 

45\135_135945.jpg
400 266
13 4 186 258; 16 1 186 265; 16 0 184 266; 

45\135_135964.jpg
400 266
119 58 278 212; 118 50 281 212; 116 47 278 211; 

45\135_135966.jpg
266 400
32 154 211 278; 27 154 210 281; 31 162 208 273; 

45\135_135967.jpg
400 266
129 43 225 188; 123 44 229 189; 134 47 228 189; 

45\135_135969.jpg
400 266
138 94 279 182; 150 95 275 181; 142 92 274 186; 

45\135_135970.jpg
400 266
143 89 274 182; 142 95 277 185; 141 94 275 189; 

45\135_135980.jpg
399 298
89 62 292 265; 179 63 292 157; 169 64 290 226; 

45\135_135983.jpg
400 266
154 82 281 189; 149 79 277 196; 151 78 276 192; 

45\135_135995.jpg
400 300
25 106 182 258; 101 55 367 209; 34 57 364 240; 

45\136_136004.jpg
270 400
53 37 222 319; 55 57 222 258; 55 28 221 255; 

45\136_136025.jpg
300 400
98 84 219 321; 99 85 220 319; 101 85 221 321; 

45\136_136038.jpg
400 265
102 78 380 233; 98 78 349 233; 98 78 399 234; 

45\136_136046.jpg
400 320
128 7 398 287; 126 9 293 309; 126 8 317 188; 

45\136_136057.jpg
400 266
20 96 392 221; 22 95 397 222; 22 94 399 224; 

45\136_136060.jpg
400 292
216 23 375 221; 216 17 376 222; 226 19 375 218; 

45\136_136065.jpg
320 400
69 45 251 379; 76 44 251 379; 74 49 251 380; 

45\136_136067.jpg
400 320
67 18 339 274; 101 57 279 248; 63 24 343 273; 

45\136_136069.jpg
400 320
87 91 373 293; 91 97 383 305; 84 97 383 303; 

45\136_136077.jpg
320 400
53 69 284 258; 62 77 279 254; 26 71 293 267; 

45\136_136078.jpg
400 320
11 46 203 317; 75 49 207 231; 77 48 206 231; 

45\136_136084.jpg
400 300
55 150 380 288; 46 159 312 281; 44 160 399 300; 

45\136_136088.jpg
400 300
146 18 330 253; 158 11 331 246; 159 12 334 247; 

45\136_136089.jpg
400 300
100 8 317 242; 148 56 296 238; 145 56 298 235; 

45\136_136097.jpg
266 400
70 48 216 308; 80 79 202 240; 59 75 204 239; 

45\136_136098.jpg
266 400
61 63 223 328; 84 72 211 251; 59 68 211 246; 

45\136_136099.jpg
266 400
86 62 228 323; 105 75 216 241; 33 40 228 239; 

45\136_136100.jpg
266 400
79 62 222 302; 91 72 221 232; 32 36 226 229; 

45\136_136101.jpg
266 400
20 40 212 310; 82 69 204 236; 28 40 211 232; 

45\136_136113.jpg
400 295
68 62 263 290; 65 56 278 295; 81 58 208 196; 

45\136_136119.jpg
276 400
72 58 193 294; 72 45 192 298; 79 43 191 297; 

45\136_136121.jpg
400 266
145 20 383 239; 146 24 392 238; 147 15 391 238; 

45\136_136126.jpg
301 399
57 22 198 266; 90 24 197 254; 65 24 196 265; 

45\136_136132.jpg
399 269
97 27 304 246; 77 24 367 252; 79 26 367 252; 

45\136_136158.jpg
300 400
52 108 154 356; 49 105 192 357; 54 16 193 359; 

45\136_136195.jpg
400 300
5 4 263 257; 110 71 304 265; 109 66 304 266; 

45\136_136199.jpg
400 395
32 164 287 389; 46 186 196 279; 50 185 197 278; 

45\136_136200.jpg
400 250
86 82 193 181; 86 80 255 196; 86 76 256 196; 

45\136_136208.jpg
400 266
16 6 217 239; 86 2 217 168; 88 4 215 168; 

45\136_136218.jpg
266 400
33 104 238 383; 38 103 237 376; 36 104 236 395; 

45\136_136219.jpg
366 400
138 25 318 200; 147 6 321 215; 153 28 312 172; 

45\136_136224.jpg
400 266
67 78 184 186; 68 78 186 184; 69 80 186 166; 

45\136_136226.jpg
282 400
58 114 227 280; 59 114 245 278; 60 117 246 281; 

45\136_136229.jpg
267 400
23 68 239 314; 14 58 252 309; 24 62 239 310; 

45\136_136256.jpg
400 300
108 64 289 298; 106 65 293 300; 109 64 293 300; 

45\136_136284.jpg
281 400
47 52 226 388; 81 70 225 392; 72 70 222 290; 

45\136_136311.jpg
400 266
62 35 316 243; 60 63 248 241; 64 38 300 242; 

45\136_136313.jpg
400 266
60 35 320 243; 68 59 251 227; 64 36 309 242; 

45\136_136317.jpg
243 400
62 15 178 377; 62 8 174 381; 65 7 176 379; 

45\136_136330.jpg
400 266
17 8 264 189; 145 51 266 253; 16 1 265 252; 

45\136_136406.jpg
400 300
18 66 378 252; 96 61 382 234; 0 62 381 248; 

45\136_136409.jpg
400 300
51 80 387 284; 54 80 350 275; 54 79 398 291; 

45\136_136419.jpg
400 300
128 18 369 251; 131 18 363 245; 131 19 363 254; 

45\136_136421.jpg
400 300
103 24 303 266; 122 27 293 209; 106 27 300 266; 

45\136_136428.jpg
400 266
54 51 284 260; 172 52 284 224; 172 52 284 223; 

45\136_136442.jpg
253 400
70 78 175 229; 72 83 176 230; 72 87 176 228; 

45\136_136469.jpg
400 300
6 18 216 291; 80 101 215 281; 1 29 215 279; 

45\136_136488.jpg
400 270
54 86 221 234; 58 78 229 228; 59 80 228 229; 

45\136_136496.jpg
388 400
71 80 292 398; 118 79 297 400; 60 79 297 399; 

45\136_136499.jpg
400 363
241 39 369 171; 284 42 365 169; 281 44 364 168; 

45\136_136504.jpg
400 388
88 86 356 384; 136 86 359 326; 136 86 359 325; 

45\136_136517.jpg
400 394
127 99 332 352; 128 99 331 361; 128 98 331 361; 

45\136_136528.jpg
399 266
82 18 308 249; 81 22 305 229; 84 22 304 239; 

45\136_136550.jpg
400 300
33 8 342 237; 33 11 348 237; 34 12 345 239; 

45\136_136560.jpg
399 266
115 93 326 184; 125 102 321 176; 124 104 319 169; 

45\136_136571.jpg
399 266
92 81 326 210; 100 86 293 183; 98 88 292 182; 

45\136_136572.jpg
399 266
35 74 279 181; 93 98 272 171; 93 98 271 171; 

45\136_136578.jpg
400 301
102 31 357 290; 108 26 398 238; 110 26 398 299; 

45\136_136582.jpg
300 400
4 114 299 241; 0 139 299 237; 1 138 298 241; 

45\136_136583.jpg
400 373
193 46 355 213; 194 45 350 208; 194 46 349 208; 

45\136_136588.jpg
400 300
88 77 331 270; 86 109 275 273; 0 46 338 248; 

45\136_136591.jpg
366 400
85 19 306 350; 73 91 272 261; 78 88 267 259; 

45\136_136593.jpg
400 333
44 27 215 294; 42 29 215 290; 44 29 214 301; 

45\136_136595.jpg
267 399
76 14 198 386; 77 13 201 391; 77 14 199 390; 

45\136_136604.jpg
266 400
51 38 148 361; 52 36 144 400; 52 36 145 400; 

45\136_136619.jpg
400 270
96 19 322 264; 91 76 228 256; 91 6 320 254; 

45\136_136631.jpg
400 266
128 52 286 212; 128 52 285 209; 129 52 285 208; 

45\136_136633.jpg
400 299
133 42 385 295; 132 41 385 274; 134 43 382 299; 

45\136_136635.jpg
400 299
122 83 341 296; 122 84 244 274; 124 82 245 278; 

45\136_136638.jpg
400 290
136 61 325 288; 190 60 325 153; 134 61 323 289; 

45\136_136640.jpg
293 400
57 19 258 364; 59 17 254 364; 58 18 256 362; 

45\136_136641.jpg
400 400
6 58 274 323; 6 59 274 325; 7 56 274 321; 

45\136_136642.jpg
320 400
38 52 292 325; 36 52 302 324; 36 51 305 323; 

45\136_136648.jpg
265 400
28 8 192 364; 33 144 192 375; 35 144 190 372; 

45\136_136657.jpg
266 400
18 79 142 289; 14 79 142 209; 14 79 142 209; 

45\136_136665.jpg
400 266
103 44 289 252; 134 98 280 242; 117 36 284 239; 

45\136_136666.jpg
400 266
179 40 288 191; 182 37 288 188; 185 38 286 171; 

45\136_136667.jpg
400 266
176 38 288 184; 184 39 288 187; 184 38 285 168; 

45\136_136668.jpg
400 266
179 34 292 178; 184 38 289 169; 184 38 286 168; 

45\136_136677.jpg
400 313
146 28 248 209; 154 28 231 159; 154 25 248 158; 

45\136_136684.jpg
400 300
32 52 379 258; 35 52 378 258; 36 52 376 259; 

45\136_136687.jpg
400 300
34 79 238 295; 31 78 235 300; 33 81 236 300; 

45\136_136692.jpg
400 400
189 92 339 295; 196 96 339 299; 189 99 337 278; 

45\136_136711.jpg
400 315
14 31 376 204; 23 38 359 166; 25 38 364 169; 

45\136_136715.jpg
306 400
23 89 274 381; 40 89 266 331; 19 90 285 387; 

45\136_136725.jpg
266 400
16 80 261 304; 110 81 259 305; 111 79 258 304; 

45\136_136735.jpg
400 383
74 17 287 258; 71 17 287 255; 73 18 287 364; 

45\136_136759.jpg
400 301
133 91 269 213; 132 94 271 211; 134 92 270 212; 

45\136_136769.jpg
400 266
64 31 324 178; 75 39 312 182; 72 1 319 181; 

45\136_136770.jpg
300 400
38 49 245 376; 33 50 222 381; 34 48 245 384; 

45\136_136792.jpg
400 326
78 36 320 318; 81 40 320 318; 81 39 320 316; 

45\136_136835.jpg
400 261
52 36 277 234; 52 41 225 167; 53 41 228 168; 

45\136_136838.jpg
400 300
8 34 238 248; 106 20 236 200; 1 14 234 241; 

45\136_136848.jpg
325 400
28 10 295 260; 76 6 295 275; 48 6 295 273; 

45\136_136867.jpg
400 359
91 42 349 302; 94 94 241 280; 95 23 348 298; 

45\136_136871.jpg
270 400
41 36 226 313; 35 77 238 276; 36 16 235 273; 

45\136_136873.jpg
343 400
60 67 289 389; 100 53 252 172; 60 52 290 381; 

45\136_136885.jpg
256 400
61 169 145 354; 62 169 139 356; 62 171 141 356; 

45\136_136914.jpg
400 400
226 156 313 393; 226 125 354 394; 229 153 357 394; 

45\136_136917.jpg
293 400
67 64 187 384; 69 80 186 380; 68 66 184 384; 

45\136_136923.jpg
278 400
89 135 239 317; 91 136 243 312; 91 134 242 335; 

45\136_136959.jpg
400 266
35 52 242 203; 42 52 245 125; 45 56 244 128; 

45\136_136961.jpg
400 266
17 22 206 211; 104 21 184 182; 104 22 184 181; 

45\136_136962.jpg
400 266
42 18 190 241; 49 22 139 237; 48 21 186 233; 

45\136_136972.jpg
400 298
78 59 261 256; 83 59 258 258; 51 49 259 259; 

45\136_136975.jpg
266 400
78 7 234 263; 101 53 206 258; 92 0 214 256; 

45\136_136978.jpg
400 266
121 12 329 258; 131 39 331 219; 132 2 329 218; 

45\137_137008.jpg
302 400
48 22 256 259; 54 132 254 261; 54 12 255 262; 

45\137_137021.jpg
400 266
89 2 297 209; 88 2 301 212; 88 0 298 199; 

45\137_137026.jpg
266 400
53 8 247 333; 53 4 229 252; 54 1 228 253; 

45\137_137029.jpg
266 400
16 46 215 271; 24 88 187 267; 17 47 209 264; 

45\137_137030.jpg
266 400
19 45 216 267; 25 85 188 269; 17 48 210 265; 

45\137_137031.jpg
266 400
16 7 253 255; 103 69 252 251; 77 61 251 247; 

45\137_137037.jpg
400 266
72 22 257 206; 71 24 209 188; 72 23 267 188; 

45\137_137039.jpg
400 266
69 35 281 207; 61 39 281 205; 60 36 336 206; 

45\137_137051.jpg
400 269
154 88 294 261; 150 92 291 265; 192 91 266 197; 

45\137_137087.jpg
400 300
216 34 381 281; 217 34 381 281; 216 35 379 284; 

45\137_137101.jpg
400 266
128 88 253 199; 126 89 255 196; 136 96 254 195; 

45\137_137110.jpg
400 266
35 54 254 221; 38 61 258 218; 38 59 256 218; 

45\137_137128.jpg
266 400
26 117 264 358; 31 156 211 361; 29 114 265 359; 

45\137_137156.jpg
400 400
153 55 349 278; 154 58 346 274; 154 59 346 351; 

45\137_137193.jpg
296 400
44 18 170 394; 38 11 172 399; 39 11 168 400; 

45\137_137204.jpg
266 400
39 75 239 314; 15 62 239 310; 123 62 239 311; 

45\137_137205.jpg
400 300
85 6 315 297; 116 152 286 289; 90 0 286 288; 

45\137_137215.jpg
400 284
13 56 232 196; 14 59 233 193; 13 60 234 201; 

45\137_137229.jpg
285 399
38 159 165 393; 39 162 166 393; 35 261 166 400; 

45\137_137237.jpg
272 400
101 77 227 396; 72 8 251 400; 102 68 224 400; 

45\137_137253.jpg
400 320
31 45 186 302; 30 45 188 299; 31 44 186 239; 

45\137_137256.jpg
266 400
94 11 231 384; 99 13 232 384; 91 14 232 386; 

45\137_137258.jpg
400 256
158 75 336 238; 158 77 340 242; 157 78 338 241; 

45\137_137266.jpg
266 400
44 44 221 388; 42 36 222 268; 42 38 219 295; 

45\137_137267.jpg
400 266
114 24 282 265; 115 24 285 264; 97 25 306 266; 

45\137_137269.jpg
266 400
4 106 182 389; 7 107 187 383; 1 108 188 400; 

45\137_137270.jpg
266 400
58 72 184 282; 61 72 188 285; 59 73 186 284; 

45\137_137280.jpg
400 266
5 117 243 242; 4 116 245 246; 0 114 244 248; 

45\137_137324.jpg
400 375
94 26 289 344; 94 22 292 327; 98 25 292 341; 

45\137_137338.jpg
400 264
108 69 219 192; 104 68 218 203; 104 70 217 203; 

45\137_137344.jpg
266 400
55 3 241 326; 82 61 239 254; 48 1 243 251; 

45\137_137373.jpg
400 266
137 86 358 263; 127 88 357 266; 129 88 356 266; 

45\137_137433.jpg
400 299
22 48 178 290; 2 49 295 298; 2 48 290 298; 

45\137_137444.jpg
400 307
60 65 306 251; 65 63 311 255; 63 65 309 251; 

45\137_137448.jpg
400 234
59 54 353 222; 78 54 343 226; 60 56 354 224; 

45\137_137457.jpg
400 197
139 26 265 184; 139 23 267 187; 139 25 265 185; 

45\137_137461.jpg
400 275
38 106 274 236; 39 104 274 238; 39 107 274 238; 

45\137_137472.jpg
300 400
102 99 247 350; 94 99 247 346; 96 96 251 343; 

45\137_137475.jpg
266 399
40 51 191 392; 35 50 205 276; 39 47 206 278; 

45\137_137487.jpg
266 399
43 58 204 286; 46 75 201 256; 40 51 200 256; 

45\137_137495.jpg
400 303
65 23 331 195; 64 22 253 190; 58 21 281 245; 

45\137_137513.jpg
400 266
19 23 229 214; 15 22 206 216; 15 24 206 216; 

45\137_137518.jpg
400 266
144 21 385 264; 141 20 382 264; 138 21 381 266; 

45\137_137535.jpg
400 300
124 74 279 226; 124 74 279 226; 126 74 276 224; 

45\137_137547.jpg
400 300
128 77 247 190; 128 74 251 189; 129 81 246 186; 

45\137_137572.jpg
400 300
3 145 261 289; 1 146 286 300; 1 145 282 300; 

45\137_137580.jpg
400 300
108 44 252 291; 109 48 255 222; 111 48 254 224; 

45\137_137585.jpg
400 300
15 8 256 296; 26 30 256 267; 19 29 256 273; 

45\137_137590.jpg
400 226
48 16 390 143; 44 21 397 136; 49 13 395 158; 

45\137_137591.jpg
400 300
89 8 291 225; 121 28 262 156; 90 1 294 181; 

45\137_137595.jpg
400 317
71 29 254 279; 70 24 314 274; 65 26 311 280; 

45\137_137616.jpg
400 320
34 31 194 303; 31 29 194 305; 32 30 193 304; 

45\137_137617.jpg
400 289
38 126 396 285; 28 126 400 289; 26 126 399 289; 

45\137_137626.jpg
341 400
99 74 234 302; 103 81 235 302; 102 78 233 303; 

45\137_137663.jpg
300 400
122 83 249 378; 126 84 249 376; 125 82 248 378; 

45\137_137678.jpg
400 266
69 5 289 263; 63 1 307 266; 62 2 304 266; 

45\137_137711.jpg
400 266
34 118 340 230; 35 118 342 228; 36 118 340 266; 

45\137_137716.jpg
266 400
63 116 146 291; 68 178 161 291; 41 104 158 292; 

45\137_137722.jpg
400 313
84 1 293 237; 112 1 246 126; 85 0 399 248; 

45\137_137743.jpg
266 400
82 212 238 334; 74 237 239 336; 76 201 238 335; 

45\137_137745.jpg
315 400
18 26 246 306; 18 24 251 310; 15 25 245 304; 

45\137_137749.jpg
400 283
74 18 328 259; 78 21 319 254; 73 20 322 258; 

45\137_137795.jpg
399 358
125 31 390 218; 128 34 390 220; 128 34 391 218; 

45\137_137801.jpg
310 400
79 111 256 320; 83 110 232 300; 80 112 232 298; 

45\137_137817.jpg
400 315
62 49 270 304; 136 81 265 236; 86 48 269 254; 

45\137_137819.jpg
400 389
4 162 200 326; 1 163 205 316; 0 162 203 317; 

45\137_137828.jpg
266 400
24 141 258 328; 95 141 240 272; 94 141 238 249; 

45\137_137829.jpg
400 266
89 78 375 242; 86 80 375 241; 135 81 272 191; 

45\137_137830.jpg
400 266
88 21 315 248; 84 23 315 184; 87 1 315 186; 

45\137_137833.jpg
400 266
130 50 268 190; 129 48 269 189; 129 50 267 189; 

45\137_137834.jpg
400 266
117 5 294 258; 119 2 289 258; 147 1 270 124; 

45\137_137838.jpg
400 266
111 82 274 178; 111 78 278 178; 111 81 272 177; 

45\137_137852.jpg
266 400
42 78 180 396; 107 73 183 346; 106 72 182 347; 

45\137_137855.jpg
400 266
118 29 306 255; 102 23 326 221; 126 54 291 209; 

45\137_137858.jpg
400 255
173 71 394 226; 168 71 396 228; 171 71 393 228; 

45\137_137861.jpg
400 266
128 6 328 264; 124 7 271 234; 122 8 271 233; 

