410

47\141_141001.jpg
400 322
69 38 336 279; 74 39 332 277; 38 34 240 239; 

47\141_141008.jpg
400 266
71 92 342 234; 69 91 319 228; 70 92 342 228; 

47\141_141013.jpg
400 279
103 116 317 276; 45 121 317 279; 48 121 339 279; 

47\141_141015.jpg
400 266
186 101 289 264; 186 101 291 266; 188 102 291 266; 

47\141_141021.jpg
400 353
61 9 286 251; 59 7 285 274; 59 0 284 274; 

47\141_141028.jpg
373 400
19 42 270 355; 33 109 205 293; 20 46 264 352; 

47\141_141029.jpg
400 256
56 103 313 247; 169 103 312 247; 60 104 311 245; 

47\141_141030.jpg
400 350
46 9 313 288; 96 107 234 259; 59 3 317 266; 

47\141_141033.jpg
400 300
118 84 310 262; 120 82 318 264; 120 81 319 262; 

47\141_141037.jpg
400 320
2 112 231 312; 1 60 287 320; 4 111 240 308; 

47\141_141045.jpg
400 364
42 28 272 342; 57 84 240 304; 31 39 272 339; 

47\141_141063.jpg
400 400
95 31 237 357; 101 31 239 260; 101 29 239 359; 

47\141_141081.jpg
399 298
105 3 305 265; 110 128 306 261; 110 1 306 262; 

47\141_141097.jpg
400 301
68 4 312 282; 102 2 271 234; 66 0 315 284; 

47\141_141106.jpg
400 235
271 9 388 228; 269 9 382 235; 268 8 379 235; 

47\141_141107.jpg
266 400
36 20 216 256; 38 16 191 238; 45 17 189 159; 

47\141_141111.jpg
400 350
204 164 338 298; 208 166 333 293; 207 167 334 293; 

47\141_141115.jpg
400 290
55 24 222 249; 56 22 222 248; 54 21 222 248; 

47\141_141132.jpg
399 266
179 15 368 234; 178 17 366 233; 181 16 367 231; 

47\141_141140.jpg
400 326
62 24 308 294; 65 25 308 294; 65 23 306 294; 

47\141_141143.jpg
399 266
170 18 349 208; 174 18 348 208; 173 18 347 209; 

47\141_141163.jpg
400 300
132 11 271 245; 177 40 255 167; 128 9 270 258; 

47\141_141165.jpg
400 316
171 15 370 298; 173 92 364 278; 169 2 373 278; 

47\141_141180.jpg
400 266
48 17 267 263; 53 20 264 266; 56 18 272 266; 

47\141_141190.jpg
400 273
76 39 181 266; 77 39 182 274; 76 39 181 274; 

47\141_141216.jpg
300 400
29 81 204 301; 28 216 204 307; 29 78 202 304; 

47\141_141239.jpg
400 234
104 22 370 232; 106 2 398 234; 191 2 358 174; 

47\141_141241.jpg
261 400
21 16 236 293; 24 26 234 267; 24 2 231 264; 

47\141_141244.jpg
400 320
35 62 208 265; 35 81 209 267; 36 63 209 320; 

47\141_141258.jpg
386 400
92 96 307 308; 144 118 308 278; 131 99 309 304; 

47\141_141262.jpg
254 400
38 72 207 316; 33 73 207 341; 37 73 208 341; 

47\141_141266.jpg
400 382
44 151 366 364; 41 135 399 339; 41 153 191 341; 

47\141_141272.jpg
300 400
55 119 251 285; 55 117 250 269; 57 117 249 277; 

47\141_141273.jpg
400 300
231 118 359 212; 234 119 358 211; 232 120 359 211; 

47\141_141284.jpg
267 400
36 39 227 327; 38 40 228 324; 37 39 228 325; 

47\141_141285.jpg
400 266
81 31 143 236; 88 33 140 236; 85 33 141 242; 

47\141_141296.jpg
307 400
84 37 241 357; 83 163 243 354; 84 34 241 354; 

47\141_141306.jpg
400 301
32 34 292 287; 106 47 211 236; 31 32 292 291; 

47\141_141325.jpg
400 299
94 62 382 297; 95 64 386 261; 93 65 384 299; 

47\141_141341.jpg
400 309
72 23 388 247; 66 38 222 241; 68 43 240 242; 

47\141_141346.jpg
400 397
85 116 377 369; 84 116 161 311; 86 117 398 366; 

47\141_141353.jpg
400 321
162 64 324 184; 162 62 326 186; 161 64 324 186; 

47\141_141361.jpg
266 400
29 9 201 358; 30 10 211 314; 30 10 209 299; 

47\141_141374.jpg
400 305
42 15 219 246; 47 69 219 242; 46 71 220 240; 

47\141_141392.jpg
400 300
64 4 301 292; 71 1 316 294; 71 1 316 292; 

47\141_141394.jpg
266 400
28 34 168 395; 25 88 169 272; 22 32 169 274; 

47\141_141403.jpg
400 395
94 58 304 340; 117 91 284 306; 94 58 303 339; 

47\141_141406.jpg
400 300
60 26 352 237; 62 22 351 224; 62 25 354 224; 

47\141_141410.jpg
400 300
24 58 261 263; 24 61 261 261; 24 59 260 261; 

47\141_141412.jpg
400 336
135 38 343 334; 134 37 341 333; 136 37 341 336; 

47\141_141414.jpg
400 323
84 74 325 318; 86 93 323 322; 85 94 323 322; 

47\141_141447.jpg
400 335
119 98 266 288; 117 94 271 294; 119 94 269 296; 

47\141_141450.jpg
360 400
195 96 315 379; 203 103 309 341; 204 101 313 388; 

47\141_141455.jpg
400 320
74 61 317 242; 76 63 321 246; 78 66 320 241; 

47\141_141466.jpg
400 295
166 32 366 283; 202 107 333 225; 173 52 362 277; 

47\141_141471.jpg
400 320
137 76 392 309; 139 76 393 309; 138 76 396 309; 

47\141_141472.jpg
400 300
162 82 331 247; 163 84 331 245; 162 87 331 245; 

47\141_141474.jpg
400 266
10 6 272 246; 11 8 274 245; 12 9 274 246; 

47\141_141479.jpg
400 351
140 111 244 280; 142 112 244 280; 143 113 242 276; 

47\141_141480.jpg
400 200
9 10 265 178; 4 11 266 179; 4 12 264 176; 

47\141_141483.jpg
300 400
87 98 274 226; 89 99 269 222; 88 99 270 222; 

47\141_141516.jpg
399 229
2 30 274 226; 1 25 274 229; 0 25 273 229; 

47\141_141518.jpg
400 275
85 18 226 261; 102 65 223 242; 71 13 220 241; 

47\141_141520.jpg
400 299
98 113 332 239; 99 121 332 203; 99 121 331 205; 

47\141_141526.jpg
320 400
26 79 306 332; 74 114 199 232; 23 29 304 334; 

47\141_141555.jpg
316 400
71 182 241 349; 75 186 237 330; 76 187 246 343; 

47\141_141563.jpg
400 300
4 23 214 290; 146 62 319 298; 0 20 317 300; 

47\141_141568.jpg
266 400
47 13 242 304; 47 28 244 309; 45 12 246 309; 

47\141_141569.jpg
400 249
72 4 168 233; 72 2 169 209; 72 2 169 209; 

47\141_141591.jpg
400 268
239 12 359 157; 237 12 357 158; 240 12 359 157; 

47\141_141598.jpg
400 300
19 119 362 293; 19 114 388 279; 20 115 357 279; 

47\141_141605.jpg
400 320
38 84 324 261; 29 79 326 259; 26 81 356 261; 

47\141_141606.jpg
400 300
189 4 385 285; 62 70 181 298; 187 1 398 296; 

47\141_141610.jpg
400 262
124 20 379 247; 121 15 386 251; 122 17 384 251; 

47\141_141622.jpg
400 311
115 172 268 294; 111 159 278 247; 111 155 275 296; 

47\141_141623.jpg
400 400
130 139 272 293; 127 141 268 274; 144 159 260 269; 

47\141_141631.jpg
399 267
150 35 375 235; 151 37 374 235; 152 39 374 266; 

47\141_141645.jpg
400 298
211 154 352 238; 211 156 351 233; 211 156 350 234; 

47\141_141653.jpg
400 314
61 64 339 312; 151 56 296 219; 61 64 338 314; 

47\141_141656.jpg
337 400
8 91 240 378; 1 144 226 374; 1 141 222 375; 

47\141_141660.jpg
287 400
59 94 251 337; 58 92 253 334; 59 47 252 332; 

47\141_141664.jpg
400 265
40 43 228 199; 46 46 228 198; 46 46 228 195; 

47\141_141668.jpg
400 298
31 24 344 165; 1 14 347 164; 1 15 350 168; 

47\141_141671.jpg
400 333
209 96 344 279; 208 96 341 281; 66 89 351 322; 

47\141_141674.jpg
399 358
161 72 334 234; 163 76 337 134; 162 77 336 345; 

47\141_141682.jpg
400 320
210 28 353 315; 212 28 358 319; 209 28 356 320; 

47\141_141690.jpg
400 277
31 94 369 266; 31 98 374 261; 29 98 369 274; 

47\141_141691.jpg
400 300
66 71 305 238; 52 69 347 282; 53 50 381 287; 

47\141_141692.jpg
266 400
69 22 161 386; 72 36 162 388; 29 1 159 386; 

47\141_141694.jpg
400 300
79 35 339 209; 69 54 312 207; 72 56 312 206; 

47\141_141699.jpg
400 300
75 96 331 297; 93 99 306 298; 74 99 329 298; 

47\141_141707.jpg
399 319
101 28 299 269; 103 32 312 284; 104 31 311 290; 

47\141_141715.jpg
400 307
159 41 323 171; 161 38 323 169; 161 41 323 168; 

47\141_141716.jpg
400 293
42 62 168 188; 41 65 173 181; 42 66 172 180; 

47\141_141717.jpg
400 302
92 34 267 280; 99 33 267 283; 98 35 268 287; 

47\141_141718.jpg
400 300
208 32 321 258; 211 34 316 257; 209 32 322 260; 

47\141_141721.jpg
400 288
154 92 290 219; 153 91 286 213; 153 91 284 214; 

47\141_141727.jpg
400 335
38 26 167 209; 39 22 167 211; 38 23 166 211; 

47\141_141728.jpg
256 400
116 73 209 381; 120 73 206 379; 118 74 207 381; 

47\141_141738.jpg
400 278
190 56 346 172; 184 50 346 168; 186 52 343 168; 

47\141_141741.jpg
313 400
56 96 260 358; 59 99 260 338; 62 98 259 362; 

47\141_141743.jpg
306 400
41 206 272 376; 42 207 274 379; 42 207 272 378; 

47\141_141746.jpg
400 276
91 97 304 272; 108 125 296 235; 101 77 314 275; 

47\141_141747.jpg
310 400
136 84 275 347; 137 84 271 349; 136 85 271 350; 

47\141_141769.jpg
400 300
91 101 368 228; 94 102 369 221; 94 102 367 221; 

47\141_141771.jpg
400 300
13 92 364 265; 14 97 359 265; 13 91 359 268; 

47\141_141772.jpg
300 400
140 124 233 354; 138 112 231 355; 138 111 231 359; 

47\141_141774.jpg
400 300
26 41 283 280; 29 21 289 279; 29 19 287 289; 

47\141_141777.jpg
400 320
122 144 212 296; 108 137 214 299; 72 124 213 297; 

47\141_141786.jpg
400 305
125 54 355 242; 114 49 361 266; 115 49 356 244; 

47\141_141791.jpg
400 266
64 6 227 187; 56 5 223 183; 57 6 224 184; 

47\141_141797.jpg
290 399
59 22 167 384; 59 20 164 383; 60 18 164 384; 

47\141_141809.jpg
400 266
79 92 281 252; 82 94 282 256; 84 94 276 203; 

47\141_141811.jpg
400 331
170 86 339 285; 174 106 339 279; 175 109 338 273; 

47\141_141820.jpg
400 300
233 170 394 294; 233 168 399 299; 232 170 400 300; 

47\141_141821.jpg
400 320
62 46 345 242; 162 118 229 199; 133 94 262 210; 

47\141_141825.jpg
400 303
60 38 166 238; 66 39 163 234; 49 38 164 263; 

47\141_141830.jpg
400 281
41 56 229 263; 94 57 228 234; 14 57 229 236; 

47\141_141841.jpg
252 400
28 19 183 398; 26 20 182 400; 26 21 182 400; 

47\141_141842.jpg
276 400
18 21 228 304; 18 21 228 303; 19 21 228 301; 

47\141_141849.jpg
266 400
16 29 169 395; 37 87 167 274; 21 32 168 274; 

47\141_141857.jpg
267 400
74 51 197 338; 71 51 195 339; 71 54 194 337; 

47\141_141860.jpg
319 399
51 28 241 399; 45 16 171 398; 71 16 248 190; 

47\141_141883.jpg
301 400
15 94 290 357; 18 94 299 362; 12 94 298 364; 

47\141_141892.jpg
400 400
106 36 290 288; 108 37 289 286; 107 38 287 286; 

47\141_141893.jpg
400 245
161 136 383 217; 161 135 389 214; 161 133 391 212; 

47\141_141894.jpg
266 400
11 41 253 293; 11 39 247 291; 9 44 248 293; 

47\141_141898.jpg
400 400
71 92 292 358; 54 54 293 354; 29 79 291 351; 

47\141_141903.jpg
400 266
76 18 290 245; 74 21 291 244; 73 21 298 249; 

47\141_141904.jpg
400 266
90 18 301 252; 86 18 303 251; 88 19 300 252; 

47\141_141905.jpg
400 266
94 20 316 251; 96 18 317 255; 94 17 318 253; 

47\141_141906.jpg
400 266
79 10 304 256; 81 12 302 255; 81 11 302 252; 

47\141_141907.jpg
400 266
87 6 322 233; 89 3 323 233; 89 2 320 231; 

47\141_141909.jpg
400 267
115 40 301 229; 114 41 302 201; 115 41 301 229; 

47\141_141914.jpg
400 266
180 12 396 156; 181 13 400 156; 181 14 398 162; 

47\141_141919.jpg
400 300
85 4 314 229; 84 5 309 217; 82 4 309 228; 

47\141_141941.jpg
400 300
94 25 340 266; 96 26 369 276; 97 26 370 279; 

47\141_141959.jpg
400 214
108 30 292 158; 109 26 293 161; 108 26 297 164; 

47\141_141974.jpg
400 266
24 80 262 263; 96 98 216 238; 96 100 214 234; 

47\141_141975.jpg
400 320
170 16 381 234; 171 16 368 232; 171 19 368 233; 

47\141_141976.jpg
400 266
152 24 369 233; 181 20 282 143; 181 21 281 139; 

47\141_141977.jpg
400 266
15 102 171 261; 7 102 294 260; 12 108 294 262; 

47\142_142005.jpg
400 266
128 64 280 219; 126 51 284 220; 128 61 284 218; 

47\142_142007.jpg
266 400
79 21 195 382; 43 23 197 381; 41 21 197 383; 

47\142_142009.jpg
266 400
96 59 197 373; 100 59 198 372; 100 59 197 371; 

47\142_142011.jpg
266 400
77 3 234 304; 76 12 236 309; 79 7 233 309; 

47\142_142012.jpg
266 400
47 19 214 387; 50 19 209 351; 51 18 206 349; 

47\142_142014.jpg
266 400
37 56 243 366; 41 55 230 271; 41 54 227 283; 

47\142_142017.jpg
266 400
45 41 237 265; 42 43 231 250; 24 1 265 253; 

47\142_142024.jpg
300 400
35 119 289 388; 51 125 239 278; 51 123 241 301; 

47\142_142037.jpg
400 400
21 21 236 202; 22 22 233 200; 21 21 234 200; 

47\142_142046.jpg
320 400
25 35 228 374; 12 26 269 400; 12 28 266 400; 

47\142_142049.jpg
320 400
60 22 301 292; 59 18 314 291; 61 20 308 289; 

47\142_142050.jpg
400 320
20 84 270 276; 17 80 356 270; 14 64 266 264; 

47\142_142051.jpg
400 318
88 56 217 180; 88 63 212 176; 90 63 212 176; 

47\142_142055.jpg
319 400
77 70 234 347; 51 70 236 348; 53 70 234 346; 

47\142_142064.jpg
341 400
50 58 284 391; 8 39 292 400; 95 39 290 264; 

47\142_142068.jpg
400 308
83 39 356 306; 74 40 361 299; 173 39 326 212; 

47\142_142069.jpg
400 266
22 38 274 265; 104 36 276 229; 114 37 275 226; 

47\142_142071.jpg
400 266
165 27 354 261; 163 26 358 266; 164 28 361 266; 

47\142_142097.jpg
400 309
71 22 286 293; 29 11 326 309; 31 10 326 309; 

47\142_142102.jpg
266 400
5 84 182 371; 0 84 182 370; 1 84 182 370; 

47\142_142108.jpg
400 315
32 9 282 233; 31 8 276 226; 31 7 281 228; 

47\142_142113.jpg
400 300
46 11 239 297; 67 80 239 224; 40 6 238 224; 

47\142_142114.jpg
266 400
108 64 247 381; 11 60 246 379; 14 62 246 379; 

47\142_142115.jpg
285 400
71 16 251 372; 69 14 246 388; 68 12 246 385; 

47\142_142117.jpg
266 400
84 12 179 278; 82 15 174 345; 84 17 184 359; 

47\142_142119.jpg
399 268
141 12 396 211; 118 4 394 208; 120 4 396 264; 

47\142_142120.jpg
400 341
150 79 281 278; 154 68 274 278; 87 62 274 276; 

47\142_142131.jpg
400 272
8 4 217 262; 8 4 219 263; 7 4 215 261; 

47\142_142133.jpg
368 399
71 5 330 273; 57 0 325 273; 57 1 325 273; 

47\142_142137.jpg
400 266
26 58 184 152; 28 62 178 156; 28 61 181 156; 

47\142_142152.jpg
373 400
46 118 264 303; 48 129 258 299; 49 122 261 300; 

47\142_142157.jpg
400 321
58 58 322 241; 81 90 289 238; 44 4 329 239; 

47\142_142174.jpg
400 298
114 4 328 290; 121 2 314 208; 136 1 316 192; 

47\142_142176.jpg
400 281
43 76 296 268; 44 76 299 262; 81 88 295 262; 

47\142_142177.jpg
319 400
139 49 272 356; 139 78 248 335; 138 29 273 353; 

47\142_142181.jpg
400 300
32 47 270 232; 31 46 286 236; 32 59 231 238; 

47\142_142185.jpg
400 286
11 78 248 279; 3 83 218 276; 1 74 219 281; 

47\142_142208.jpg
400 301
237 16 358 292; 234 27 358 288; 237 4 358 288; 

47\142_142232.jpg
399 266
180 31 367 182; 185 34 361 184; 186 35 363 184; 

47\142_142233.jpg
399 266
185 30 367 185; 184 34 365 187; 185 35 363 184; 

47\142_142235.jpg
299 400
57 51 213 339; 58 60 214 341; 54 57 214 340; 

47\142_142237.jpg
282 400
150 99 253 251; 147 99 253 259; 149 98 253 251; 

47\142_142241.jpg
268 400
44 121 236 378; 35 118 228 366; 41 120 225 281; 

47\142_142242.jpg
300 400
28 82 209 352; 7 81 224 358; 72 81 197 188; 

47\142_142250.jpg
399 267
48 66 380 233; 62 67 373 225; 64 70 375 231; 

47\142_142251.jpg
300 400
58 56 239 136; 61 58 239 132; 62 59 238 132; 

47\142_142258.jpg
400 283
9 4 214 272; 6 2 216 282; 4 0 216 282; 

47\142_142272.jpg
299 399
46 102 230 289; 39 102 231 288; 43 101 231 289; 

47\142_142274.jpg
400 266
14 19 282 180; 14 22 286 164; 13 19 286 189; 

47\142_142275.jpg
400 266
93 45 314 199; 174 96 311 198; 95 38 398 206; 

47\142_142301.jpg
400 266
152 31 349 240; 151 34 352 238; 150 34 351 238; 

47\142_142305.jpg
266 400
64 26 204 188; 62 28 202 190; 64 26 203 187; 

47\142_142317.jpg
300 400
15 60 279 330; 16 186 234 315; 0 44 284 312; 

47\142_142318.jpg
400 278
51 9 242 271; 49 17 244 279; 51 6 243 278; 

47\142_142339.jpg
400 300
94 7 389 156; 91 1 399 152; 93 1 400 156; 

47\142_142344.jpg
320 400
191 24 309 256; 191 19 316 257; 192 19 314 258; 

47\142_142357.jpg
320 400
23 164 284 394; 1 247 288 400; 1 173 289 400; 

47\142_142364.jpg
334 400
85 14 322 237; 87 18 324 227; 85 18 320 225; 

47\142_142405.jpg
300 400
1 71 296 286; 2 77 299 284; 1 70 299 284; 

47\142_142406.jpg
400 378
215 10 393 275; 218 3 400 271; 217 2 397 278; 

47\142_142415.jpg
400 300
78 66 255 271; 89 82 233 228; 82 71 245 272; 

47\142_142426.jpg
400 300
151 77 332 282; 148 79 331 284; 148 78 331 300; 

47\142_142432.jpg
246 400
38 33 111 228; 40 34 112 232; 40 34 110 400; 

47\142_142438.jpg
295 400
60 67 175 300; 59 67 173 299; 61 67 175 391; 

47\142_142439.jpg
300 399
66 55 252 369; 73 46 266 364; 74 46 298 362; 

47\142_142451.jpg
400 300
4 27 244 288; 111 42 284 254; 117 43 285 253; 

47\142_142452.jpg
400 281
106 14 226 262; 111 14 227 267; 16 15 228 256; 

47\142_142454.jpg
400 400
95 4 288 344; 96 7 286 349; 21 4 287 345; 

47\142_142457.jpg
400 288
19 59 382 240; 21 61 392 243; 20 60 391 244; 

47\142_142469.jpg
279 400
29 24 236 312; 32 24 229 312; 32 28 232 310; 

47\142_142478.jpg
400 320
32 29 230 297; 31 28 231 295; 33 29 229 298; 

47\142_142486.jpg
400 278
213 104 381 274; 218 111 378 276; 217 111 379 278; 

47\142_142495.jpg
270 400
98 62 192 356; 106 15 171 350; 107 16 172 349; 

47\142_142509.jpg
301 399
112 97 287 356; 121 101 285 357; 119 102 286 355; 

47\142_142520.jpg
303 400
34 84 242 268; 28 87 242 264; 28 86 241 263; 

47\142_142523.jpg
400 320
37 114 389 281; 9 116 400 258; 81 121 379 216; 

47\142_142527.jpg
400 266
63 24 185 217; 62 23 187 216; 63 24 184 216; 

47\142_142529.jpg
300 400
94 18 284 246; 94 19 286 239; 95 20 286 247; 

47\142_142536.jpg
400 219
131 19 329 77; 131 16 348 74; 131 1 346 76; 

47\142_142537.jpg
400 400
66 42 247 229; 63 44 246 225; 63 45 246 234; 

47\142_142541.jpg
400 300
16 6 262 291; 12 1 261 300; 20 0 261 300; 

47\142_142546.jpg
400 266
96 111 173 254; 99 112 174 266; 98 112 174 266; 

47\142_142547.jpg
266 400
18 25 232 306; 15 90 239 309; 15 6 239 304; 

47\142_142549.jpg
400 266
218 68 339 196; 218 70 339 238; 219 73 338 242; 

47\142_142550.jpg
266 400
24 90 208 359; 80 154 224 339; 0 69 234 339; 

47\142_142551.jpg
400 300
160 29 299 249; 161 30 298 237; 162 31 297 275; 

47\142_142556.jpg
400 400
231 101 330 309; 239 101 327 371; 238 100 348 382; 

47\142_142557.jpg
400 266
158 36 381 206; 157 39 343 207; 156 40 390 208; 

47\142_142560.jpg
400 288
177 98 365 260; 182 101 372 259; 178 102 371 261; 

47\142_142577.jpg
400 290
78 52 159 233; 74 54 154 229; 73 54 154 229; 

47\142_142582.jpg
400 268
11 12 189 195; 13 8 196 195; 11 9 191 189; 

47\142_142583.jpg
400 268
119 81 249 216; 128 83 282 185; 116 81 296 198; 

47\142_142588.jpg
400 203
259 55 359 171; 259 56 362 174; 261 55 362 172; 

47\142_142598.jpg
400 366
191 5 371 362; 194 3 371 362; 193 1 371 365; 

47\142_142625.jpg
291 400
29 84 187 331; 28 88 189 332; 29 89 187 329; 

47\142_142627.jpg
266 400
99 122 188 307; 100 124 187 305; 99 121 184 306; 

47\142_142628.jpg
266 400
86 132 165 302; 84 130 164 302; 86 131 163 299; 

47\142_142635.jpg
400 266
26 51 189 266; 18 52 194 266; 19 52 189 266; 

47\142_142638.jpg
400 266
106 34 330 239; 105 37 332 242; 106 37 331 241; 

47\142_142639.jpg
400 266
8 48 359 226; 41 49 354 247; 59 52 354 249; 

47\142_142642.jpg
266 400
86 60 202 344; 87 62 202 342; 87 65 202 341; 

47\142_142643.jpg
266 400
79 107 205 371; 81 105 202 372; 81 106 202 370; 

47\142_142644.jpg
266 400
80 110 206 355; 82 110 206 357; 81 109 205 354; 

47\142_142645.jpg
266 400
87 114 174 319; 91 114 172 318; 92 112 171 319; 

47\142_142647.jpg
266 400
21 34 239 318; 21 37 238 314; 19 35 240 314; 

47\142_142656.jpg
400 266
128 6 329 264; 129 1 327 266; 129 1 326 266; 

47\142_142658.jpg
400 266
48 8 268 258; 48 5 259 259; 48 8 259 254; 

47\142_142667.jpg
400 185
49 82 318 177; 48 84 319 174; 48 86 317 174; 

47\142_142669.jpg
400 302
58 53 194 284; 60 54 201 296; 61 54 200 295; 

47\142_142677.jpg
400 320
104 78 336 264; 97 79 338 264; 98 79 338 261; 

47\142_142699.jpg
400 295
25 40 372 103; 26 44 371 102; 25 44 371 100; 

47\142_142702.jpg
400 198
64 24 170 120; 62 25 171 118; 63 24 170 117; 

47\142_142711.jpg
399 400
168 10 384 299; 171 51 296 297; 169 50 298 298; 

47\142_142715.jpg
400 360
255 16 396 220; 257 13 394 219; 259 15 396 219; 

47\142_142716.jpg
266 400
71 29 246 392; 71 29 221 398; 72 28 249 399; 

47\142_142718.jpg
400 303
8 117 219 256; 7 118 218 256; 8 118 217 304; 

47\142_142729.jpg
400 266
51 52 333 263; 51 52 339 266; 51 54 322 202; 

47\142_142731.jpg
400 266
69 17 301 236; 52 5 309 239; 72 58 284 164; 

47\142_142738.jpg
258 400
109 98 253 392; 108 97 252 396; 108 98 252 397; 

47\142_142742.jpg
266 400
11 114 190 396; 7 112 191 399; 6 114 193 400; 

47\142_142750.jpg
400 268
21 38 368 172; 16 38 242 172; 19 39 379 171; 

47\142_142758.jpg
266 400
16 35 252 269; 7 34 250 274; 8 34 250 267; 

47\142_142765.jpg
310 400
63 81 287 291; 65 87 285 288; 64 83 282 287; 

47\142_142774.jpg
400 266
64 14 269 254; 59 9 271 266; 62 6 272 249; 

47\142_142775.jpg
266 400
62 147 186 396; 64 150 188 331; 62 149 186 329; 

47\142_142786.jpg
400 266
143 92 370 249; 144 97 368 239; 145 96 370 243; 

47\142_142789.jpg
400 320
76 54 330 291; 76 51 331 288; 76 56 329 291; 

47\142_142794.jpg
400 300
95 12 291 263; 101 0 316 264; 101 0 307 265; 

47\142_142797.jpg
400 268
123 61 336 206; 124 63 336 205; 124 63 334 204; 

47\142_142817.jpg
400 273
162 4 381 271; 168 31 389 274; 166 33 387 274; 

47\142_142838.jpg
400 351
136 111 309 282; 141 108 322 331; 139 106 362 333; 

47\142_142848.jpg
400 267
128 131 272 248; 130 131 272 243; 128 129 270 243; 

47\142_142850.jpg
400 318
108 39 280 315; 111 39 288 318; 110 40 276 257; 

47\142_142865.jpg
400 281
64 6 313 271; 113 8 321 276; 87 6 309 236; 

47\142_142869.jpg
400 266
85 50 361 261; 127 50 251 180; 81 51 399 266; 

47\142_142887.jpg
260 400
58 104 215 273; 56 106 218 272; 58 106 215 270; 

47\142_142894.jpg
266 400
8 53 184 384; 0 55 185 378; 2 57 184 386; 

47\142_142915.jpg
400 329
39 110 357 268; 74 111 279 186; 74 112 279 186; 

47\142_142916.jpg
400 300
9 104 381 253; 9 100 379 248; 9 104 379 249; 

47\142_142947.jpg
400 320
14 75 368 241; 9 76 369 244; 10 76 372 245; 

47\142_142948.jpg
400 320
19 78 325 254; 16 79 323 250; 17 79 324 256; 

47\142_142989.jpg
400 266
121 55 302 218; 121 55 303 215; 121 56 303 267; 

47\143_143021.jpg
310 400
16 28 206 384; 15 25 210 385; 16 25 207 385; 

47\143_143024.jpg
400 397
64 61 248 381; 43 54 253 381; 40 57 253 385; 

47\143_143056.jpg
399 325
144 110 378 299; 148 110 379 303; 147 113 376 302; 

47\143_143073.jpg
399 279
102 50 300 241; 102 50 300 242; 104 52 299 242; 

47\143_143078.jpg
400 255
22 94 364 219; 24 94 368 219; 22 92 367 226; 

47\143_143090.jpg
400 286
72 64 302 277; 139 70 383 218; 138 69 382 284; 

47\143_143118.jpg
400 314
174 98 320 252; 175 95 321 268; 29 97 321 269; 

47\143_143148.jpg
400 300
158 20 392 297; 189 1 400 241; 192 4 384 284; 

47\143_143151.jpg
400 266
88 67 289 209; 34 52 343 245; 34 52 343 244; 

47\143_143155.jpg
400 185
90 61 336 166; 23 48 384 169; 89 47 384 170; 

47\143_143167.jpg
223 400
40 5 199 262; 92 9 198 265; 81 10 199 266; 

47\143_143187.jpg
400 345
42 4 342 272; 39 179 276 310; 43 180 273 311; 

47\143_143191.jpg
400 266
148 31 279 258; 147 30 281 266; 147 30 279 266; 

47\143_143192.jpg
400 266
120 69 263 191; 117 67 261 195; 116 58 263 192; 

47\143_143196.jpg
400 285
142 26 292 179; 142 29 294 181; 145 29 293 180; 

47\143_143198.jpg
400 301
224 28 334 181; 226 28 334 181; 226 27 335 184; 

47\143_143199.jpg
400 305
232 56 374 253; 229 59 374 249; 231 58 375 251; 

47\143_143208.jpg
400 300
121 62 284 272; 124 64 294 268; 124 63 294 269; 

47\143_143210.jpg
400 267
134 6 341 249; 131 6 289 251; 138 8 382 254; 

47\143_143216.jpg
400 289
239 58 349 224; 246 73 352 222; 245 72 351 222; 

47\143_143253.jpg
400 285
58 134 352 243; 58 134 356 237; 58 134 354 239; 

47\143_143262.jpg
400 351
26 40 370 239; 27 30 374 240; 27 26 373 238; 

47\143_143281.jpg
400 319
98 14 344 267; 109 109 259 266; 111 1 373 262; 

47\143_143285.jpg
400 400
135 23 348 391; 151 24 285 207; 151 23 285 204; 

47\143_143287.jpg
400 400
98 42 310 302; 121 35 300 255; 119 37 263 201; 

47\143_143291.jpg
400 400
122 30 302 254; 113 26 309 209; 121 25 287 190; 

47\143_143303.jpg
266 400
38 14 216 302; 3 14 220 400; 75 15 219 199; 

47\143_143318.jpg
400 280
110 12 270 238; 116 11 274 245; 115 12 267 211; 

47\143_143325.jpg
270 400
70 30 234 158; 72 29 239 157; 72 31 236 159; 

47\143_143339.jpg
300 400
120 116 296 398; 73 114 238 400; 98 104 238 264; 

47\143_143422.jpg
400 300
32 95 202 298; 34 96 213 300; 32 99 215 300; 

47\143_143425.jpg
305 400
40 44 169 347; 36 46 177 342; 38 48 176 343; 

47\143_143447.jpg
400 306
73 37 218 279; 79 38 223 288; 81 38 222 278; 

47\143_143454.jpg
400 300
111 38 342 269; 92 28 354 259; 95 28 356 262; 

47\143_143466.jpg
301 400
98 62 256 266; 99 64 254 270; 92 59 279 279; 

47\143_143482.jpg
303 400
43 14 268 338; 56 61 269 339; 0 0 268 339; 

47\143_143495.jpg
305 400
38 96 239 318; 46 102 236 321; 37 99 239 320; 

47\143_143497.jpg
400 351
190 109 342 262; 189 107 342 261; 194 110 341 258; 

47\143_143505.jpg
400 255
164 48 358 249; 164 51 357 254; 165 52 358 255; 

47\143_143513.jpg
400 290
12 33 296 262; 8 34 294 264; 6 34 294 267; 

47\143_143531.jpg
400 318
115 38 364 318; 101 36 368 318; 101 36 366 318; 

47\143_143532.jpg
309 400
14 68 235 374; 11 42 244 399; 15 43 245 400; 

47\143_143551.jpg
400 308
178 28 366 219; 181 27 367 216; 181 26 366 217; 

47\143_143553.jpg
400 347
74 28 244 261; 74 30 248 235; 78 29 241 236; 

47\143_143558.jpg
320 400
68 72 252 376; 47 37 272 231; 48 36 275 376; 

47\143_143607.jpg
400 266
51 16 307 264; 29 12 326 266; 28 14 324 266; 

47\143_143608.jpg
400 267
74 121 334 197; 2 122 399 221; 2 122 395 199; 

47\143_143609.jpg
400 300
136 32 276 212; 136 26 281 216; 136 26 281 212; 

47\143_143616.jpg
400 283
156 88 342 251; 159 118 397 249; 160 116 396 251; 

47\143_143618.jpg
400 400
12 42 332 322; 13 26 336 321; 14 26 379 323; 

47\143_143620.jpg
400 320
192 19 361 192; 176 4 398 239; 188 28 393 198; 

47\143_143621.jpg
400 376
231 36 364 272; 241 37 363 355; 238 36 363 354; 

47\143_143630.jpg
400 261
108 31 390 244; 113 31 391 245; 114 31 392 244; 

47\143_143633.jpg
400 376
234 36 366 277; 239 39 366 354; 240 38 363 357; 

47\143_143648.jpg
400 300
202 51 371 251; 199 46 371 249; 198 41 371 247; 

47\143_143654.jpg
300 400
54 20 238 261; 46 148 161 260; 57 23 236 262; 

47\143_143657.jpg
400 300
132 68 350 266; 128 49 358 269; 132 51 352 268; 

47\143_143664.jpg
268 399
48 40 217 350; 47 23 142 297; 49 23 174 399; 

47\143_143687.jpg
266 400
72 68 215 292; 72 62 240 192; 73 62 239 299; 

47\143_143689.jpg
400 266
90 40 334 257; 89 42 221 202; 90 44 221 203; 

47\143_143691.jpg
266 400
14 96 235 300; 12 96 240 301; 12 98 236 303; 

47\143_143694.jpg
266 400
38 36 221 356; 34 34 235 240; 34 34 234 236; 

47\143_143696.jpg
400 320
30 44 302 298; 23 44 308 320; 146 101 304 279; 

47\143_143716.jpg
400 320
50 82 374 264; 19 78 399 238; 17 77 397 269; 

47\143_143719.jpg
400 259
42 10 229 208; 41 39 213 196; 34 1 226 195; 

47\143_143721.jpg
400 300
74 36 348 278; 49 36 344 267; 51 37 345 270; 

47\143_143722.jpg
400 266
72 52 212 264; 72 53 217 266; 73 51 216 266; 

47\143_143723.jpg
400 254
66 54 258 124; 49 53 256 123; 50 52 259 122; 

47\143_143724.jpg
400 266
74 40 212 262; 73 40 176 163; 74 40 178 165; 

47\143_143725.jpg
400 258
42 38 224 191; 36 39 219 196; 40 40 219 199; 

47\143_143727.jpg
400 313
62 129 263 251; 64 130 263 283; 63 131 264 285; 

47\143_143733.jpg
400 300
75 88 368 224; 76 88 381 226; 73 89 384 228; 

47\143_143734.jpg
400 266
52 26 272 234; 43 33 269 199; 48 31 270 198; 

47\143_143735.jpg
266 400
101 36 226 274; 102 38 226 269; 103 36 228 274; 

47\143_143745.jpg
400 266
102 64 263 176; 104 64 258 167; 103 66 259 166; 

47\143_143747.jpg
236 400
65 74 176 372; 62 72 177 374; 63 74 175 373; 

47\143_143749.jpg
300 400
46 112 252 390; 47 116 253 394; 44 120 253 396; 

47\143_143754.jpg
400 266
140 5 393 257; 222 47 369 183; 141 3 397 261; 

47\143_143756.jpg
400 354
54 76 274 250; 52 77 356 252; 56 77 351 266; 

47\143_143757.jpg
322 399
16 101 246 358; 3 102 250 359; 1 104 249 357; 

47\143_143762.jpg
400 348
46 46 300 236; 39 48 327 306; 48 46 326 314; 

47\143_143763.jpg
400 380
62 53 290 313; 63 54 258 309; 59 55 391 326; 

47\143_143772.jpg
400 268
219 136 342 232; 227 144 346 232; 227 148 345 234; 

47\143_143774.jpg
400 234
49 45 300 158; 48 49 303 161; 46 52 298 160; 

47\143_143776.jpg
393 400
70 88 334 300; 71 89 335 300; 72 88 336 301; 

47\143_143785.jpg
400 300
11 78 219 257; 87 112 211 255; 1 76 210 254; 

47\143_143791.jpg
329 400
116 19 241 208; 108 14 254 217; 106 16 254 220; 

47\143_143793.jpg
300 400
2 38 200 337; 118 44 201 268; 102 46 200 219; 

47\143_143797.jpg
300 400
46 49 206 348; 46 48 213 400; 76 51 198 187; 

47\143_143815.jpg
400 266
106 60 244 181; 107 65 243 181; 108 64 243 181; 

47\143_143816.jpg
266 400
104 82 219 348; 106 84 220 349; 106 84 219 352; 

47\143_143817.jpg
266 400
50 152 152 324; 49 152 151 324; 49 153 150 325; 

47\143_143818.jpg
266 400
72 164 151 316; 75 165 154 316; 75 165 152 316; 

47\143_143819.jpg
400 320
180 129 362 276; 186 132 373 271; 186 131 375 270; 

47\143_143826.jpg
400 320
23 98 361 248; 23 116 361 249; 23 116 358 254; 

47\143_143828.jpg
400 266
60 14 196 263; 59 15 194 266; 62 16 191 266; 

47\143_143841.jpg
400 400
58 80 334 378; 25 15 375 369; 83 120 336 366; 

47\143_143847.jpg
266 400
6 186 218 392; 6 182 217 399; 4 187 215 399; 

47\143_143848.jpg
323 400
34 14 233 206; 70 26 204 169; 67 23 202 168; 

47\143_143849.jpg
400 239
104 28 226 161; 104 42 224 161; 26 16 362 220; 

47\143_143856.jpg
255 400
111 26 239 300; 119 5 243 300; 115 4 241 302; 

47\143_143858.jpg
333 400
22 154 176 340; 16 158 173 329; 15 159 171 394; 

47\143_143859.jpg
245 400
16 72 225 242; 3 71 227 240; 1 72 227 303; 

47\143_143862.jpg
400 266
122 30 294 221; 123 86 283 223; 120 27 291 221; 

47\143_143866.jpg
399 266
118 52 290 243; 119 56 292 257; 120 56 295 256; 

47\143_143868.jpg
400 266
69 55 339 256; 72 59 335 261; 73 58 362 259; 

47\143_143878.jpg
400 171
16 11 226 170; 16 32 178 170; 0 1 228 171; 

47\143_143881.jpg
400 266
106 92 350 211; 104 92 400 219; 104 90 400 221; 

47\143_143884.jpg
400 266
128 58 326 265; 129 104 234 255; 131 18 329 256; 

47\143_143889.jpg
400 298
34 18 286 264; 98 90 255 298; 98 90 271 298; 

47\143_143902.jpg
269 400
36 89 231 394; 33 92 179 352; 31 94 229 366; 

47\143_143904.jpg
310 400
8 210 297 348; 9 209 297 350; 6 212 298 347; 

47\143_143913.jpg
400 291
72 79 320 236; 84 82 319 238; 84 81 321 237; 

47\143_143917.jpg
400 266
170 38 284 240; 181 41 276 244; 181 39 273 246; 

47\143_143918.jpg
400 266
164 14 328 262; 217 16 309 243; 221 14 310 244; 

47\143_143919.jpg
400 262
86 26 182 184; 87 25 218 262; 88 26 163 173; 

47\143_143931.jpg
244 400
30 116 198 388; 26 109 198 389; 28 114 200 391; 

47\143_143932.jpg
244 400
10 143 208 394; 4 147 206 396; 4 149 208 396; 

47\143_143934.jpg
244 400
10 58 231 284; 55 82 188 258; 56 84 187 259; 

47\143_143948.jpg
400 306
118 46 280 217; 19 65 291 217; 4 41 350 234; 

47\143_143952.jpg
400 300
11 58 280 271; 67 72 284 239; 0 62 284 282; 

47\143_143962.jpg
400 266
68 88 256 263; 69 82 261 266; 69 84 257 266; 

47\143_143966.jpg
400 366
47 15 342 312; 91 109 332 295; 42 4 368 303; 

47\143_143968.jpg
400 299
40 38 276 221; 31 39 279 299; 51 39 278 299; 

47\143_143970.jpg
306 400
4 29 200 391; 0 19 225 400; 1 16 179 296; 

47\143_143983.jpg
400 285
14 22 272 277; 49 22 273 264; 48 22 274 261; 

