280

49\147_147001.jpg
291 400
51 104 288 316; 64 158 234 313; 61 158 234 316; 

49\147_147009.jpg
300 400
50 29 232 368; 54 108 244 374; 53 33 232 362; 

49\147_147030.jpg
400 268
48 108 350 266; 48 100 352 268; 49 99 353 268; 

49\147_147032.jpg
300 400
20 42 272 308; 39 115 209 308; 18 46 298 316; 

49\147_147048.jpg
400 300
198 72 346 250; 196 69 348 250; 198 72 348 251; 

49\147_147049.jpg
300 400
62 58 262 378; 119 191 223 336; 62 60 264 375; 

49\147_147050.jpg
400 300
110 24 314 246; 108 72 316 241; 109 7 317 271; 

49\147_147073.jpg
300 400
86 43 283 362; 84 39 288 363; 85 38 288 365; 

49\147_147075.jpg
300 400
34 86 192 364; 38 93 156 364; 40 90 192 366; 

49\147_147082.jpg
400 300
167 16 357 294; 163 14 344 292; 164 13 354 300; 

49\147_147087.jpg
300 400
21 132 270 367; 171 128 300 318; 166 132 281 359; 

49\147_147091.jpg
400 299
44 34 183 287; 44 51 177 269; 44 53 178 299; 

49\147_147093.jpg
400 299
237 113 364 227; 241 121 361 212; 242 118 360 211; 

49\147_147097.jpg
300 400
10 92 207 394; 7 83 171 256; 6 83 210 399; 

49\147_147102.jpg
300 400
10 39 222 330; 23 34 200 233; 12 33 238 341; 

49\147_147105.jpg
400 300
80 40 228 236; 79 10 232 237; 81 11 230 238; 

49\147_147106.jpg
300 400
128 44 254 396; 122 52 244 387; 124 51 244 400; 

49\147_147108.jpg
400 300
15 60 258 284; 4 63 145 274; 0 65 255 281; 

49\147_147110.jpg
400 300
88 46 296 258; 88 58 299 278; 87 58 298 278; 

49\147_147116.jpg
300 400
46 39 142 364; 45 38 156 364; 46 40 155 366; 

49\147_147122.jpg
300 400
101 52 289 383; 118 48 213 175; 102 50 294 386; 

49\147_147132.jpg
400 320
90 4 290 234; 91 1 291 231; 92 6 290 231; 

49\147_147133.jpg
320 400
66 89 288 378; 75 96 289 323; 76 95 277 306; 

49\147_147141.jpg
400 268
258 28 356 184; 259 27 359 198; 258 27 359 197; 

49\147_147189.jpg
266 400
106 108 198 394; 64 34 203 400; 103 128 202 400; 

49\147_147198.jpg
300 400
32 24 260 317; 121 135 247 314; 121 29 250 311; 

49\147_147199.jpg
266 400
48 152 159 358; 48 154 169 361; 49 156 169 360; 

49\147_147203.jpg
320 400
42 70 232 200; 45 70 229 197; 44 70 230 198; 

49\147_147253.jpg
400 266
34 0 268 263; 43 59 259 184; 42 1 262 181; 

49\147_147254.jpg
400 234
86 8 184 214; 87 8 179 231; 88 7 178 231; 

49\147_147255.jpg
400 266
43 11 323 211; 29 19 265 210; 28 18 262 211; 

49\147_147275.jpg
400 266
84 46 256 262; 84 47 267 265; 85 47 258 206; 

49\147_147276.jpg
271 400
40 138 201 396; 46 136 181 284; 43 138 181 400; 

49\147_147308.jpg
400 291
93 11 325 272; 93 12 284 201; 95 11 317 278; 

49\147_147337.jpg
400 266
114 60 285 230; 93 47 271 193; 131 69 274 191; 

49\147_147338.jpg
266 400
84 38 211 374; 82 34 207 383; 82 35 206 383; 

49\147_147342.jpg
400 266
78 40 304 257; 76 36 305 261; 77 38 304 260; 

49\147_147346.jpg
400 266
124 48 290 189; 125 48 278 191; 125 51 277 188; 

49\147_147348.jpg
400 400
49 164 270 393; 61 161 211 357; 62 166 276 400; 

49\147_147349.jpg
400 266
58 16 322 251; 61 15 325 252; 59 13 327 253; 

49\147_147364.jpg
400 266
46 74 369 189; 41 75 363 185; 39 72 365 187; 

49\147_147367.jpg
400 266
111 69 294 217; 115 76 294 217; 118 70 295 216; 

49\147_147374.jpg
400 266
68 16 332 245; 111 26 307 213; 115 55 274 201; 

49\147_147382.jpg
400 319
130 20 381 305; 130 18 376 167; 131 20 377 184; 

49\147_147388.jpg
400 266
156 58 266 166; 157 52 267 167; 149 51 265 168; 

49\147_147389.jpg
400 279
203 118 362 213; 209 118 363 213; 209 118 363 211; 

49\147_147390.jpg
400 266
46 40 370 215; 160 69 262 176; 45 38 376 214; 

49\147_147393.jpg
400 371
44 78 350 279; 41 82 352 284; 42 81 356 293; 

49\147_147394.jpg
348 400
108 44 328 302; 109 43 330 302; 111 45 329 302; 

49\147_147401.jpg
400 321
70 71 358 236; 71 70 363 236; 72 71 362 238; 

49\147_147426.jpg
400 330
106 50 328 307; 104 51 334 308; 106 51 272 306; 

49\147_147428.jpg
400 303
86 22 298 282; 89 24 303 281; 11 22 301 285; 

49\147_147434.jpg
400 371
32 60 221 291; 79 61 185 216; 51 36 224 244; 

49\147_147438.jpg
400 384
52 12 328 264; 53 9 329 262; 95 68 303 249; 

49\147_147568.jpg
400 291
170 16 384 211; 14 98 226 165; 92 11 391 213; 

49\147_147618.jpg
400 303
38 32 264 208; 38 32 261 207; 40 32 274 266; 

49\147_147635.jpg
400 266
74 48 380 184; 71 48 396 220; 75 48 392 254; 

49\147_147653.jpg
400 233
85 71 338 210; 85 67 324 210; 86 69 322 212; 

49\147_147657.jpg
301 400
27 63 248 390; 101 38 191 193; 98 38 206 192; 

49\147_147659.jpg
266 400
0 0 201 278; 29 94 201 266; 0 0 201 264; 

49\147_147660.jpg
400 235
72 70 314 229; 74 73 260 233; 74 76 262 232; 

49\147_147664.jpg
400 300
161 49 316 282; 158 66 306 282; 159 48 329 285; 

49\147_147686.jpg
400 266
131 54 372 244; 117 56 378 248; 112 54 376 247; 

49\147_147693.jpg
400 266
74 40 320 251; 73 41 326 254; 72 38 327 254; 

49\147_147694.jpg
400 266
106 38 274 165; 106 36 277 168; 106 37 277 166; 

49\147_147700.jpg
265 400
15 38 190 392; 16 39 192 385; 17 39 192 400; 

49\147_147706.jpg
266 400
135 158 230 351; 134 161 225 347; 143 163 223 347; 

49\147_147712.jpg
400 266
12 12 379 155; 13 14 383 151; 13 11 385 154; 

49\147_147722.jpg
400 300
98 10 286 270; 98 56 288 256; 97 57 287 255; 

49\147_147723.jpg
400 345
66 16 314 321; 87 56 304 318; 66 1 315 316; 

49\147_147728.jpg
300 400
18 78 254 356; 51 86 253 327; 19 69 255 326; 

49\147_147771.jpg
400 320
96 32 292 288; 102 26 264 236; 76 28 400 289; 

49\147_147785.jpg
400 300
51 80 197 244; 48 88 193 240; 45 86 194 238; 

49\147_147797.jpg
400 330
98 82 306 252; 89 79 312 258; 99 81 364 313; 

49\147_147811.jpg
400 383
62 65 340 332; 43 24 353 365; 105 101 276 294; 

49\147_147819.jpg
400 380
64 34 310 341; 62 31 308 344; 62 32 310 341; 

49\147_147827.jpg
400 299
26 76 186 270; 27 80 179 275; 24 77 188 273; 

49\147_147829.jpg
400 268
34 24 184 168; 18 21 184 239; 19 22 184 239; 

49\147_147845.jpg
274 400
56 36 226 386; 40 38 238 279; 42 48 224 282; 

49\147_147856.jpg
266 400
14 2 247 272; 104 81 264 286; 101 83 258 291; 

49\147_147888.jpg
266 400
90 22 176 360; 81 13 178 360; 81 16 178 361; 

49\147_147898.jpg
400 298
112 54 360 295; 109 53 365 299; 109 54 365 299; 

49\147_147908.jpg
400 286
72 52 290 284; 89 91 286 238; 88 91 289 236; 

49\147_147909.jpg
400 276
12 28 220 226; 81 85 221 231; 6 26 220 229; 

49\147_147924.jpg
305 400
74 172 221 341; 62 170 229 306; 62 171 230 336; 

49\147_147926.jpg
400 300
68 84 258 256; 66 86 319 254; 69 83 319 256; 

49\147_147936.jpg
400 266
60 16 272 260; 46 18 276 264; 49 20 279 266; 

49\147_147937.jpg
400 266
80 68 246 232; 71 65 242 238; 72 61 246 236; 

49\147_147938.jpg
400 266
58 32 346 244; 49 32 351 249; 49 31 352 251; 

49\147_147939.jpg
400 266
74 32 350 220; 77 29 358 232; 73 26 356 234; 

49\147_147941.jpg
400 288
112 72 336 229; 107 73 342 231; 98 72 338 234; 

49\147_147942.jpg
400 350
54 84 318 256; 50 77 335 262; 36 78 335 259; 

49\147_147966.jpg
400 300
74 66 359 237; 217 63 309 187; 73 65 359 259; 

49\147_147978.jpg
400 300
96 48 294 240; 95 47 298 241; 99 49 294 249; 

49\147_147980.jpg
300 400
33 67 191 390; 81 67 157 247; 30 67 190 400; 

49\148_148004.jpg
400 308
70 36 173 275; 66 35 173 274; 63 35 172 275; 

49\148_148005.jpg
400 306
22 42 184 229; 13 42 185 231; 13 43 184 231; 

49\148_148015.jpg
400 266
58 44 321 240; 55 33 389 243; 52 38 388 244; 

49\148_148023.jpg
400 300
100 12 334 190; 102 12 332 179; 98 8 332 179; 

49\148_148027.jpg
400 298
176 30 288 279; 181 28 288 278; 179 30 288 279; 

49\148_148031.jpg
400 366
120 118 330 350; 186 116 322 353; 117 119 321 365; 

49\148_148032.jpg
320 400
42 80 272 374; 33 86 270 310; 32 87 271 373; 

49\148_148035.jpg
318 400
84 92 222 266; 87 67 225 362; 87 66 225 363; 

49\148_148040.jpg
266 400
14 2 247 270; 102 79 264 289; 101 84 263 286; 

49\148_148045.jpg
400 266
130 24 326 244; 131 68 308 249; 131 20 330 249; 

49\148_148056.jpg
400 268
126 52 302 241; 164 51 308 244; 127 52 308 243; 

49\148_148059.jpg
400 268
164 20 336 241; 168 22 341 240; 168 21 339 241; 

49\148_148061.jpg
400 268
56 40 299 231; 56 32 264 184; 56 32 376 240; 

49\148_148067.jpg
399 314
126 70 288 271; 125 72 288 271; 126 71 289 274; 

49\148_148073.jpg
366 400
46 80 284 396; 74 82 282 274; 50 82 298 396; 

49\148_148077.jpg
400 266
50 40 242 229; 52 39 154 236; 51 39 399 236; 

49\148_148078.jpg
400 300
56 18 298 224; 51 18 258 219; 56 21 299 224; 

49\148_148092.jpg
188 400
38 151 158 392; 32 152 158 399; 28 146 162 400; 

49\148_148123.jpg
400 291
102 50 277 281; 82 49 272 291; 92 51 273 271; 

49\148_148129.jpg
400 318
88 14 285 318; 89 13 274 248; 90 14 302 318; 

49\148_148140.jpg
400 300
0 60 338 216; 89 49 353 215; 0 49 355 214; 

49\148_148148.jpg
263 400
28 52 244 309; 28 12 244 229; 29 9 242 199; 

49\148_148149.jpg
400 300
26 86 374 288; 12 83 379 266; 16 84 375 300; 

49\148_148152.jpg
400 312
34 82 389 174; 32 79 399 185; 32 79 399 185; 

49\148_148183.jpg
400 320
28 141 302 274; 22 142 302 275; 22 142 302 276; 

49\148_148187.jpg
400 300
52 20 302 293; 53 16 297 238; 53 16 340 300; 

49\148_148200.jpg
266 400
155 168 238 372; 161 171 236 369; 163 171 236 371; 

49\148_148226.jpg
400 266
86 40 362 264; 88 40 376 247; 88 33 375 266; 

49\148_148228.jpg
400 266
140 7 358 224; 138 44 356 232; 137 0 368 233; 

49\148_148246.jpg
400 300
74 18 384 232; 122 88 376 222; 122 7 379 221; 

49\148_148247.jpg
399 320
53 66 372 270; 114 162 392 279; 114 161 389 279; 

49\148_148259.jpg
400 305
166 84 372 222; 168 82 373 221; 169 82 373 223; 

49\148_148271.jpg
400 286
100 36 298 200; 100 39 302 211; 100 38 302 211; 

49\148_148291.jpg
400 267
55 94 338 209; 126 19 342 179; 125 92 341 164; 

49\148_148302.jpg
400 327
68 34 326 288; 66 37 329 291; 68 36 326 290; 

49\148_148303.jpg
400 300
18 86 370 280; 111 86 337 252; 188 88 308 221; 

49\148_148306.jpg
400 266
20 78 214 209; 52 110 221 224; 24 68 242 234; 

49\148_148348.jpg
400 300
107 106 223 262; 109 105 226 265; 110 106 223 263; 

49\148_148356.jpg
400 288
44 30 279 204; 42 31 276 204; 34 32 375 272; 

49\148_148368.jpg
400 266
37 17 244 257; 49 22 276 257; 48 25 282 256; 

49\148_148371.jpg
301 400
91 24 278 381; 91 22 244 171; 91 24 242 171; 

49\148_148387.jpg
400 320
102 14 346 270; 104 16 353 231; 102 16 352 231; 

49\148_148401.jpg
400 300
22 104 378 280; 114 102 324 254; 179 102 292 219; 

49\148_148411.jpg
400 320
122 72 378 150; 118 74 399 151; 119 73 336 122; 

49\148_148413.jpg
400 320
152 135 396 244; 149 111 400 240; 152 143 355 224; 

49\148_148414.jpg
400 320
10 92 264 226; 6 79 271 220; 6 80 272 218; 

49\148_148415.jpg
400 320
118 120 386 222; 104 119 398 229; 136 121 327 199; 

49\148_148416.jpg
400 320
196 148 376 284; 199 146 359 240; 198 145 358 238; 

49\148_148420.jpg
400 266
124 64 399 175; 126 68 399 174; 124 68 400 173; 

49\148_148428.jpg
400 350
48 102 372 251; 39 101 400 251; 42 106 400 253; 

49\148_148437.jpg
400 266
136 48 254 202; 136 46 257 201; 138 48 257 199; 

49\148_148438.jpg
400 266
238 76 334 207; 238 79 335 206; 238 79 334 206; 

49\148_148450.jpg
400 300
8 62 272 163; 6 54 272 161; 4 57 272 161; 

49\148_148451.jpg
400 300
6 10 222 296; 28 9 223 261; 61 9 222 108; 

49\148_148474.jpg
250 399
44 15 189 308; 46 59 171 350; 44 0 189 349; 

49\148_148493.jpg
335 400
154 14 309 254; 156 5 310 252; 155 8 310 253; 

49\148_148498.jpg
400 320
94 14 338 246; 99 6 339 247; 94 5 338 246; 

49\148_148507.jpg
400 266
142 4 344 257; 130 25 389 166; 130 22 389 164; 

49\148_148509.jpg
399 228
91 64 324 205; 78 63 332 200; 122 64 331 190; 

49\148_148519.jpg
288 400
18 25 196 256; 47 22 201 259; 4 22 202 258; 

49\148_148520.jpg
400 266
202 10 325 258; 198 6 325 256; 204 8 324 261; 

49\148_148527.jpg
400 337
42 62 357 269; 16 62 193 256; 18 64 365 275; 

49\148_148532.jpg
329 400
42 64 283 344; 39 56 283 344; 41 59 283 341; 

49\148_148536.jpg
400 356
126 5 270 303; 127 36 274 303; 128 0 276 303; 

49\148_148548.jpg
400 266
202 10 314 251; 202 10 324 258; 204 8 324 259; 

49\148_148549.jpg
325 400
16 102 298 354; 12 99 186 324; 14 104 300 360; 

49\148_148573.jpg
266 400
48 19 204 384; 43 20 209 387; 43 22 206 385; 

49\148_148575.jpg
266 400
40 24 168 262; 40 18 151 231; 14 16 172 284; 

49\148_148580.jpg
295 400
38 142 250 344; 42 143 248 344; 42 62 250 346; 

49\148_148582.jpg
400 291
40 60 358 231; 43 61 289 199; 42 62 364 193; 

49\148_148588.jpg
400 300
150 8 354 296; 154 3 354 300; 152 3 352 300; 

49\148_148593.jpg
400 385
120 69 294 246; 121 69 293 246; 120 71 292 246; 

49\148_148599.jpg
400 301
3 28 196 193; 3 23 198 192; 1 26 196 193; 

49\148_148622.jpg
400 305
142 52 332 302; 139 48 287 299; 144 52 326 281; 

49\148_148653.jpg
400 238
42 62 330 214; 36 62 336 214; 40 62 336 213; 

49\148_148658.jpg
400 324
106 39 329 318; 103 37 324 324; 104 40 324 321; 

49\148_148659.jpg
400 236
26 58 208 225; 35 59 208 223; 36 58 208 224; 

49\148_148662.jpg
320 400
134 66 266 381; 138 64 265 381; 138 63 266 379; 

49\148_148683.jpg
400 268
162 86 227 262; 168 88 227 262; 164 88 226 262; 

49\148_148710.jpg
400 310
84 52 298 254; 83 51 297 258; 82 52 298 256; 

49\148_148715.jpg
400 321
68 24 394 211; 68 22 395 221; 68 23 395 219; 

49\148_148723.jpg
400 266
90 24 278 239; 86 24 354 237; 87 25 354 247; 

49\148_148725.jpg
400 269
14 96 306 231; 11 54 309 236; 9 92 309 238; 

49\148_148734.jpg
270 399
96 132 177 305; 18 73 233 245; 21 75 234 258; 

49\148_148762.jpg
400 309
26 14 376 215; 21 16 382 216; 27 15 379 215; 

49\148_148763.jpg
400 321
30 44 282 302; 21 47 281 307; 18 46 283 304; 

49\148_148766.jpg
400 266
140 2 284 239; 145 127 286 239; 144 0 290 241; 

49\148_148767.jpg
400 300
6 2 271 256; 39 93 233 239; 1 1 264 259; 

49\148_148778.jpg
400 300
94 68 396 277; 91 72 400 300; 92 73 400 300; 

49\148_148788.jpg
400 266
126 76 256 209; 126 77 258 206; 128 75 255 213; 

49\148_148791.jpg
400 386
111 20 287 308; 115 20 274 234; 115 20 272 235; 

49\148_148792.jpg
354 399
76 14 264 350; 76 14 265 274; 77 14 265 274; 

49\148_148805.jpg
400 324
36 69 316 314; 40 75 318 324; 38 74 318 324; 

49\148_148810.jpg
399 300
125 24 249 292; 131 25 246 293; 128 29 244 295; 

49\148_148811.jpg
399 300
124 42 277 286; 125 3 324 300; 122 2 323 298; 

49\148_148813.jpg
300 399
96 68 205 354; 96 66 215 356; 95 68 212 355; 

49\148_148814.jpg
399 300
122 68 276 198; 126 71 279 229; 125 72 277 173; 

49\148_148831.jpg
400 300
126 34 374 298; 189 35 279 300; 138 2 306 190; 

49\148_148867.jpg
400 266
62 14 314 248; 61 14 316 251; 200 12 310 153; 

49\148_148879.jpg
400 266
58 11 315 251; 61 12 319 253; 207 12 305 146; 

49\148_148919.jpg
399 356
68 32 308 349; 109 18 284 352; 71 19 285 353; 

49\148_148926.jpg
400 300
60 36 154 276; 47 37 171 279; 47 38 172 278; 

49\148_148932.jpg
400 308
86 48 334 305; 88 49 314 309; 88 49 334 309; 

49\148_148942.jpg
300 400
26 188 246 358; 28 192 246 359; 28 92 246 400; 

49\148_148943.jpg
400 266
16 108 156 235; 7 108 157 236; 0 107 155 232; 

49\148_148954.jpg
300 400
122 90 250 342; 124 91 253 338; 125 92 252 338; 

49\148_148968.jpg
300 400
28 98 138 391; 31 98 128 346; 29 99 125 344; 

49\148_148971.jpg
400 280
80 52 324 231; 80 51 327 215; 81 54 325 208; 

49\148_148977.jpg
400 249
73 136 215 228; 8 9 283 226; 3 9 278 229; 

49\148_148984.jpg
400 363
14 24 282 349; 29 114 248 335; 27 115 247 332; 

49\148_148995.jpg
400 366
120 16 282 336; 118 17 286 341; 122 19 284 341; 

49\148_148997.jpg
400 320
41 71 355 309; 42 39 347 314; 38 72 318 306; 

49\149_149000.jpg
400 300
50 48 372 207; 34 46 382 206; 27 45 381 203; 

49\149_149031.jpg
400 274
140 11 350 272; 138 5 358 222; 141 4 378 274; 

49\149_149050.jpg
400 368
74 14 324 327; 71 15 331 331; 37 119 249 328; 

49\149_149051.jpg
400 300
96 18 364 279; 99 12 359 155; 107 21 354 218; 

49\149_149055.jpg
305 400
12 162 182 380; 15 164 177 375; 12 165 176 378; 

49\149_149062.jpg
266 400
38 40 209 372; 36 40 182 371; 38 39 236 373; 

49\149_149063.jpg
266 400
86 14 201 386; 88 12 202 385; 86 14 202 386; 

49\149_149065.jpg
400 300
74 64 228 262; 77 65 224 264; 76 65 225 261; 

49\149_149066.jpg
400 300
38 26 278 264; 39 22 373 278; 42 25 374 278; 

49\149_149067.jpg
400 300
104 49 372 244; 109 51 383 246; 107 52 382 271; 

49\149_149072.jpg
400 300
66 36 228 168; 21 31 228 158; 23 31 229 169; 

49\149_149091.jpg
400 400
79 37 344 346; 83 40 328 232; 82 38 328 276; 

49\149_149092.jpg
400 400
32 136 378 358; 31 140 379 321; 32 138 382 356; 

49\149_149095.jpg
400 300
100 102 310 260; 59 106 376 273; 58 101 377 270; 

49\149_149100.jpg
400 266
84 9 312 230; 81 6 309 232; 84 8 310 229; 

49\149_149101.jpg
400 266
24 8 308 219; 24 9 299 216; 24 8 320 266; 

49\149_149111.jpg
400 386
114 22 274 308; 57 19 397 386; 55 20 400 386; 

49\149_149153.jpg
400 300
102 74 298 294; 92 71 296 296; 94 72 296 298; 

49\149_149167.jpg
400 299
136 64 370 297; 134 64 372 299; 136 65 374 299; 

49\149_149173.jpg
400 336
169 77 298 241; 171 81 294 214; 172 23 304 208; 

49\149_149185.jpg
400 300
142 88 374 282; 230 89 379 277; 34 46 377 277; 

49\149_149193.jpg
400 300
264 130 379 298; 265 128 384 300; 268 128 385 300; 

49\149_149205.jpg
400 300
56 136 178 296; 18 136 217 300; 19 138 217 299; 

49\149_149222.jpg
400 291
96 0 350 241; 99 1 348 244; 98 1 349 244; 

49\149_149223.jpg
291 400
48 20 285 302; 46 19 286 297; 51 23 288 296; 

49\149_149259.jpg
400 254
38 40 352 194; 36 42 349 194; 37 42 348 192; 

49\149_149262.jpg
400 400
59 54 328 352; 54 43 338 366; 56 41 339 363; 

49\149_149302.jpg
258 400
40 112 188 280; 41 113 189 296; 44 111 192 292; 

49\149_149311.jpg
400 218
72 32 382 126; 74 17 384 120; 73 5 389 117; 

49\149_149323.jpg
266 400
28 34 194 362; 72 23 201 364; 73 21 199 361; 

49\149_149324.jpg
266 400
22 15 157 276; 48 18 151 230; 14 13 173 283; 

49\149_149325.jpg
400 265
86 30 330 231; 55 21 333 254; 44 28 334 251; 

49\149_149332.jpg
400 268
8 18 205 261; 2 16 208 268; 2 17 207 268; 

49\149_149333.jpg
400 266
120 116 360 263; 115 118 358 266; 114 118 366 266; 

49\149_149355.jpg
400 300
68 50 350 296; 61 46 354 203; 62 50 352 300; 

49\149_149420.jpg
400 266
49 107 350 212; 54 107 348 212; 52 109 348 213; 

49\149_149441.jpg
281 400
126 34 217 391; 141 88 200 246; 111 33 232 389; 

49\149_149462.jpg
400 375
66 35 358 159; 67 33 354 161; 65 34 356 158; 

49\149_149500.jpg
400 340
128 32 324 299; 129 31 327 279; 128 32 326 283; 

49\149_149516.jpg
400 265
40 89 362 248; 36 88 361 248; 37 88 362 246; 

49\149_149520.jpg
400 300
118 62 284 224; 119 72 287 229; 118 64 285 225; 

49\149_149526.jpg
300 400
92 18 277 385; 91 17 281 381; 95 18 299 400; 

49\149_149554.jpg
400 297
44 54 346 223; 43 56 378 248; 43 64 288 231; 

49\149_149556.jpg
372 400
66 26 298 396; 59 5 303 333; 57 0 298 333; 

49\149_149560.jpg
281 400
126 119 257 389; 129 122 259 388; 128 120 258 386; 

49\149_149561.jpg
400 270
22 36 361 222; 21 38 362 222; 22 36 364 221; 

49\149_149563.jpg
300 400
126 18 288 396; 132 18 300 400; 132 19 300 400; 

49\149_149573.jpg
320 400
6 5 224 268; 12 13 224 268; 0 1 223 272; 

49\149_149576.jpg
400 320
3 2 252 236; 4 3 234 235; 1 1 264 236; 

49\149_149613.jpg
400 282
24 20 342 218; 10 13 340 266; 5 11 391 279; 

49\149_149641.jpg
266 400
19 61 252 330; 15 61 258 335; 16 61 255 328; 

49\149_149642.jpg
266 400
14 116 227 306; 11 112 228 268; 12 116 231 324; 

49\149_149643.jpg
400 266
52 13 254 259; 36 13 256 266; 41 14 251 266; 

49\149_149646.jpg
400 266
50 42 268 230; 55 42 268 212; 58 41 297 229; 

49\149_149652.jpg
400 266
20 13 190 249; 8 12 201 251; 8 13 182 251; 

49\149_149670.jpg
400 266
38 60 152 217; 33 53 165 221; 32 56 166 225; 

49\149_149694.jpg
400 293
17 66 246 161; 28 68 249 153; 29 69 247 148; 

49\149_149695.jpg
400 308
16 108 309 289; 14 112 321 204; 12 112 316 294; 

49\149_149696.jpg
400 333
40 50 356 271; 37 51 357 267; 35 52 359 299; 

49\149_149764.jpg
400 353
41 18 384 250; 32 15 396 251; 72 22 368 226; 

49\149_149774.jpg
300 400
69 69 246 384; 71 72 248 384; 71 72 247 383; 

49\149_149820.jpg
400 312
221 39 342 259; 226 39 346 250; 224 39 341 251; 

49\149_149828.jpg
400 300
143 112 396 276; 142 112 393 278; 142 115 393 281; 

49\149_149830.jpg
400 300
68 81 391 279; 69 84 216 275; 67 82 398 278; 

49\149_149842.jpg
400 303
53 33 166 291; 55 32 166 303; 54 34 164 304; 

49\149_149844.jpg
400 250
94 28 272 199; 96 24 273 200; 98 23 273 196; 

49\149_149848.jpg
266 400
21 74 249 302; 21 72 249 301; 26 75 249 301; 

49\149_149858.jpg
266 400
6 60 220 350; 3 65 221 347; 3 60 221 356; 

49\149_149910.jpg
400 278
126 42 292 190; 126 42 308 196; 127 43 309 194; 

49\149_149972.jpg
400 319
113 94 302 317; 128 94 250 240; 128 95 247 237; 

49\149_149974.jpg
400 320
38 192 356 280; 41 192 355 276; 42 195 355 276; 

49\149_149992.jpg
400 300
130 12 348 252; 131 18 346 254; 138 17 347 252; 

49\149_149995.jpg
400 300
68 84 288 262; 66 83 290 240; 67 85 287 235; 

