433

50\150_150008.jpg
400 270
91 42 389 176; 92 41 393 179; 92 42 391 179; 

50\150_150011.jpg
400 291
37 34 192 259; 36 35 192 232; 32 33 191 278; 

50\150_150012.jpg
317 400
119 28 282 366; 118 26 281 311; 119 30 288 368; 

50\150_150024.jpg
358 400
110 40 281 388; 96 42 281 400; 28 42 282 400; 

50\150_150043.jpg
266 400
30 6 169 320; 32 3 151 244; 33 4 206 398; 

50\150_150052.jpg
399 300
95 49 296 248; 95 49 293 245; 96 49 294 246; 

50\150_150054.jpg
335 400
98 8 232 393; 100 137 238 399; 98 6 238 399; 

50\150_150062.jpg
400 266
86 56 231 263; 87 71 233 267; 87 57 234 267; 

50\150_150064.jpg
400 266
122 92 232 257; 121 93 243 265; 123 94 241 259; 

50\150_150066.jpg
400 266
100 44 350 265; 93 36 355 267; 97 34 354 267; 

50\150_150067.jpg
400 266
122 70 248 263; 126 73 253 267; 125 67 251 267; 

50\150_150069.jpg
336 400
163 126 330 256; 161 127 328 254; 163 130 329 388; 

50\150_150070.jpg
292 400
144 104 272 386; 146 102 272 389; 147 102 272 388; 

50\150_150072.jpg
400 400
98 102 294 296; 102 105 296 299; 102 105 296 298; 

50\150_150073.jpg
400 260
109 8 329 181; 114 11 330 181; 115 10 330 178; 

50\150_150082.jpg
400 212
1 51 361 164; 2 56 205 164; 2 58 399 164; 

50\150_150095.jpg
400 320
14 31 317 274; 151 31 397 281; 5 31 396 281; 

50\150_150103.jpg
400 225
54 87 320 155; 56 74 320 152; 55 76 319 152; 

50\150_150104.jpg
400 266
235 32 370 263; 234 31 373 266; 240 30 372 266; 

50\150_150108.jpg
400 266
136 18 363 263; 136 17 361 266; 133 19 361 263; 

50\150_150110.jpg
298 400
80 44 251 316; 151 99 252 240; 82 35 252 373; 

50\150_150116.jpg
400 300
88 68 260 299; 81 78 252 300; 83 78 250 300; 

50\150_150118.jpg
400 300
25 63 266 228; 23 65 262 231; 23 66 263 232; 

50\150_150127.jpg
400 266
24 0 300 216; 23 2 303 219; 23 2 302 217; 

50\150_150128.jpg
399 260
116 8 274 223; 120 8 273 222; 121 8 272 222; 

50\150_150129.jpg
300 400
62 31 237 323; 61 32 240 321; 63 31 239 321; 

50\150_150132.jpg
400 305
216 29 341 171; 206 27 362 193; 210 30 358 193; 

50\150_150146.jpg
266 400
19 116 149 267; 26 116 155 214; 22 117 156 212; 

50\150_150157.jpg
399 266
93 88 298 202; 98 62 399 202; 89 80 336 222; 

50\150_150160.jpg
300 400
97 55 261 299; 93 62 258 292; 95 61 259 293; 

50\150_150169.jpg
266 400
92 39 212 262; 89 40 212 261; 91 37 209 260; 

50\150_150173.jpg
300 400
26 156 147 338; 28 158 164 339; 28 158 143 346; 

50\150_150175.jpg
400 266
164 50 393 246; 164 52 381 254; 158 44 386 263; 

50\150_150178.jpg
400 266
191 49 396 178; 193 51 400 176; 194 48 398 200; 

50\150_150185.jpg
400 266
56 46 166 262; 51 49 166 258; 54 50 168 258; 

50\150_150186.jpg
400 288
58 44 316 236; 59 43 321 233; 64 42 319 236; 

50\150_150197.jpg
400 310
76 48 286 309; 80 44 286 310; 78 48 284 310; 

50\150_150207.jpg
362 400
20 104 324 336; 25 102 334 346; 26 103 333 337; 

50\150_150220.jpg
399 298
94 174 250 288; 109 176 233 290; 97 164 247 288; 

50\150_150222.jpg
400 300
68 122 273 263; 124 145 274 256; 69 122 272 300; 

50\150_150228.jpg
400 301
50 117 370 275; 178 127 380 277; 67 125 380 274; 

50\150_150239.jpg
400 300
140 68 372 162; 140 72 374 159; 142 75 372 161; 

50\150_150240.jpg
400 300
42 38 264 230; 45 45 273 234; 46 42 266 223; 

50\150_150243.jpg
278 400
84 4 276 300; 85 114 179 294; 90 143 189 291; 

50\150_150246.jpg
400 300
30 118 322 252; 96 118 330 239; 0 118 328 243; 

50\150_150259.jpg
320 400
22 18 311 258; 21 18 316 252; 25 20 308 250; 

50\150_150265.jpg
400 300
3 78 312 198; 31 130 311 201; 1 33 312 232; 

50\150_150266.jpg
400 266
45 34 312 242; 151 35 311 236; 121 36 310 236; 

50\150_150270.jpg
266 400
4 174 237 385; 25 180 200 328; 1 162 244 383; 

50\150_150274.jpg
266 400
62 44 220 346; 46 52 233 333; 46 51 238 357; 

50\150_150287.jpg
400 266
42 38 369 222; 24 38 375 218; 26 36 377 220; 

50\150_150290.jpg
285 400
36 22 215 378; 38 20 216 378; 39 18 216 379; 

50\150_150294.jpg
400 375
28 8 262 373; 59 79 226 359; 38 1 241 259; 

50\150_150297.jpg
400 252
14 82 310 234; 0 82 308 251; 0 82 324 249; 

50\150_150301.jpg
400 299
138 25 304 189; 137 32 294 190; 139 32 295 187; 

50\150_150304.jpg
261 400
46 208 153 372; 48 122 201 383; 48 124 260 400; 

50\150_150305.jpg
291 400
86 88 244 360; 97 114 247 356; 95 101 248 357; 

50\150_150306.jpg
400 258
168 112 258 259; 168 115 258 259; 168 114 256 259; 

50\150_150315.jpg
400 315
261 29 361 156; 261 31 361 154; 262 31 360 154; 

50\150_150319.jpg
400 303
54 12 269 293; 53 82 223 294; 54 4 269 291; 

50\150_150321.jpg
400 378
152 10 361 332; 142 17 288 306; 147 1 394 321; 

50\150_150324.jpg
285 400
44 22 215 382; 45 22 220 386; 48 23 219 383; 

50\150_150334.jpg
400 285
82 18 336 284; 74 6 348 285; 80 6 347 285; 

50\150_150336.jpg
400 275
128 12 349 249; 115 14 347 256; 120 16 346 248; 

50\150_150339.jpg
400 278
78 54 296 262; 76 52 349 263; 73 54 351 261; 

50\150_150353.jpg
400 266
10 30 210 258; 9 22 217 218; 11 31 218 216; 

50\150_150357.jpg
320 399
24 138 292 386; 21 135 290 381; 25 138 290 379; 

50\150_150379.jpg
400 333
4 25 280 311; 37 24 298 306; 2 24 299 311; 

50\150_150380.jpg
400 268
198 96 385 249; 200 96 397 249; 201 96 398 247; 

50\150_150381.jpg
400 354
68 34 372 285; 63 36 368 250; 67 34 369 354; 

50\150_150382.jpg
302 400
7 26 219 256; 7 33 208 256; 9 31 212 254; 

50\150_150395.jpg
400 266
126 82 274 181; 129 83 274 206; 129 84 273 211; 

50\150_150408.jpg
400 200
42 4 194 194; 42 2 233 196; 41 3 178 168; 

50\150_150429.jpg
400 324
174 34 378 204; 174 31 386 211; 176 31 386 212; 

50\150_150438.jpg
400 297
81 49 395 268; 81 49 392 268; 81 48 391 271; 

50\150_150453.jpg
300 400
104 72 250 218; 103 70 250 202; 102 70 249 212; 

50\150_150456.jpg
400 200
6 40 300 198; 1 36 336 200; 0 42 288 200; 

50\150_150467.jpg
400 200
31 11 172 174; 36 11 174 181; 36 12 173 182; 

50\150_150486.jpg
400 235
155 30 270 227; 156 30 273 226; 158 29 272 224; 

50\150_150491.jpg
400 273
96 68 325 241; 96 75 321 242; 98 73 322 239; 

50\150_150505.jpg
400 204
84 82 388 172; 86 82 221 166; 84 84 398 165; 

50\150_150513.jpg
399 287
68 28 360 257; 64 29 363 265; 64 30 364 264; 

50\150_150522.jpg
400 200
16 10 272 142; 81 9 275 147; 81 9 273 144; 

50\150_150554.jpg
400 266
1 13 198 255; 0 4 199 266; 1 1 199 266; 

50\150_150558.jpg
400 333
80 42 338 306; 81 40 336 275; 33 41 338 304; 

50\150_150567.jpg
400 300
32 0 352 200; 70 2 355 198; 64 1 354 193; 

50\150_150572.jpg
400 314
118 38 308 302; 114 39 312 304; 113 19 315 314; 

50\150_150573.jpg
400 199
162 34 340 165; 198 39 342 167; 200 38 343 165; 

50\150_150584.jpg
400 200
44 22 208 182; 43 20 208 193; 44 22 208 192; 

50\150_150590.jpg
400 200
102 19 264 188; 106 19 264 189; 106 20 262 188; 

50\150_150593.jpg
400 300
74 28 346 287; 128 24 339 232; 92 31 343 240; 

50\150_150604.jpg
400 256
72 42 172 242; 71 48 167 244; 72 46 168 242; 

50\150_150606.jpg
400 314
32 78 334 285; 122 119 287 244; 77 78 334 286; 

50\150_150615.jpg
400 200
261 2 393 198; 256 2 400 199; 254 3 400 200; 

50\150_150616.jpg
235 400
42 160 167 356; 45 161 170 353; 45 160 170 354; 

50\150_150618.jpg
400 276
120 121 377 225; 118 118 375 225; 118 118 375 226; 

50\150_150619.jpg
400 266
68 16 274 262; 70 11 256 258; 141 98 255 210; 

50\150_150624.jpg
400 238
2 131 234 236; 1 134 236 232; 1 134 236 234; 

50\150_150633.jpg
400 268
46 70 223 206; 49 67 226 209; 49 68 224 207; 

50\150_150651.jpg
321 400
14 82 259 318; 12 70 138 212; 60 158 216 391; 

50\150_150653.jpg
400 200
26 20 226 198; 26 20 228 200; 28 20 226 166; 

50\150_150658.jpg
400 196
10 32 142 165; 11 32 146 166; 5 33 145 166; 

50\150_150669.jpg
400 300
80 28 306 268; 81 29 311 269; 82 28 307 268; 

50\150_150674.jpg
400 200
174 1 394 198; 104 3 399 199; 190 3 371 180; 

50\150_150681.jpg
400 300
44 28 248 256; 42 34 249 221; 35 22 249 272; 

50\150_150692.jpg
307 400
100 74 198 237; 101 71 221 339; 99 72 193 252; 

50\150_150717.jpg
200 400
29 126 161 384; 19 123 161 383; 19 120 160 385; 

50\150_150723.jpg
400 300
194 57 306 262; 195 55 305 261; 187 55 304 262; 

50\150_150724.jpg
300 400
83 8 255 320; 86 9 255 318; 88 8 252 318; 

50\150_150725.jpg
400 300
189 4 316 246; 187 6 314 247; 187 7 314 245; 

50\150_150727.jpg
400 200
18 6 226 191; 3 4 214 181; 6 5 160 178; 

50\150_150731.jpg
375 400
141 164 317 374; 141 168 318 374; 142 167 317 377; 

50\150_150733.jpg
266 400
38 192 189 386; 38 196 182 376; 35 193 195 377; 

50\150_150735.jpg
400 264
81 85 239 218; 82 88 239 218; 85 87 238 215; 

50\150_150737.jpg
400 300
92 92 284 248; 161 121 241 199; 162 122 240 199; 

50\150_150741.jpg
400 299
0 109 302 281; 21 109 201 276; 2 109 398 284; 

50\150_150747.jpg
400 200
182 6 348 198; 189 2 349 192; 189 0 348 195; 

50\150_150750.jpg
400 216
56 18 336 176; 64 50 342 179; 62 44 343 178; 

50\150_150753.jpg
400 300
108 48 387 295; 87 34 342 209; 62 35 400 300; 

50\150_150768.jpg
400 300
92 32 352 220; 91 31 352 218; 91 32 352 217; 

50\150_150778.jpg
400 284
102 66 359 268; 179 71 288 192; 179 70 288 192; 

50\150_150780.jpg
400 321
74 47 364 276; 75 44 361 270; 78 44 358 268; 

50\150_150781.jpg
400 266
24 36 261 260; 25 24 255 266; 30 23 255 266; 

50\150_150788.jpg
400 331
28 11 206 321; 56 12 189 199; 26 12 206 321; 

50\150_150792.jpg
400 198
13 76 374 177; 17 74 331 180; 15 75 399 177; 

50\150_150797.jpg
400 276
150 4 378 254; 150 24 252 252; 150 21 293 251; 

50\150_150809.jpg
400 288
97 15 316 256; 159 79 317 259; 82 42 317 245; 

50\150_150810.jpg
400 200
10 76 368 182; 6 74 369 183; 7 76 368 182; 

50\150_150815.jpg
400 222
88 18 158 192; 91 18 155 208; 88 16 156 206; 

50\150_150823.jpg
400 300
84 42 188 278; 86 39 193 279; 84 38 180 278; 

50\150_150831.jpg
400 269
206 28 306 156; 207 25 304 153; 209 24 304 148; 

50\150_150845.jpg
322 399
40 102 216 318; 99 105 202 238; 85 104 220 239; 

50\150_150847.jpg
319 399
46 42 282 310; 115 86 204 256; 33 43 283 307; 

50\150_150848.jpg
266 400
38 72 212 364; 39 73 210 224; 41 31 221 400; 

50\150_150853.jpg
400 199
33 6 212 196; 24 2 212 192; 25 2 212 198; 

50\150_150865.jpg
400 300
96 138 234 230; 92 129 245 232; 95 130 247 235; 

50\150_150870.jpg
400 200
14 83 384 188; 14 81 383 192; 17 81 382 190; 

50\150_150875.jpg
400 200
240 16 376 182; 241 15 376 191; 242 13 378 192; 

50\150_150883.jpg
400 400
168 34 320 186; 168 32 322 189; 168 33 323 188; 

50\150_150889.jpg
400 284
2 38 266 279; 100 140 169 198; 4 32 269 284; 

50\150_150894.jpg
400 400
44 58 354 360; 112 124 299 304; 46 58 357 362; 

50\150_150895.jpg
301 399
6 182 207 328; 6 182 209 328; 7 103 209 396; 

50\150_150900.jpg
400 400
92 90 360 362; 224 221 368 365; 91 88 368 363; 

50\150_150906.jpg
400 400
143 166 390 379; 159 233 296 364; 160 168 362 362; 

50\150_150909.jpg
265 400
82 54 262 372; 79 102 231 239; 68 56 264 400; 

50\150_150914.jpg
342 400
116 21 324 356; 116 20 326 368; 117 18 324 396; 

50\150_150930.jpg
400 202
14 10 259 197; 20 78 259 198; 12 4 259 198; 

50\150_150931.jpg
399 276
136 70 296 210; 135 70 298 215; 134 70 298 215; 

50\150_150946.jpg
400 320
200 31 317 248; 202 35 318 246; 200 35 315 246; 

50\150_150947.jpg
400 266
98 80 238 194; 99 83 241 192; 102 82 240 193; 

50\150_150948.jpg
400 266
166 101 262 251; 171 104 261 255; 168 104 260 253; 

50\150_150949.jpg
400 200
228 8 332 112; 229 8 334 116; 218 1 381 191; 

50\150_150951.jpg
399 237
87 40 384 195; 87 45 392 167; 87 45 393 205; 

50\150_150956.jpg
400 266
48 0 322 202; 49 77 320 204; 49 1 322 204; 

50\150_150973.jpg
400 200
32 26 166 196; 31 11 168 166; 31 12 180 200; 

50\150_150979.jpg
355 400
62 6 332 247; 64 8 330 253; 62 9 328 248; 

50\150_150981.jpg
400 303
181 78 366 264; 184 69 362 157; 182 71 399 304; 

50\150_150982.jpg
400 387
140 172 350 359; 168 171 353 359; 202 209 326 337; 

50\150_150988.jpg
400 200
89 6 271 198; 147 12 267 193; 0 1 268 200; 

50\150_150993.jpg
400 266
180 50 320 186; 184 47 321 186; 185 46 321 185; 

50\150_150996.jpg
400 243
66 62 350 199; 66 60 352 198; 66 63 352 201; 

50\151_151002.jpg
320 400
14 42 302 306; 129 45 309 179; 155 43 308 179; 

50\151_151004.jpg
321 400
30 84 273 383; 54 82 209 232; 28 84 275 348; 

50\151_151008.jpg
400 278
144 4 293 254; 164 8 337 162; 144 4 338 274; 

50\151_151025.jpg
228 400
14 142 206 374; 17 158 184 254; 18 156 204 359; 

50\151_151029.jpg
400 200
106 2 296 198; 122 45 286 138; 106 1 303 198; 

50\151_151039.jpg
400 300
145 0 337 218; 143 2 380 221; 144 1 378 221; 

50\151_151041.jpg
390 400
15 3 274 232; 30 53 277 235; 2 0 280 234; 

50\151_151056.jpg
400 266
114 20 347 256; 119 29 243 185; 115 1 337 246; 

50\151_151065.jpg
399 199
45 18 166 125; 47 19 164 128; 48 19 166 127; 

50\151_151074.jpg
400 290
66 98 328 259; 114 101 374 279; 122 102 374 278; 

50\151_151092.jpg
400 237
4 9 198 234; 4 56 200 238; 0 1 198 238; 

50\151_151096.jpg
400 200
186 45 362 166; 171 51 364 171; 181 46 367 189; 

50\151_151099.jpg
276 400
76 20 234 374; 83 58 234 374; 88 149 235 376; 

50\151_151119.jpg
400 200
220 51 385 199; 219 51 382 200; 220 3 384 198; 

50\151_151129.jpg
400 294
73 72 209 262; 78 74 209 269; 77 74 208 269; 

50\151_151131.jpg
400 155
156 6 394 141; 153 9 395 143; 153 10 394 142; 

50\151_151134.jpg
400 283
214 26 338 249; 214 26 338 254; 214 29 338 257; 

50\151_151138.jpg
400 286
62 88 178 219; 64 87 189 211; 49 89 188 206; 

50\151_151161.jpg
248 400
37 28 148 396; 16 25 162 400; 18 27 164 275; 

50\151_151167.jpg
400 300
126 39 256 231; 34 37 255 231; 38 32 255 230; 

50\151_151210.jpg
400 266
81 18 312 246; 78 18 316 252; 78 18 314 251; 

50\151_151223.jpg
266 400
38 92 232 394; 41 91 235 400; 41 92 235 400; 

50\151_151224.jpg
266 400
48 76 220 393; 54 78 222 392; 51 77 223 392; 

50\151_151225.jpg
266 400
66 88 154 386; 60 90 166 400; 61 90 168 400; 

50\151_151228.jpg
400 266
41 66 368 194; 46 67 378 197; 48 68 381 188; 

50\151_151233.jpg
266 400
80 100 198 312; 80 100 198 271; 81 99 201 271; 

50\151_151237.jpg
400 266
199 56 303 241; 195 59 303 241; 197 58 299 243; 

50\151_151238.jpg
400 266
157 34 360 237; 155 36 356 239; 157 38 355 238; 

50\151_151240.jpg
400 202
38 6 234 199; 39 8 236 200; 0 1 234 199; 

50\151_151242.jpg
400 266
46 4 314 236; 64 0 315 194; 66 0 319 215; 

50\151_151244.jpg
315 400
86 118 193 320; 84 120 191 325; 88 121 192 323; 

50\151_151248.jpg
399 301
214 122 363 258; 220 121 368 269; 224 123 360 252; 

50\151_151255.jpg
400 300
56 122 234 282; 54 122 239 284; 52 122 238 284; 

50\151_151256.jpg
399 275
42 64 339 269; 35 70 335 275; 35 70 336 275; 

50\151_151274.jpg
268 400
11 105 238 349; 18 109 246 272; 18 108 244 361; 

50\151_151276.jpg
400 266
153 54 361 169; 53 55 262 207; 158 56 391 182; 

50\151_151277.jpg
400 320
42 50 196 262; 26 51 197 240; 18 50 197 262; 

50\151_151278.jpg
400 266
28 30 292 194; 29 30 296 201; 30 31 294 195; 

50\151_151279.jpg
400 338
72 34 338 164; 71 21 265 151; 73 21 338 196; 

50\151_151281.jpg
278 399
52 6 221 306; 73 52 198 288; 74 7 224 193; 

50\151_151284.jpg
242 400
44 112 192 352; 46 111 194 353; 47 112 193 353; 

50\151_151293.jpg
400 266
0 55 146 265; 1 56 144 266; 1 58 143 266; 

50\151_151296.jpg
400 300
269 103 372 284; 270 108 371 283; 272 107 372 282; 

50\151_151312.jpg
400 300
76 50 282 296; 58 51 281 300; 54 50 280 300; 

50\151_151314.jpg
240 400
108 100 214 266; 106 102 216 262; 107 102 217 302; 

50\151_151327.jpg
400 266
122 34 378 263; 114 62 314 236; 94 28 314 266; 

50\151_151334.jpg
400 300
26 88 327 219; 28 92 328 218; 28 92 327 220; 

50\151_151349.jpg
374 400
98 87 301 264; 32 89 300 285; 34 89 298 281; 

50\151_151367.jpg
400 214
257 21 370 213; 255 20 371 215; 257 22 372 215; 

50\151_151368.jpg
400 291
96 18 352 238; 117 12 359 229; 116 10 360 228; 

50\151_151379.jpg
400 290
42 61 362 248; 18 125 214 212; 18 64 400 258; 

50\151_151384.jpg
400 400
153 175 335 375; 156 164 392 371; 158 168 326 399; 

50\151_151385.jpg
400 400
81 18 364 325; 118 99 325 298; 66 18 372 332; 

50\151_151386.jpg
400 279
31 48 234 245; 70 44 234 236; 18 49 235 247; 

50\151_151388.jpg
400 400
44 52 208 226; 44 52 209 221; 43 51 210 220; 

50\151_151394.jpg
400 280
40 4 216 232; 93 91 215 232; 53 0 215 281; 

50\151_151404.jpg
399 299
168 92 356 292; 167 72 354 300; 168 71 355 300; 

50\151_151407.jpg
400 383
90 9 321 267; 91 73 287 271; 90 74 288 267; 

50\151_151437.jpg
400 266
56 44 258 245; 55 39 259 248; 55 41 258 245; 

50\151_151449.jpg
266 400
36 58 261 318; 52 84 242 294; 24 48 266 292; 

50\151_151460.jpg
400 300
184 10 374 246; 187 11 374 246; 190 14 375 243; 

50\151_151461.jpg
323 400
104 78 276 272; 114 37 283 246; 112 38 282 243; 

50\151_151462.jpg
298 399
134 54 280 302; 134 23 277 208; 135 23 275 207; 

50\151_151463.jpg
240 399
28 59 225 337; 31 62 221 341; 29 61 219 340; 

50\151_151480.jpg
400 295
70 28 308 261; 74 132 281 261; 73 25 308 258; 

50\151_151490.jpg
400 148
19 56 270 137; 17 54 253 141; 19 55 233 136; 

50\151_151491.jpg
400 265
86 10 286 258; 86 71 262 251; 85 33 272 252; 

50\151_151494.jpg
400 259
164 125 350 254; 165 132 347 254; 162 130 346 259; 

50\151_151495.jpg
266 400
42 26 228 330; 21 23 232 370; 21 22 231 366; 

50\151_151504.jpg
400 266
41 20 324 234; 39 36 269 233; 41 11 325 259; 

50\151_151505.jpg
300 400
18 52 225 393; 63 48 162 153; 17 48 224 400; 

50\151_151508.jpg
300 400
69 146 227 328; 72 146 221 329; 74 145 223 325; 

50\151_151509.jpg
266 400
98 3 163 312; 104 2 161 312; 102 1 164 311; 

50\151_151525.jpg
400 300
148 80 340 219; 149 78 343 252; 150 79 341 239; 

50\151_151526.jpg
279 400
69 46 210 342; 73 50 209 333; 72 48 210 340; 

50\151_151531.jpg
400 300
68 22 356 268; 70 19 359 272; 70 21 360 271; 

50\151_151533.jpg
400 300
80 92 318 192; 79 97 317 193; 82 96 317 192; 

50\151_151537.jpg
400 300
54 26 319 241; 66 24 318 256; 21 25 319 254; 

50\151_151540.jpg
400 300
44 66 321 230; 43 86 323 230; 44 73 321 231; 

50\151_151547.jpg
366 400
40 104 277 360; 61 92 283 312; 69 96 286 312; 

50\151_151548.jpg
400 300
24 24 294 272; 21 21 299 274; 20 22 296 272; 

50\151_151552.jpg
400 300
108 98 269 271; 108 99 272 271; 110 100 304 271; 

50\151_151562.jpg
400 343
3 83 364 253; 1 82 367 255; 1 82 367 254; 

50\151_151567.jpg
400 303
39 34 328 271; 122 36 286 218; 41 35 326 270; 

50\151_151579.jpg
400 341
2 46 284 335; 2 42 284 338; 0 44 285 339; 

50\151_151591.jpg
400 307
226 48 336 304; 216 15 338 243; 216 17 338 304; 

50\151_151609.jpg
400 266
48 40 379 228; 46 42 376 223; 47 41 377 225; 

50\151_151614.jpg
400 297
116 22 369 295; 118 21 381 298; 118 22 381 298; 

50\151_151616.jpg
266 400
59 52 210 376; 23 55 201 376; 25 55 208 377; 

50\151_151624.jpg
400 359
11 11 196 221; 17 17 199 223; 3 5 197 221; 

50\151_151628.jpg
334 400
19 15 311 258; 21 46 313 258; 20 16 314 256; 

50\151_151635.jpg
400 266
56 26 318 238; 56 25 324 247; 58 26 320 225; 

50\151_151636.jpg
266 400
40 14 264 238; 41 14 266 244; 40 14 250 225; 

50\151_151637.jpg
400 400
8 74 290 336; 61 71 292 259; 4 73 293 372; 

50\151_151638.jpg
400 266
44 42 372 214; 42 42 371 245; 43 42 375 245; 

50\151_151641.jpg
265 400
62 16 218 237; 58 12 218 237; 58 17 218 236; 

50\151_151645.jpg
400 266
12 34 270 204; 12 33 271 224; 12 34 271 236; 

50\151_151646.jpg
400 266
17 98 251 256; 12 100 251 257; 12 99 252 258; 

50\151_151647.jpg
400 266
138 32 260 228; 139 31 259 226; 178 31 258 186; 

50\151_151648.jpg
400 266
127 4 291 252; 128 9 274 254; 126 10 283 246; 

50\151_151653.jpg
400 300
118 72 274 268; 121 70 274 277; 122 69 275 275; 

50\151_151654.jpg
400 236
158 16 242 217; 159 121 241 218; 160 0 243 219; 

50\151_151669.jpg
400 266
119 29 228 258; 118 26 227 266; 119 28 228 266; 

50\151_151673.jpg
400 255
151 6 397 211; 201 57 368 211; 117 1 398 245; 

50\151_151677.jpg
400 300
86 39 307 285; 126 24 284 229; 88 16 287 289; 

50\151_151678.jpg
400 300
50 58 210 282; 45 53 212 281; 44 52 352 282; 

50\151_151683.jpg
400 279
72 52 301 261; 73 61 302 255; 74 59 299 258; 

50\151_151688.jpg
263 399
96 144 229 379; 95 145 223 379; 95 143 226 377; 

50\151_151690.jpg
400 345
54 62 268 298; 20 63 276 303; 14 63 274 346; 

50\151_151691.jpg
400 266
214 57 350 174; 214 57 343 180; 216 58 347 181; 

50\151_151693.jpg
400 266
12 52 276 216; 11 55 278 221; 7 56 268 161; 

50\151_151697.jpg
400 285
67 26 336 272; 142 29 381 276; 62 31 382 276; 

50\151_151699.jpg
400 319
76 31 309 252; 95 56 298 247; 71 41 298 246; 

50\151_151703.jpg
400 271
24 55 372 235; 27 58 373 239; 23 56 372 231; 

50\151_151709.jpg
288 400
80 90 238 246; 79 89 240 307; 80 88 238 310; 

50\151_151711.jpg
249 400
52 112 226 230; 53 114 242 238; 54 110 241 238; 

50\151_151719.jpg
400 301
14 22 162 289; 18 18 166 287; 15 15 164 288; 

50\151_151742.jpg
400 266
118 82 264 197; 120 77 265 191; 121 78 264 188; 

50\151_151744.jpg
282 400
62 26 254 358; 62 24 212 353; 63 24 259 392; 

50\151_151745.jpg
400 266
228 8 351 194; 230 2 347 196; 229 0 347 196; 

50\151_151749.jpg
300 400
188 35 274 318; 192 33 276 317; 192 35 276 316; 

50\151_151755.jpg
400 206
18 52 324 199; 19 52 322 169; 21 52 324 174; 

50\151_151757.jpg
400 203
178 38 359 191; 176 38 382 186; 174 39 378 183; 

50\151_151760.jpg
364 400
62 150 311 396; 52 126 265 290; 55 126 315 400; 

50\151_151761.jpg
400 245
30 19 329 206; 28 14 333 202; 27 13 335 201; 

50\151_151771.jpg
325 400
42 102 159 390; 44 103 155 384; 39 103 157 384; 

50\151_151777.jpg
400 266
56 18 380 215; 61 19 400 210; 61 20 398 209; 

50\151_151779.jpg
400 329
92 119 169 303; 96 117 165 304; 98 120 167 320; 

50\151_151788.jpg
400 301
86 56 321 269; 87 55 315 272; 89 55 317 268; 

50\151_151795.jpg
400 338
10 122 166 326; 12 121 164 328; 12 119 165 327; 

50\151_151809.jpg
400 266
55 46 242 258; 54 36 232 249; 56 32 233 246; 

50\151_151818.jpg
272 400
10 66 255 316; 12 65 259 316; 11 65 261 315; 

50\151_151834.jpg
400 308
32 32 236 252; 33 34 233 252; 32 36 235 251; 

50\151_151836.jpg
400 266
116 25 234 263; 116 26 227 266; 119 28 224 266; 

50\151_151842.jpg
400 400
82 170 210 306; 86 186 217 300; 63 176 212 300; 

50\151_151846.jpg
400 318
26 94 321 302; 30 108 298 302; 29 103 292 301; 

50\151_151857.jpg
400 293
32 128 157 265; 60 131 156 262; 63 128 154 264; 

50\151_151859.jpg
400 293
174 86 294 229; 170 84 296 202; 164 74 308 232; 

50\151_151863.jpg
400 278
48 75 172 237; 46 75 208 264; 49 75 160 192; 

50\151_151870.jpg
400 302
16 14 241 251; 101 78 216 252; 68 13 259 251; 

50\151_151873.jpg
400 255
76 111 280 175; 74 110 288 178; 77 110 286 175; 

50\151_151876.jpg
399 269
14 62 192 259; 22 31 192 201; 24 64 190 199; 

50\151_151897.jpg
361 400
78 52 291 316; 104 24 291 322; 30 26 291 322; 

50\151_151933.jpg
400 294
142 12 345 291; 138 9 347 294; 137 10 351 294; 

50\151_151952.jpg
400 266
84 1 253 159; 28 2 252 176; 28 0 249 176; 

50\151_151959.jpg
400 266
201 0 389 264; 203 0 398 185; 201 1 370 232; 

50\151_151963.jpg
400 266
178 12 350 240; 178 9 324 172; 178 1 324 205; 

50\151_151965.jpg
266 400
103 68 235 378; 104 75 236 384; 106 72 236 388; 

50\151_151968.jpg
266 400
48 55 221 330; 48 93 201 258; 42 38 204 258; 

50\151_151984.jpg
400 266
92 24 358 209; 92 22 361 214; 94 21 359 210; 

50\152_152012.jpg
400 266
22 32 242 209; 17 33 246 211; 20 34 243 210; 

50\152_152013.jpg
400 266
94 30 284 219; 124 22 271 196; 125 21 268 192; 

50\152_152014.jpg
400 266
134 30 368 235; 121 12 381 239; 121 8 382 239; 

50\152_152015.jpg
400 266
101 30 340 263; 72 27 388 261; 76 26 390 266; 

50\152_152016.jpg
400 266
76 78 382 237; 61 14 319 238; 62 16 388 238; 

50\152_152017.jpg
400 266
26 30 304 225; 24 12 195 227; 27 11 309 228; 

50\152_152028.jpg
400 266
96 74 279 196; 95 72 278 192; 92 68 277 194; 

50\152_152031.jpg
400 266
96 58 364 244; 99 45 368 229; 98 51 370 231; 

50\152_152032.jpg
400 266
160 112 330 255; 159 116 293 236; 160 116 292 239; 

50\152_152037.jpg
400 266
114 67 389 179; 116 64 391 136; 115 64 390 136; 

50\152_152043.jpg
315 400
86 168 243 361; 88 79 245 356; 84 78 242 358; 

50\152_152054.jpg
400 320
132 56 326 232; 130 56 397 299; 132 57 398 298; 

50\152_152057.jpg
400 320
122 48 314 284; 123 54 314 300; 9 53 315 299; 

50\152_152063.jpg
266 400
38 32 235 318; 42 36 241 368; 42 14 239 394; 

50\152_152064.jpg
400 266
90 28 270 263; 92 61 308 266; 92 19 313 266; 

50\152_152066.jpg
400 266
38 44 232 261; 23 45 212 266; 23 21 214 266; 

50\152_152069.jpg
300 400
58 64 258 358; 100 62 259 362; 79 62 259 362; 

50\152_152074.jpg
400 300
44 72 216 232; 39 72 209 231; 40 72 208 232; 

50\152_152077.jpg
400 273
36 42 318 231; 35 43 300 239; 37 43 332 239; 

50\152_152083.jpg
300 400
78 44 286 390; 78 45 248 251; 79 45 248 326; 

50\152_152084.jpg
266 400
34 14 229 334; 33 13 232 279; 33 13 231 333; 

50\152_152089.jpg
400 213
168 26 248 185; 168 22 259 190; 166 24 260 188; 

50\152_152097.jpg
400 265
94 74 249 258; 93 73 264 256; 92 75 265 265; 

50\152_152102.jpg
400 266
132 79 294 208; 81 81 279 250; 150 108 265 198; 

50\152_152103.jpg
400 266
202 12 387 234; 199 11 383 238; 202 11 385 236; 

50\152_152125.jpg
287 400
84 74 189 378; 86 74 191 373; 86 73 191 378; 

50\152_152135.jpg
400 285
26 38 292 277; 27 13 320 276; 23 12 318 272; 

50\152_152136.jpg
400 266
58 43 360 252; 62 46 176 253; 62 44 398 252; 

50\152_152154.jpg
311 400
87 68 261 276; 101 71 244 274; 74 42 276 302; 

50\152_152186.jpg
400 300
136 15 369 294; 99 15 366 239; 103 13 400 300; 

50\152_152191.jpg
400 300
68 65 322 204; 65 66 325 200; 64 67 324 198; 

50\152_152193.jpg
400 318
22 80 272 279; 21 79 271 298; 21 79 272 299; 

50\152_152212.jpg
400 400
38 78 366 368; 36 81 361 274; 38 78 398 368; 

50\152_152217.jpg
400 266
104 52 264 197; 106 52 266 194; 108 53 268 195; 

50\152_152226.jpg
400 266
104 66 226 194; 108 54 265 194; 108 51 266 195; 

50\152_152248.jpg
320 400
50 60 278 318; 83 73 181 233; 19 59 283 283; 

50\152_152266.jpg
345 336
130 80 281 258; 140 83 272 256; 141 84 271 248; 

50\152_152273.jpg
400 320
16 54 318 266; 6 54 323 269; 8 54 323 292; 

50\152_152275.jpg
320 400
60 98 240 342; 60 97 246 332; 4 98 246 386; 

50\152_152284.jpg
400 266
1 14 194 222; 9 7 194 225; 1 8 195 258; 

50\152_152294.jpg
365 400
52 50 192 230; 51 93 178 202; 38 25 216 322; 

50\152_152300.jpg
400 266
108 44 274 255; 111 48 229 266; 110 46 399 266; 

50\152_152306.jpg
400 266
70 8 310 232; 69 4 316 232; 56 8 313 266; 

50\152_152307.jpg
400 266
13 49 268 256; 126 80 251 213; 78 50 317 225; 

50\152_152309.jpg
400 266
90 22 336 242; 80 19 328 233; 89 18 328 234; 

50\152_152317.jpg
281 400
12 17 219 316; 37 21 203 245; 35 21 206 242; 

50\152_152323.jpg
285 400
64 18 248 384; 61 20 247 382; 62 18 248 382; 

50\152_152332.jpg
400 266
144 78 256 225; 146 81 255 249; 147 78 256 249; 

50\152_152334.jpg
400 300
106 56 366 250; 17 54 372 243; 18 52 369 258; 

50\152_152335.jpg
300 400
36 56 240 384; 38 56 242 388; 39 57 242 386; 

50\152_152336.jpg
400 266
74 46 320 194; 80 42 318 219; 83 43 318 218; 

50\152_152337.jpg
266 400
36 58 244 192; 13 58 244 217; 11 58 245 362; 

50\152_152341.jpg
300 400
42 120 256 366; 45 124 265 365; 46 123 267 368; 

50\152_152353.jpg
399 311
30 44 376 251; 32 31 376 251; 33 31 376 245; 

50\152_152356.jpg
400 300
130 30 278 270; 131 25 281 274; 132 30 277 271; 

50\152_152357.jpg
400 266
146 12 354 265; 146 12 356 251; 147 12 354 266; 

50\152_152359.jpg
266 400
78 28 263 252; 73 64 219 239; 38 2 266 232; 

50\152_152368.jpg
400 281
156 22 340 241; 159 22 342 243; 157 23 343 248; 

50\152_152370.jpg
400 237
70 58 258 201; 71 58 252 204; 70 57 258 203; 

50\152_152374.jpg
400 266
72 52 340 194; 71 52 343 189; 73 52 342 249; 

50\152_152379.jpg
400 352
165 35 381 241; 162 34 380 238; 162 35 382 240; 

50\152_152380.jpg
399 391
4 109 343 255; 0 109 308 249; 5 111 343 234; 

50\152_152386.jpg
400 266
12 52 276 216; 6 58 276 219; 10 57 268 161; 

50\152_152398.jpg
400 347
34 92 262 219; 27 87 284 231; 21 84 309 233; 

50\152_152399.jpg
400 347
34 92 262 203; 27 88 286 230; 20 86 291 239; 

50\152_152400.jpg
400 347
34 92 262 203; 30 84 282 231; 16 85 312 251; 

50\152_152421.jpg
400 205
48 32 374 155; 118 32 378 157; 6 32 378 156; 

50\152_152424.jpg
400 266
102 36 340 245; 104 41 343 242; 102 39 342 242; 

50\152_152426.jpg
400 266
150 30 259 190; 157 32 255 175; 151 28 289 265; 

50\152_152463.jpg
400 309
122 81 240 195; 119 80 239 195; 121 82 240 197; 

50\152_152490.jpg
354 400
10 46 296 308; 10 42 327 377; 11 44 342 379; 

50\152_152508.jpg
400 310
111 44 340 264; 114 46 336 242; 114 46 334 268; 

50\152_152509.jpg
360 400
82 32 340 360; 81 53 341 332; 83 55 342 398; 

50\152_152537.jpg
400 266
38 16 292 245; 128 43 285 188; 62 24 285 186; 

50\152_152540.jpg
319 400
96 22 217 314; 70 23 218 380; 70 22 216 377; 

50\152_152562.jpg
400 200
80 7 264 196; 149 12 266 194; 127 7 268 200; 

50\152_152592.jpg
400 300
74 140 344 276; 100 136 327 274; 101 134 328 272; 

50\152_152621.jpg
400 300
140 48 339 154; 142 25 336 164; 130 22 351 172; 

50\152_152626.jpg
350 400
170 44 286 348; 167 28 294 347; 155 11 319 356; 

50\152_152629.jpg
400 320
100 36 268 228; 89 41 270 246; 101 40 269 146; 

50\152_152635.jpg
300 400
114 206 219 348; 109 206 221 319; 110 207 220 318; 

50\152_152636.jpg
291 400
32 8 249 294; 74 99 242 296; 34 22 243 294; 

50\152_152638.jpg
286 400
6 14 272 249; 90 18 282 208; 1 18 281 245; 

50\152_152639.jpg
400 200
109 2 346 191; 109 2 346 195; 106 1 347 196; 

50\152_152640.jpg
270 400
64 40 246 342; 62 39 246 400; 64 40 246 400; 

50\152_152641.jpg
400 200
159 6 373 176; 154 9 371 186; 155 9 370 187; 

50\152_152642.jpg
300 400
30 56 148 358; 34 66 136 371; 34 63 137 374; 

50\152_152651.jpg
336 400
42 14 276 294; 41 15 291 298; 46 18 278 294; 

50\152_152658.jpg
400 200
188 6 348 198; 188 2 349 193; 189 0 348 192; 

50\152_152659.jpg
400 266
174 4 348 221; 172 4 349 216; 172 4 350 226; 

50\152_152670.jpg
400 314
128 52 336 250; 132 56 336 258; 130 58 335 256; 

50\152_152679.jpg
400 346
124 64 276 338; 127 21 276 345; 126 16 275 345; 

50\152_152684.jpg
399 267
36 44 392 203; 37 41 399 116; 39 39 399 193; 

50\152_152697.jpg
400 200
240 2 374 196; 242 4 378 200; 242 2 377 200; 

50\152_152699.jpg
400 320
16 116 162 258; 21 121 161 254; 22 121 160 253; 

50\152_152703.jpg
400 330
102 46 284 288; 100 43 283 290; 101 44 285 290; 

50\152_152704.jpg
266 400
56 36 212 370; 56 37 213 216; 56 38 212 372; 

50\152_152727.jpg
266 400
35 74 244 317; 64 75 244 236; 16 76 244 356; 

50\152_152728.jpg
351 400
54 20 283 354; 40 22 283 312; 26 22 286 400; 

50\152_152737.jpg
400 155
127 81 369 146; 127 85 398 148; 127 84 398 146; 

50\152_152745.jpg
400 266
54 40 348 229; 50 39 351 136; 40 38 352 216; 

50\152_152757.jpg
400 155
130 85 298 146; 127 84 399 148; 126 84 398 148; 

50\152_152764.jpg
266 400
68 8 194 350; 55 6 198 359; 56 5 199 359; 

50\152_152765.jpg
266 400
54 38 238 304; 57 41 238 305; 58 41 239 304; 

50\152_152766.jpg
266 400
46 14 217 282; 86 93 219 283; 44 13 266 291; 

50\152_152785.jpg
400 270
160 22 348 172; 137 21 346 200; 138 19 368 253; 

50\152_152786.jpg
400 266
94 26 328 237; 86 28 327 238; 9 28 325 238; 

50\152_152787.jpg
400 266
156 28 362 249; 155 29 364 248; 156 26 366 246; 

50\152_152788.jpg
400 266
166 40 369 234; 164 34 374 238; 169 45 370 231; 

50\152_152789.jpg
400 266
30 16 260 214; 28 14 264 232; 38 18 254 224; 

50\152_152795.jpg
400 266
40 22 226 184; 36 22 229 204; 47 28 219 190; 

50\152_152820.jpg
399 398
75 42 326 391; 79 97 261 285; 77 43 324 399; 

50\152_152825.jpg
400 294
226 44 328 288; 224 42 328 294; 226 45 327 294; 

50\152_152838.jpg
400 266
67 24 326 260; 84 24 312 249; 86 24 311 248; 

50\152_152846.jpg
400 363
88 50 352 271; 89 49 356 322; 37 48 357 356; 

50\152_152848.jpg
400 291
112 66 370 197; 111 66 371 227; 112 65 372 236; 

50\152_152849.jpg
400 343
230 30 362 308; 233 24 368 344; 231 21 368 344; 

50\152_152860.jpg
400 300
58 26 370 240; 71 2 328 230; 70 1 328 228; 

50\152_152925.jpg
292 400
52 88 231 348; 56 136 232 352; 54 133 231 350; 

50\152_152955.jpg
266 400
63 94 228 249; 67 99 231 252; 66 98 228 253; 

50\152_152968.jpg
400 261
33 57 379 148; 30 66 378 148; 33 64 379 143; 

50\152_152969.jpg
400 291
49 99 298 189; 49 79 304 189; 52 81 303 186; 

