341

55\165_165000.jpg
400 266
39 92 362 232; 38 94 363 233; 38 93 362 235; 

55\165_165002.jpg
231 400
119 66 212 314; 126 49 218 313; 128 68 216 314; 

55\165_165004.jpg
266 400
32 150 117 364; 34 164 116 373; 32 164 115 374; 

55\165_165010.jpg
400 329
21 81 356 288; 15 80 359 289; 17 79 358 289; 

55\165_165013.jpg
400 383
46 62 362 285; 29 26 385 304; 132 86 279 186; 

55\165_165017.jpg
400 326
91 11 278 194; 91 8 281 195; 91 10 279 194; 

55\165_165031.jpg
399 299
68 10 245 256; 64 10 245 256; 2 8 323 279; 

55\165_165071.jpg
270 400
58 19 230 344; 62 16 229 348; 59 15 231 349; 

55\165_165083.jpg
285 400
38 34 284 216; 45 34 279 187; 44 32 278 186; 

55\165_165088.jpg
400 400
128 210 344 330; 136 195 344 330; 137 201 346 331; 

55\165_165093.jpg
266 400
114 52 232 376; 112 89 231 293; 26 2 253 311; 

55\165_165106.jpg
400 363
44 36 308 329; 44 41 302 329; 42 36 378 331; 

55\165_165107.jpg
400 222
54 68 324 204; 43 68 339 212; 42 26 399 211; 

55\165_165110.jpg
400 280
6 34 356 196; 2 33 359 197; 0 34 358 198; 

55\165_165111.jpg
400 227
142 16 300 211; 142 18 302 214; 76 18 302 221; 

55\165_165115.jpg
400 300
189 86 320 258; 191 92 320 256; 188 91 319 255; 

55\165_165117.jpg
400 266
142 66 316 263; 143 66 318 266; 142 2 324 266; 

55\165_165128.jpg
400 274
34 56 248 180; 31 58 252 182; 34 57 251 182; 

55\165_165131.jpg
400 400
74 28 308 376; 76 27 308 376; 76 26 308 376; 

55\165_165137.jpg
400 400
122 38 270 266; 23 79 262 362; 124 39 261 241; 

55\165_165138.jpg
400 266
64 26 322 265; 64 26 274 232; 64 26 319 266; 

55\165_165139.jpg
400 266
16 38 249 246; 73 40 250 214; 15 39 248 249; 

55\165_165154.jpg
276 400
66 92 214 350; 73 110 210 238; 70 95 220 238; 

55\165_165155.jpg
248 400
79 66 222 361; 34 68 197 361; 34 68 242 362; 

55\165_165190.jpg
400 265
88 32 361 259; 92 31 357 259; 91 31 358 258; 

55\165_165205.jpg
400 336
25 76 191 164; 27 76 182 155; 26 77 181 157; 

55\165_165210.jpg
400 308
124 48 278 261; 128 44 274 257; 128 43 274 258; 

55\165_165215.jpg
266 400
74 24 190 382; 78 16 182 217; 74 18 189 380; 

55\165_165221.jpg
400 266
115 38 290 263; 115 35 298 265; 115 36 297 267; 

55\165_165250.jpg
347 399
85 6 241 346; 66 14 296 357; 65 10 298 356; 

55\165_165255.jpg
399 392
158 80 328 372; 163 83 294 251; 162 12 331 248; 

55\165_165265.jpg
400 280
57 11 281 143; 61 9 222 148; 19 9 388 147; 

55\165_165306.jpg
200 400
28 114 176 270; 22 114 173 268; 22 115 172 269; 

55\165_165334.jpg
301 400
31 75 265 331; 19 74 265 292; 18 74 266 336; 

55\165_165356.jpg
281 400
72 68 203 355; 73 94 208 368; 71 92 205 370; 

55\165_165372.jpg
400 266
52 72 364 247; 50 74 365 224; 52 74 366 224; 

55\165_165408.jpg
400 300
114 42 324 258; 112 39 322 262; 51 40 369 300; 

55\165_165415.jpg
266 400
58 52 214 326; 63 52 210 326; 65 55 209 325; 

55\165_165420.jpg
399 262
101 58 326 228; 98 45 286 239; 101 47 280 232; 

55\165_165430.jpg
400 265
17 15 334 213; 90 52 269 203; 64 38 302 211; 

55\165_165452.jpg
268 399
74 40 243 394; 43 41 244 339; 46 42 244 173; 

55\165_165484.jpg
300 400
128 18 285 296; 38 152 299 356; 42 2 299 355; 

55\165_165503.jpg
266 400
34 182 251 266; 34 181 254 266; 33 181 253 266; 

55\165_165506.jpg
400 296
110 18 360 268; 103 16 278 268; 110 19 364 271; 

55\165_165507.jpg
400 266
112 56 242 227; 110 56 178 221; 112 57 179 219; 

55\165_165520.jpg
400 266
118 66 390 222; 118 68 252 228; 117 67 391 227; 

55\165_165573.jpg
400 266
54 24 290 263; 64 26 216 156; 57 6 294 266; 

55\165_165595.jpg
300 400
66 10 210 364; 69 8 212 302; 67 9 211 400; 

55\165_165605.jpg
400 281
194 94 396 279; 200 96 387 253; 201 95 400 281; 

55\165_165607.jpg
400 265
146 18 320 195; 142 17 322 194; 147 16 320 195; 

55\165_165621.jpg
400 266
19 78 324 264; 2 64 346 265; 1 58 348 266; 

55\165_165633.jpg
400 266
136 20 380 253; 135 19 367 217; 135 17 380 262; 

55\165_165648.jpg
304 400
112 66 250 374; 134 64 279 375; 132 66 279 375; 

55\165_165652.jpg
400 308
170 98 298 241; 171 96 298 242; 172 96 298 241; 

55\165_165655.jpg
400 301
127 23 355 260; 125 28 354 261; 126 29 353 263; 

55\165_165656.jpg
400 360
84 21 341 324; 240 24 342 198; 82 25 340 329; 

55\165_165669.jpg
400 320
164 24 364 277; 166 67 366 274; 159 2 365 272; 

55\165_165686.jpg
301 400
88 100 211 322; 91 91 214 322; 102 103 198 315; 

55\165_165714.jpg
266 400
52 108 236 296; 56 110 239 301; 54 111 238 299; 

55\165_165717.jpg
266 400
62 74 242 246; 66 76 246 248; 66 77 246 248; 

55\165_165727.jpg
400 266
28 80 260 244; 28 76 262 251; 26 80 263 249; 

55\165_165737.jpg
400 266
139 76 270 190; 138 80 268 193; 139 80 271 190; 

55\165_165750.jpg
250 400
0 28 172 290; 32 106 172 296; 2 28 171 293; 

55\165_165756.jpg
400 266
44 69 382 239; 102 68 288 206; 102 66 286 204; 

55\165_165761.jpg
400 266
163 50 249 257; 159 52 252 258; 160 51 250 259; 

55\165_165763.jpg
400 300
132 19 390 261; 131 18 300 168; 130 19 298 169; 

55\165_165764.jpg
300 400
72 98 222 376; 73 99 223 331; 70 100 222 374; 

55\165_165780.jpg
400 300
25 89 381 265; 25 84 297 252; 26 84 381 258; 

55\165_165781.jpg
400 320
84 60 309 311; 57 59 332 320; 60 62 328 320; 

55\165_165792.jpg
266 400
29 164 221 366; 28 163 153 373; 34 165 226 373; 

55\165_165810.jpg
400 300
74 12 348 184; 73 18 353 200; 74 16 352 199; 

55\165_165811.jpg
400 300
74 5 352 206; 76 22 357 203; 76 22 354 222; 

55\165_165812.jpg
400 300
64 42 256 240; 58 41 258 250; 57 42 256 250; 

55\165_165844.jpg
400 285
48 28 142 197; 47 28 147 234; 47 28 145 235; 

55\165_165850.jpg
400 266
118 18 272 182; 115 11 278 171; 121 9 278 170; 

55\165_165911.jpg
266 400
96 80 185 319; 99 83 188 321; 99 82 186 321; 

55\165_165929.jpg
400 266
69 44 311 182; 49 33 312 233; 61 33 312 186; 

55\165_165933.jpg
400 291
24 23 262 211; 59 31 227 192; 64 28 225 192; 

55\165_165946.jpg
400 300
52 30 262 252; 57 29 262 233; 58 28 264 233; 

55\165_165961.jpg
400 300
105 43 250 262; 113 45 249 272; 91 16 269 285; 

55\165_165968.jpg
400 266
222 116 344 217; 218 86 368 219; 222 116 345 222; 

55\165_165985.jpg
400 266
92 84 326 246; 72 86 334 250; 95 87 331 242; 

55\165_165988.jpg
399 289
46 68 339 243; 47 67 336 245; 42 64 336 244; 

55\165_165989.jpg
400 288
80 4 258 286; 95 63 260 248; 52 4 259 248; 

55\166_166009.jpg
400 368
16 28 349 288; 159 47 354 307; 206 48 353 242; 

55\166_166057.jpg
400 292
134 136 268 260; 116 89 273 237; 117 88 271 262; 

55\166_166060.jpg
319 399
36 131 307 241; 35 159 306 238; 33 159 307 238; 

55\166_166061.jpg
400 320
70 96 270 178; 47 97 377 192; 51 99 376 191; 

55\166_166063.jpg
400 320
62 14 260 202; 62 12 268 200; 82 11 256 200; 

55\166_166065.jpg
400 320
156 10 372 242; 157 13 376 250; 155 15 376 249; 

55\166_166066.jpg
400 266
56 32 246 174; 2 1 254 174; 161 78 267 166; 

55\166_166067.jpg
400 266
122 38 248 196; 11 1 248 200; 139 91 204 170; 

55\166_166070.jpg
400 320
114 100 320 192; 0 124 321 191; 104 126 321 189; 

55\166_166071.jpg
400 258
64 4 254 208; 52 6 254 211; 52 4 256 210; 

55\166_166080.jpg
260 400
70 34 208 376; 98 32 214 377; 72 32 207 376; 

55\166_166094.jpg
400 281
20 111 269 238; 22 102 273 223; 19 112 274 226; 

55\166_166126.jpg
400 333
80 28 336 289; 78 26 340 166; 76 28 340 278; 

55\166_166139.jpg
400 224
56 32 202 188; 9 51 189 204; 11 52 188 204; 

55\166_166144.jpg
266 400
46 52 211 190; 25 56 181 361; 25 53 221 371; 

55\166_166147.jpg
199 400
20 26 188 146; 32 28 187 145; 29 26 189 165; 

55\166_166150.jpg
400 269
90 36 372 230; 32 32 238 192; 36 34 377 265; 

55\166_166151.jpg
400 266
148 36 380 199; 231 36 391 214; 233 39 391 212; 

55\166_166153.jpg
400 321
31 54 238 308; 24 58 239 298; 21 57 238 318; 

55\166_166154.jpg
400 321
18 44 316 259; 22 46 328 299; 20 45 328 318; 

55\166_166189.jpg
400 280
86 30 310 254; 84 32 311 254; 85 32 310 255; 

55\166_166191.jpg
400 300
60 6 365 187; 60 7 362 182; 61 8 361 184; 

55\166_166215.jpg
350 400
52 26 283 389; 52 25 266 298; 54 25 264 296; 

55\166_166216.jpg
400 265
178 61 322 248; 156 61 325 262; 158 60 323 265; 

55\166_166218.jpg
400 265
222 44 324 163; 223 44 325 265; 222 44 324 265; 

55\166_166221.jpg
400 265
114 26 349 205; 102 28 282 221; 102 28 388 252; 

55\166_166228.jpg
279 400
24 90 263 350; 8 92 276 305; 6 91 277 319; 

55\166_166261.jpg
400 266
131 45 367 236; 128 52 362 212; 128 51 362 238; 

55\166_166279.jpg
400 266
62 48 228 223; 63 43 231 197; 63 46 231 229; 

55\166_166319.jpg
283 399
34 63 207 284; 31 67 209 289; 27 69 208 286; 

55\166_166321.jpg
291 400
20 88 239 376; 9 85 251 380; 11 89 251 382; 

55\166_166322.jpg
400 376
79 19 332 280; 128 25 336 279; 111 24 334 279; 

55\166_166343.jpg
400 255
136 41 344 229; 182 46 352 232; 184 46 351 232; 

55\166_166348.jpg
400 265
236 52 362 244; 228 51 368 245; 231 51 366 265; 

55\166_166364.jpg
400 300
90 8 326 266; 102 46 328 242; 89 7 330 252; 

55\166_166379.jpg
400 266
64 4 344 199; 73 54 302 213; 65 1 231 213; 

55\166_166380.jpg
400 300
36 64 250 272; 34 65 246 252; 34 67 244 254; 

55\166_166405.jpg
276 400
34 84 181 320; 35 82 181 288; 36 75 180 318; 

55\166_166408.jpg
400 266
110 12 328 264; 111 11 327 266; 111 11 327 266; 

55\166_166417.jpg
400 266
142 49 304 258; 128 46 301 266; 132 47 301 266; 

55\166_166446.jpg
400 270
86 26 376 241; 105 25 379 229; 19 26 379 270; 

55\166_166451.jpg
400 320
84 56 354 316; 57 49 353 319; 52 48 352 320; 

55\166_166477.jpg
400 283
94 34 280 182; 86 39 279 184; 83 34 278 282; 

55\166_166487.jpg
400 301
58 56 336 298; 55 56 345 301; 57 58 342 301; 

55\166_166490.jpg
400 300
104 86 306 268; 94 86 310 275; 109 93 298 260; 

55\166_166491.jpg
400 390
154 156 302 354; 69 91 332 320; 159 161 264 288; 

55\166_166523.jpg
300 400
139 134 258 392; 138 131 279 321; 140 131 279 400; 

55\166_166541.jpg
400 381
124 38 358 362; 126 36 308 336; 125 36 353 368; 

55\166_166543.jpg
400 245
112 12 198 203; 116 13 200 203; 117 12 199 205; 

55\166_166547.jpg
300 400
74 48 192 284; 72 31 190 318; 82 51 191 315; 

55\166_166553.jpg
266 400
104 32 239 290; 96 32 243 286; 95 33 226 247; 

55\166_166565.jpg
400 258
182 66 348 218; 185 69 364 221; 184 68 362 220; 

55\166_166575.jpg
400 300
80 96 398 270; 81 100 400 268; 92 99 400 267; 

55\166_166633.jpg
400 290
174 30 389 226; 177 32 388 229; 176 31 387 230; 

55\166_166638.jpg
312 400
60 129 204 312; 61 131 209 309; 119 133 198 308; 

55\166_166643.jpg
400 300
98 39 272 254; 99 40 272 255; 99 41 271 254; 

55\166_166647.jpg
400 300
38 11 251 296; 66 4 248 300; 2 10 244 300; 

55\166_166657.jpg
213 400
29 47 168 242; 30 50 174 230; 28 49 172 229; 

55\166_166658.jpg
266 400
54 122 194 306; 63 108 191 305; 74 109 189 290; 

55\166_166659.jpg
348 400
51 60 291 366; 33 53 281 357; 34 55 282 356; 

55\166_166660.jpg
400 399
52 4 296 319; 101 4 274 234; 100 6 362 281; 

55\166_166663.jpg
320 400
14 22 196 372; 13 5 196 248; 12 5 291 300; 

55\166_166665.jpg
266 400
58 94 191 393; 39 92 195 400; 78 99 182 400; 

55\166_166666.jpg
266 400
26 52 212 394; 26 50 218 400; 24 48 216 400; 

55\166_166668.jpg
400 320
46 140 348 270; 42 139 355 291; 44 139 354 289; 

55\166_166674.jpg
400 267
94 14 312 259; 97 4 304 267; 94 6 310 266; 

55\166_166680.jpg
400 266
104 12 327 253; 104 16 338 256; 61 16 331 258; 

55\166_166681.jpg
400 400
104 30 314 381; 101 30 312 379; 104 29 312 380; 

55\166_166682.jpg
288 400
30 79 252 358; 131 80 249 356; 24 82 249 356; 

55\166_166683.jpg
268 400
66 94 176 298; 70 88 176 392; 68 88 175 394; 

55\166_166694.jpg
400 268
88 28 289 263; 82 21 289 267; 84 22 289 266; 

55\166_166708.jpg
262 400
19 11 152 392; 16 17 154 234; 14 15 154 389; 

55\166_166719.jpg
266 400
9 124 206 364; 0 63 206 365; 1 65 208 348; 

55\166_166752.jpg
400 188
98 84 324 136; 88 84 327 138; 90 85 327 138; 

55\166_166758.jpg
266 400
67 91 261 364; 56 76 173 212; 59 75 172 252; 

55\166_166765.jpg
400 320
40 52 244 218; 31 51 242 221; 34 52 242 170; 

55\166_166771.jpg
331 400
96 204 228 344; 99 205 228 349; 84 8 248 188; 

55\166_166776.jpg
266 400
102 21 248 302; 102 21 254 298; 102 21 250 298; 

55\166_166794.jpg
400 311
37 24 222 305; 54 60 181 224; 18 6 199 222; 

55\166_166803.jpg
400 297
46 85 252 278; 100 86 252 204; 101 86 252 208; 

55\166_166810.jpg
308 400
10 96 282 356; 13 95 289 364; 10 55 288 400; 

55\166_166826.jpg
400 266
150 0 290 263; 144 1 297 266; 143 1 297 266; 

55\166_166827.jpg
400 266
122 0 318 265; 122 1 322 266; 121 1 322 266; 

55\166_166834.jpg
400 266
164 88 258 241; 167 90 232 243; 166 89 233 243; 

55\166_166898.jpg
400 267
158 91 316 251; 160 91 318 254; 162 91 317 254; 

55\166_166903.jpg
266 400
28 44 249 322; 35 91 234 328; 1 47 253 327; 

55\166_166906.jpg
400 241
82 12 300 201; 86 12 300 226; 84 14 304 225; 

55\166_166907.jpg
400 300
18 2 240 294; 47 3 242 228; 88 3 242 156; 

55\166_166908.jpg
400 266
30 50 366 211; 28 51 371 211; 30 51 370 212; 

55\166_166912.jpg
399 291
100 72 356 253; 42 46 353 254; 45 49 355 254; 

55\166_166915.jpg
400 300
12 42 376 236; 10 48 380 238; 12 49 377 238; 

55\166_166921.jpg
334 400
144 142 322 308; 148 139 332 312; 147 141 332 310; 

55\166_166922.jpg
400 300
76 74 260 246; 29 72 263 249; 30 71 265 248; 

55\166_166926.jpg
300 400
58 46 274 272; 32 47 278 291; 32 47 277 289; 

55\166_166932.jpg
400 284
50 30 158 176; 52 32 159 271; 52 32 159 269; 

55\166_166934.jpg
357 400
91 94 298 338; 93 92 301 346; 93 92 298 346; 

55\166_166935.jpg
399 315
121 44 360 286; 186 11 341 177; 189 14 340 173; 

55\166_166937.jpg
333 399
131 54 194 286; 134 58 194 287; 134 58 193 286; 

55\166_166940.jpg
238 400
51 39 198 269; 48 40 194 271; 48 38 192 373; 

55\166_166945.jpg
320 400
80 98 291 392; 70 99 296 400; 69 101 298 400; 

55\166_166949.jpg
400 276
74 18 318 249; 75 18 318 262; 74 21 317 261; 

55\166_166954.jpg
400 289
214 53 354 204; 212 44 340 195; 211 46 341 196; 

55\166_166958.jpg
400 400
76 42 298 320; 78 41 301 269; 79 41 301 368; 

55\166_166960.jpg
326 400
34 178 272 341; 66 178 270 342; 67 180 269 342; 

55\166_166963.jpg
400 281
53 75 318 209; 61 74 320 212; 62 74 319 206; 

55\166_166982.jpg
313 400
76 88 224 364; 78 93 187 365; 78 92 222 370; 

55\166_166991.jpg
371 400
189 66 343 228; 143 64 344 312; 190 67 344 342; 

55\166_166993.jpg
400 266
70 28 318 236; 68 28 272 215; 26 31 331 251; 

55\166_166995.jpg
267 400
104 80 182 306; 96 21 192 367; 105 76 156 297; 

55\166_166997.jpg
326 400
67 102 205 300; 72 104 203 300; 72 105 203 300; 

55\167_167005.jpg
300 400
94 94 222 272; 90 111 219 278; 91 110 218 278; 

55\167_167008.jpg
400 266
58 62 260 229; 56 60 263 229; 55 59 233 224; 

55\167_167030.jpg
400 381
64 64 311 377; 67 45 312 351; 67 42 312 352; 

55\167_167059.jpg
400 320
72 72 350 308; 71 7 392 302; 74 5 394 300; 

55\167_167067.jpg
400 266
99 96 229 220; 116 108 224 218; 114 108 224 218; 

55\167_167071.jpg
290 400
20 29 265 274; 14 27 277 269; 14 27 277 337; 

55\167_167078.jpg
278 400
48 88 192 330; 53 92 192 271; 27 42 252 368; 

55\167_167097.jpg
400 266
16 96 266 222; 2 99 269 226; 4 99 268 227; 

55\167_167100.jpg
313 399
35 30 293 312; 57 24 234 171; 42 27 293 384; 

55\167_167117.jpg
400 266
168 44 346 207; 169 45 348 207; 169 45 347 206; 

55\167_167121.jpg
400 300
34 22 274 289; 130 21 267 228; 24 22 264 300; 

55\167_167128.jpg
400 266
64 22 240 261; 69 20 238 258; 67 20 240 266; 

55\167_167130.jpg
400 266
10 12 240 265; 4 8 245 267; 38 12 195 213; 

55\167_167132.jpg
241 400
113 79 228 378; 78 41 231 386; 77 41 230 385; 

55\167_167143.jpg
400 296
22 2 277 250; 66 62 265 254; 42 2 279 252; 

55\167_167146.jpg
400 320
78 144 362 292; 88 144 364 294; 89 144 364 302; 

55\167_167151.jpg
320 400
42 72 268 392; 44 24 240 240; 44 21 247 272; 

55\167_167153.jpg
266 400
96 96 245 282; 100 93 260 280; 1 90 259 298; 

55\167_167163.jpg
400 271
137 54 344 270; 142 54 346 226; 142 56 346 229; 

55\167_167164.jpg
266 400
114 26 247 366; 113 22 251 390; 115 22 249 390; 

55\167_167168.jpg
399 357
68 111 355 299; 61 113 347 301; 63 115 348 299; 

55\167_167181.jpg
338 400
64 68 304 318; 61 67 304 323; 62 66 307 321; 

55\167_167182.jpg
400 268
46 44 350 218; 38 41 359 221; 38 44 358 224; 

55\167_167184.jpg
300 400
34 114 274 379; 48 115 253 295; 48 114 252 295; 

55\167_167188.jpg
400 303
116 16 328 218; 120 18 392 238; 118 19 391 298; 

55\167_167193.jpg
331 400
62 26 279 321; 58 26 304 241; 135 26 237 165; 

55\167_167207.jpg
400 300
34 30 324 254; 93 30 330 242; 34 30 330 266; 

55\167_167214.jpg
400 320
36 78 262 264; 38 76 264 280; 38 25 344 284; 

55\167_167223.jpg
400 266
110 60 290 263; 117 58 307 266; 112 61 308 266; 

55\167_167244.jpg
266 400
62 48 199 382; 62 47 198 337; 62 46 254 400; 

55\167_167245.jpg
400 300
64 58 210 266; 67 58 214 266; 64 58 211 262; 

55\167_167260.jpg
399 253
28 82 192 246; 8 10 195 245; 6 2 197 242; 

55\167_167279.jpg
400 266
36 104 311 231; 38 91 310 236; 36 84 312 236; 

55\167_167286.jpg
400 266
74 28 285 213; 73 26 222 218; 72 29 289 219; 

55\167_167291.jpg
266 400
48 82 247 392; 81 89 201 239; 80 88 202 239; 

55\167_167295.jpg
400 289
28 20 282 251; 20 18 201 182; 21 18 284 272; 

55\167_167302.jpg
300 400
24 98 280 340; 20 98 280 343; 20 98 281 345; 

55\167_167307.jpg
400 299
154 64 366 288; 157 65 298 299; 156 66 399 299; 

55\167_167321.jpg
270 400
110 108 228 224; 110 111 232 226; 109 109 231 226; 

55\167_167348.jpg
399 253
26 36 197 242; 5 7 197 241; 5 3 199 242; 

55\167_167349.jpg
400 291
52 74 346 221; 48 71 352 219; 49 69 349 218; 

55\167_167356.jpg
400 320
61 10 274 254; 62 10 282 242; 61 9 287 244; 

55\167_167357.jpg
400 320
50 32 364 234; 132 31 372 219; 52 30 371 236; 

55\167_167368.jpg
400 311
141 4 340 308; 140 1 342 311; 139 1 343 311; 

55\167_167375.jpg
400 353
125 96 272 217; 124 99 252 221; 126 98 252 219; 

55\167_167376.jpg
400 301
66 51 188 154; 66 51 191 155; 65 54 384 301; 

55\167_167380.jpg
400 276
176 44 321 237; 162 46 398 276; 158 46 398 276; 

55\167_167393.jpg
400 266
214 68 388 244; 231 68 393 265; 230 69 388 263; 

55\167_167397.jpg
317 400
62 34 304 319; 92 86 304 245; 68 36 304 244; 

55\167_167404.jpg
266 400
71 92 228 374; 76 89 236 314; 76 92 241 313; 

55\167_167406.jpg
400 400
66 82 269 358; 32 80 305 369; 32 78 306 369; 

55\167_167418.jpg
397 400
46 34 273 384; 137 33 246 189; 138 34 244 186; 

55\167_167419.jpg
373 400
156 176 356 354; 157 179 369 379; 156 178 372 362; 

55\167_167424.jpg
349 400
143 48 269 310; 145 119 273 314; 137 14 271 312; 

55\167_167429.jpg
400 268
46 44 350 218; 37 41 358 223; 38 44 358 224; 

55\167_167430.jpg
400 266
148 99 239 265; 158 98 229 266; 156 99 229 266; 

55\167_167442.jpg
397 399
51 3 278 241; 37 1 277 215; 64 6 276 237; 

55\167_167448.jpg
400 237
98 51 250 173; 99 53 250 177; 18 11 386 216; 

55\167_167456.jpg
400 300
86 84 286 296; 46 83 288 300; 152 86 286 152; 

55\167_167458.jpg
400 240
20 16 256 202; 85 15 378 218; 17 15 379 218; 

55\167_167481.jpg
300 400
130 164 291 330; 127 171 292 355; 58 172 300 400; 

55\167_167483.jpg
271 400
26 24 167 385; 26 18 171 380; 26 12 169 379; 

55\167_167488.jpg
400 285
112 136 389 259; 148 136 389 262; 144 136 389 260; 

55\167_167492.jpg
400 266
20 74 376 164; 49 76 378 166; 50 76 380 170; 

55\167_167493.jpg
311 400
68 32 295 325; 72 127 271 272; 70 126 271 300; 

55\167_167495.jpg
400 400
94 124 388 389; 66 120 398 399; 65 122 400 400; 

55\167_167497.jpg
399 306
98 16 302 294; 97 14 305 226; 98 15 307 228; 

55\167_167500.jpg
266 400
8 142 177 362; 19 153 179 313; 19 145 178 328; 

55\167_167510.jpg
400 300
21 44 297 296; 1 45 368 300; 1 44 379 300; 

55\167_167528.jpg
400 365
126 14 340 319; 151 14 309 355; 147 13 342 358; 

55\167_167532.jpg
400 266
54 27 200 219; 51 33 201 231; 52 32 201 232; 

55\167_167534.jpg
400 283
78 14 231 129; 76 16 232 127; 79 17 231 126; 

55\167_167553.jpg
400 298
116 96 254 227; 105 94 265 228; 106 94 264 238; 

55\167_167554.jpg
400 254
36 40 352 194; 35 42 348 194; 36 44 347 193; 

55\167_167562.jpg
400 265
174 12 342 186; 174 11 358 188; 176 1 400 265; 

55\167_167579.jpg
266 400
12 189 124 369; 12 188 136 365; 14 189 137 366; 

55\167_167584.jpg
400 225
24 91 260 178; 28 98 275 183; 28 98 278 185; 

55\167_167587.jpg
399 302
132 114 386 284; 140 116 394 290; 144 115 386 284; 

55\167_167590.jpg
400 266
142 25 350 265; 131 22 341 266; 139 22 343 266; 

55\167_167593.jpg
400 268
176 42 340 266; 173 41 346 268; 168 41 348 268; 

55\167_167596.jpg
400 285
106 12 310 279; 98 9 312 285; 22 11 381 285; 

55\167_167597.jpg
400 266
104 7 268 227; 108 1 304 233; 79 1 304 266; 

55\167_167602.jpg
399 266
4 113 185 249; 1 116 185 258; 1 116 185 257; 

55\167_167606.jpg
400 300
184 46 346 176; 180 47 348 188; 181 48 349 169; 

55\167_167610.jpg
400 270
110 58 340 220; 135 118 359 223; 110 4 396 222; 

55\167_167613.jpg
400 320
82 26 272 279; 78 29 278 278; 82 30 278 279; 

55\167_167628.jpg
400 265
54 24 310 264; 57 26 303 265; 56 26 400 265; 

55\167_167647.jpg
320 400
46 20 277 267; 45 110 277 261; 46 18 278 262; 

55\167_167655.jpg
266 400
48 34 252 331; 75 128 210 287; 38 6 246 289; 

55\167_167661.jpg
246 400
18 50 212 350; 15 18 228 381; 17 19 227 379; 

55\167_167664.jpg
400 300
51 54 344 238; 58 59 345 238; 60 62 348 238; 

55\167_167670.jpg
400 260
20 0 264 251; 13 63 248 238; 15 6 261 242; 

55\167_167682.jpg
400 266
96 82 331 128; 88 83 332 131; 89 84 331 129; 

55\167_167684.jpg
400 266
52 30 290 260; 53 33 290 266; 54 32 289 266; 

55\167_167685.jpg
400 266
50 28 324 245; 37 31 327 244; 36 29 312 264; 

55\167_167694.jpg
400 266
118 61 286 244; 108 59 288 238; 109 61 301 236; 

55\167_167711.jpg
266 400
76 130 170 398; 56 104 214 392; 54 102 211 400; 

55\167_167742.jpg
400 321
68 99 163 311; 67 100 167 308; 68 100 166 308; 

55\167_167750.jpg
400 320
192 48 291 236; 199 42 306 312; 154 41 392 312; 

55\167_167751.jpg
400 300
32 8 246 290; 35 7 248 280; 4 7 245 298; 

55\167_167752.jpg
400 320
92 44 302 300; 89 31 303 302; 91 34 304 320; 

55\167_167753.jpg
400 380
232 90 384 366; 232 80 387 375; 232 79 387 380; 

55\167_167757.jpg
302 400
17 80 216 396; 17 78 219 396; 16 81 218 396; 

55\167_167761.jpg
304 400
80 64 215 230; 79 24 250 198; 83 22 248 239; 

55\167_167762.jpg
400 286
138 166 290 249; 138 68 342 248; 45 95 336 253; 

55\167_167764.jpg
361 400
68 40 299 356; 113 117 252 287; 66 40 298 357; 

55\167_167766.jpg
400 286
180 72 358 285; 179 73 372 284; 180 69 374 286; 

55\167_167792.jpg
400 266
62 54 310 191; 63 56 176 194; 9 54 394 207; 

55\167_167793.jpg
283 400
52 56 229 370; 52 52 229 242; 40 2 229 244; 

55\167_167794.jpg
269 400
48 48 235 354; 43 42 239 363; 4 41 237 354; 

55\167_167796.jpg
266 400
64 87 219 394; 31 82 220 353; 32 81 220 354; 

55\167_167797.jpg
400 186
42 40 374 167; 7 40 392 171; 2 40 391 172; 

55\167_167798.jpg
400 244
44 4 215 239; 65 67 201 202; 16 6 214 202; 

55\167_167799.jpg
400 173
64 72 384 156; 63 72 386 152; 64 74 386 154; 

55\167_167801.jpg
400 145
56 44 306 112; 68 44 311 118; 68 45 386 121; 

55\167_167802.jpg
328 400
38 84 148 266; 46 85 142 266; 47 87 143 265; 

55\167_167804.jpg
310 400
58 16 232 314; 103 125 251 269; 69 16 259 268; 

55\167_167828.jpg
400 297
14 171 392 279; 17 169 392 284; 17 170 391 287; 

55\167_167833.jpg
266 400
50 42 232 392; 66 118 195 264; 66 41 234 263; 

55\167_167836.jpg
400 348
96 98 337 308; 28 119 347 275; 31 107 346 318; 

55\167_167846.jpg
400 320
94 58 361 164; 90 60 362 162; 91 58 364 165; 

55\167_167847.jpg
400 301
42 88 302 199; 128 88 300 181; 128 88 298 188; 

55\167_167849.jpg
400 400
44 2 344 282; 78 139 329 248; 47 21 346 282; 

55\167_167865.jpg
400 266
48 8 311 237; 113 11 308 193; 115 11 310 209; 

55\167_167866.jpg
400 266
32 34 264 229; 26 36 248 229; 28 35 249 239; 

55\167_167867.jpg
400 301
62 54 336 299; 58 55 339 301; 59 54 338 301; 

55\167_167871.jpg
400 266
5 44 281 265; 72 49 281 265; 0 49 279 266; 

55\167_167873.jpg
400 265
192 58 322 161; 196 59 322 237; 195 59 321 236; 

55\167_167877.jpg
346 400
48 66 246 357; 42 62 220 300; 45 61 244 356; 

55\167_167878.jpg
400 258
168 28 322 170; 171 28 322 169; 172 28 321 169; 

55\167_167879.jpg
400 296
98 44 278 281; 101 46 281 283; 99 46 281 282; 

55\167_167881.jpg
300 400
111 42 272 268; 112 42 275 268; 113 43 271 268; 

55\167_167898.jpg
400 300
48 54 306 264; 50 55 306 265; 50 57 304 248; 

55\167_167919.jpg
266 400
16 52 209 306; 61 47 209 221; 1 47 207 392; 

55\167_167960.jpg
400 266
82 88 228 240; 79 91 227 234; 82 92 227 235; 

55\167_167962.jpg
400 303
122 20 326 291; 122 18 284 223; 124 19 381 302; 

55\167_167964.jpg
400 266
138 62 288 219; 142 61 289 220; 139 59 286 220; 

55\167_167975.jpg
337 400
62 46 308 319; 73 48 304 316; 74 45 304 322; 

55\167_167984.jpg
400 270
42 48 262 232; 40 50 265 232; 41 51 265 242; 

55\167_167988.jpg
280 400
108 94 246 376; 100 91 246 373; 87 94 280 379; 

55\167_167989.jpg
259 400
89 152 171 346; 84 152 171 346; 84 154 171 348; 

55\167_167990.jpg
400 297
56 66 318 261; 58 67 261 253; 57 66 262 255; 

55\167_167991.jpg
400 266
60 18 244 259; 58 16 245 235; 61 18 388 261; 

55\167_167992.jpg
295 400
29 55 244 344; 46 65 244 247; 21 62 255 400; 

55\167_167993.jpg
400 285
43 32 216 191; 48 32 214 182; 48 32 216 186; 

55\167_167994.jpg
400 400
121 99 388 296; 124 101 400 311; 121 102 400 317; 

55\167_167999.jpg
286 400
66 106 244 368; 56 107 253 380; 94 106 259 347; 

