195

5\15_15013.jpg
300 400
59 126 269 381; 62 135 240 326; 68 138 239 324; 

5\15_15021.jpg
400 355
189 54 313 312; 192 58 302 219; 194 62 302 219; 

5\15_15022.jpg
341 400
57 116 291 335; 58 118 288 336; 59 119 287 334; 

5\15_15028.jpg
400 275
172 56 341 208; 175 56 335 211; 168 57 338 222; 

5\15_15029.jpg
400 325
138 101 332 263; 133 98 332 266; 132 88 334 264; 

5\15_15030.jpg
399 297
10 20 272 247; 7 16 272 248; 8 18 273 248; 

5\15_15032.jpg
400 296
38 21 276 272; 78 77 273 278; 107 79 269 278; 

5\15_15038.jpg
400 311
111 64 323 251; 113 63 326 247; 51 64 353 264; 

5\15_15127.jpg
400 363
191 123 392 351; 190 117 400 362; 191 118 398 361; 

5\15_15134.jpg
400 266
84 12 314 228; 82 9 315 246; 84 14 292 232; 

5\15_15198.jpg
399 285
176 80 365 216; 187 80 362 211; 187 82 362 209; 

5\15_15234.jpg
400 320
248 27 325 281; 245 23 323 273; 246 16 322 271; 

5\15_15264.jpg
388 400
189 154 364 380; 191 156 370 376; 192 161 369 378; 

5\15_15309.jpg
400 316
103 83 359 230; 77 83 363 267; 78 84 361 266; 

5\15_15329.jpg
299 400
88 46 214 346; 78 32 190 335; 79 34 219 342; 

5\15_15345.jpg
320 400
49 56 269 351; 49 48 267 366; 51 50 268 364; 

5\15_15350.jpg
400 320
164 141 351 320; 176 152 344 273; 179 153 342 270; 

5\15_15359.jpg
400 300
136 9 296 227; 149 13 288 224; 149 15 285 214; 

5\15_15362.jpg
288 360
53 38 238 303; 43 29 245 313; 44 34 245 311; 

5\15_15387.jpg
358 399
34 38 293 360; 83 28 262 299; 83 30 266 298; 

5\15_15412.jpg
400 266
52 125 357 252; 63 126 352 249; 87 151 249 251; 

5\15_15463.jpg
336 400
34 77 302 316; 33 81 301 323; 36 81 298 306; 

5\15_15466.jpg
400 320
150 123 382 254; 153 126 380 249; 154 126 378 246; 

5\15_15492.jpg
400 300
28 33 147 161; 28 21 400 159; 28 32 270 212; 

5\15_15496.jpg
400 300
121 44 372 190; 121 44 376 146; 122 45 376 144; 

5\15_15498.jpg
400 300
42 93 282 269; 44 94 282 211; 45 96 282 208; 

5\15_15516.jpg
399 242
232 8 377 206; 186 77 390 206; 195 54 397 205; 

5\15_15522.jpg
295 400
57 29 229 381; 58 30 230 382; 61 29 226 381; 

5\15_15561.jpg
400 266
71 7 343 235; 73 4 306 232; 75 9 303 214; 

5\15_15620.jpg
300 400
28 38 261 298; 29 38 263 296; 30 39 261 296; 

5\15_15621.jpg
300 400
29 29 282 296; 28 30 286 325; 28 31 284 324; 

5\15_15622.jpg
300 400
52 2 298 243; 48 2 296 241; 49 3 296 243; 

5\15_15623.jpg
300 400
39 46 279 306; 40 48 281 331; 41 49 278 330; 

5\15_15644.jpg
400 300
99 24 320 268; 96 28 319 268; 98 29 318 264; 

5\15_15645.jpg
300 400
24 13 224 263; 7 8 218 223; 39 22 216 218; 

5\15_15653.jpg
267 400
61 158 246 364; 48 148 261 373; 66 169 241 342; 

5\15_15654.jpg
400 268
21 11 186 222; 39 6 159 207; 36 26 297 202; 

5\15_15663.jpg
400 282
133 36 352 149; 132 34 352 151; 134 36 351 151; 

5\15_15664.jpg
300 400
18 74 271 339; 14 53 284 340; 16 56 268 388; 

5\15_15666.jpg
400 305
88 151 307 281; 88 132 348 284; 99 155 314 283; 

5\15_15673.jpg
346 400
144 25 288 339; 145 21 318 363; 150 29 272 236; 

5\15_15677.jpg
400 300
140 3 374 262; 142 2 398 269; 141 6 398 276; 

5\15_15689.jpg
365 400
26 71 329 298; 109 149 246 270; 28 74 328 305; 

5\15_15690.jpg
400 262
48 8 210 244; 49 50 188 244; 48 51 188 244; 

5\15_15693.jpg
308 400
46 8 251 346; 94 64 221 251; 98 95 221 251; 

5\15_15710.jpg
326 400
82 28 244 306; 80 31 261 328; 81 32 259 326; 

5\15_15722.jpg
400 300
165 8 363 290; 121 0 400 299; 165 1 397 259; 

5\15_15730.jpg
400 300
59 83 362 181; 40 86 377 176; 47 84 342 178; 

5\15_15742.jpg
400 320
225 14 365 125; 229 14 366 126; 228 16 365 124; 

5\15_15748.jpg
400 300
39 31 254 248; 41 32 256 210; 41 34 254 210; 

5\15_15763.jpg
400 266
2 83 258 202; 0 84 262 201; 1 85 259 196; 

5\15_15790.jpg
400 300
35 122 342 268; 39 123 362 269; 41 122 361 269; 

5\15_15808.jpg
399 323
203 145 342 318; 214 148 336 321; 216 149 335 310; 

5\15_15831.jpg
399 277
22 35 285 237; 16 19 383 239; 15 19 304 239; 

5\15_15844.jpg
363 400
63 71 301 367; 62 61 302 368; 61 62 301 368; 

5\15_15857.jpg
400 300
114 51 301 243; 119 49 299 246; 121 51 295 244; 

5\15_15859.jpg
302 400
83 27 234 363; 86 36 236 361; 86 30 233 362; 

5\15_15863.jpg
312 400
57 46 258 385; 57 48 257 384; 56 48 258 386; 

5\15_15865.jpg
300 400
21 66 184 357; 22 68 222 366; 22 69 179 324; 

5\15_15871.jpg
221 400
46 24 177 352; 44 26 179 351; 87 108 131 276; 

5\15_15876.jpg
400 300
61 42 317 232; 75 45 321 234; 73 46 318 232; 

5\15_15879.jpg
400 266
118 42 280 216; 116 41 269 209; 120 44 267 210; 

5\15_15880.jpg
400 300
58 26 355 264; 55 26 354 265; 57 27 354 261; 

5\15_15885.jpg
400 302
19 26 281 296; 11 36 224 302; 22 31 280 271; 

5\15_15919.jpg
391 400
76 74 316 315; 80 76 312 313; 80 78 311 312; 

5\15_15935.jpg
370 400
188 44 353 378; 188 46 362 379; 189 48 363 378; 

5\15_15945.jpg
400 272
32 94 182 252; 32 94 262 248; 32 94 182 246; 

5\15_15947.jpg
327 400
62 109 267 317; 59 123 262 331; 70 124 248 295; 

5\15_15976.jpg
400 311
164 22 347 278; 151 17 349 278; 151 19 345 276; 

5\15_15980.jpg
400 298
50 14 191 292; 52 11 192 291; 52 15 189 287; 

5\16_16027.jpg
400 319
132 92 310 226; 129 91 321 227; 131 94 321 227; 

5\16_16030.jpg
400 320
130 89 241 211; 128 89 242 208; 129 89 242 210; 

5\16_16070.jpg
400 300
84 19 333 256; 81 13 350 268; 84 15 347 271; 

5\16_16079.jpg
400 391
69 84 329 345; 70 86 330 347; 76 87 326 344; 

5\16_16099.jpg
400 300
85 49 321 260; 39 13 353 275; 96 58 307 251; 

5\16_16124.jpg
400 266
44 61 369 180; 23 61 370 143; 28 61 370 152; 

5\16_16133.jpg
301 400
172 59 277 354; 174 56 276 392; 178 58 274 350; 

5\16_16180.jpg
400 340
161 41 331 298; 166 44 362 301; 166 44 328 298; 

5\16_16182.jpg
400 300
124 11 218 208; 125 1 218 203; 122 1 217 196; 

5\16_16185.jpg
400 300
53 33 268 252; 48 41 292 268; 44 7 261 234; 

5\16_16196.jpg
328 400
53 85 275 309; 51 86 274 305; 56 88 273 302; 

5\16_16201.jpg
400 300
42 22 364 219; 34 21 382 202; 37 23 378 200; 

5\16_16223.jpg
400 266
63 55 363 229; 62 54 361 234; 62 56 360 228; 

5\16_16224.jpg
400 216
9 16 189 159; 5 13 379 186; 3 15 188 157; 

5\16_16283.jpg
300 400
43 66 251 205; 44 66 255 205; 44 66 251 203; 

5\16_16326.jpg
400 300
69 12 302 256; 68 9 310 252; 69 12 362 248; 

5\16_16399.jpg
300 400
72 46 222 359; 73 44 222 361; 73 46 224 357; 

5\16_16400.jpg
400 300
79 36 309 260; 73 34 327 261; 72 34 324 262; 

5\16_16403.jpg
400 285
10 19 304 242; 9 19 306 244; 10 20 305 243; 

5\16_16405.jpg
266 400
92 146 182 286; 14 101 208 290; 78 131 182 291; 

5\16_16431.jpg
399 302
216 71 330 294; 219 70 332 300; 220 70 332 299; 

5\16_16432.jpg
399 302
89 129 374 225; 12 118 397 231; 92 120 379 231; 

5\16_16433.jpg
399 302
140 38 384 161; 59 18 397 160; 62 38 386 159; 

5\16_16467.jpg
285 400
121 141 222 350; 113 140 232 366; 122 144 226 366; 

5\16_16491.jpg
400 314
41 41 249 278; 21 29 252 292; 26 30 249 287; 

5\16_16505.jpg
400 318
84 45 330 286; 83 43 332 288; 88 47 329 284; 

5\16_16529.jpg
299 399
18 154 240 379; 5 150 248 379; 8 156 250 376; 

5\16_16546.jpg
400 300
186 31 336 161; 188 26 331 166; 190 31 324 159; 

5\16_16549.jpg
400 300
69 31 318 282; 60 21 327 300; 71 28 321 268; 

5\16_16592.jpg
400 300
86 28 326 272; 88 32 323 264; 139 81 269 210; 

5\16_16627.jpg
400 320
151 33 341 209; 145 33 341 213; 149 35 338 208; 

5\16_16629.jpg
400 321
141 31 356 263; 138 31 358 261; 143 33 356 258; 

5\16_16702.jpg
399 399
160 123 378 284; 155 123 397 287; 160 126 313 285; 

5\16_16704.jpg
400 311
111 77 356 227; 110 71 357 226; 111 79 354 224; 

5\16_16720.jpg
300 400
12 61 164 387; 11 66 209 400; 12 69 103 396; 

5\16_16725.jpg
400 300
36 50 266 249; 36 50 262 248; 38 52 258 245; 

5\16_16745.jpg
400 364
69 34 333 329; 62 26 338 334; 62 28 338 334; 

5\16_16768.jpg
400 300
78 11 318 288; 78 11 318 290; 79 12 314 288; 

5\16_16770.jpg
400 263
186 21 363 225; 200 5 358 256; 121 88 362 221; 

5\16_16787.jpg
198 265
49 42 190 121; 3 5 198 109; 11 0 196 108; 

5\16_16793.jpg
400 266
37 63 215 233; 29 61 209 237; 30 67 207 231; 

5\16_16794.jpg
325 400
61 59 258 377; 92 53 245 262; 104 115 222 296; 

5\16_16801.jpg
297 400
68 125 228 358; 64 126 228 359; 70 131 225 356; 

5\16_16812.jpg
242 400
55 121 148 268; 53 103 184 270; 51 104 153 267; 

5\16_16870.jpg
400 266
68 48 310 207; 62 47 314 206; 67 56 234 206; 

5\16_16905.jpg
187 400
18 21 121 372; 17 21 117 372; 19 24 119 371; 

5\16_16913.jpg
400 336
182 91 332 302; 184 96 332 293; 189 95 331 290; 

5\16_16927.jpg
399 264
108 20 283 206; 121 16 282 248; 121 18 281 246; 

5\16_16931.jpg
400 333
108 77 319 328; 146 80 293 222; 149 82 281 215; 

5\16_16940.jpg
400 277
108 56 389 267; 105 59 393 267; 106 59 392 269; 

5\16_16944.jpg
314 400
128 146 265 305; 131 140 261 302; 131 152 259 297; 

5\16_16947.jpg
304 400
66 60 238 323; 69 55 238 326; 69 61 239 321; 

5\16_16948.jpg
290 400
34 59 268 251; 22 60 268 391; 26 61 267 393; 

5\16_16951.jpg
283 400
80 56 193 302; 79 54 197 291; 82 57 197 299; 

5\16_16959.jpg
400 318
188 85 326 258; 189 143 322 252; 190 146 319 248; 

5\16_16968.jpg
400 300
132 34 313 258; 139 31 315 261; 139 34 314 258; 

5\16_16970.jpg
400 300
15 6 274 246; 3 2 279 261; 11 4 274 252; 

5\16_16984.jpg
400 285
27 16 267 236; 25 12 259 248; 24 14 260 248; 

5\16_16985.jpg
400 285
221 34 356 216; 220 28 362 211; 222 29 359 208; 

5\16_16988.jpg
285 400
90 105 245 361; 82 108 282 363; 86 111 243 363; 

5\16_16989.jpg
278 400
44 56 263 306; 50 57 262 302; 50 56 261 304; 

5\16_16991.jpg
317 400
15 123 161 397; 15 75 299 396; 19 127 152 400; 

5\17_17005.jpg
400 300
153 46 334 221; 146 13 351 233; 161 47 323 214; 

5\17_17022.jpg
400 350
118 8 356 302; 115 2 357 300; 117 1 356 296; 

5\17_17054.jpg
333 400
72 18 195 233; 72 16 192 317; 73 57 181 229; 

5\17_17057.jpg
319 399
46 39 266 317; 45 44 263 321; 47 44 261 317; 

5\17_17061.jpg
400 266
15 1 237 247; 14 1 237 249; 13 2 234 246; 

5\17_17084.jpg
400 335
154 84 349 296; 151 81 349 293; 154 116 348 291; 

5\17_17092.jpg
400 250
16 21 389 150; 4 15 394 190; 1 16 398 188; 

5\17_17110.jpg
399 370
40 38 324 324; 45 37 360 338; 44 41 317 315; 

5\17_17118.jpg
399 312
41 24 314 281; 23 21 321 288; 34 28 319 284; 

5\17_17198.jpg
399 399
53 102 358 247; 51 104 365 318; 54 106 362 318; 

5\17_17202.jpg
400 400
126 115 393 389; 124 118 392 389; 128 123 392 389; 

5\17_17203.jpg
400 247
202 22 366 191; 200 19 368 189; 202 22 366 188; 

5\17_17251.jpg
400 320
105 74 324 231; 105 74 327 232; 107 76 322 231; 

5\17_17259.jpg
400 300
196 28 370 250; 198 18 398 299; 202 52 355 241; 

5\17_17265.jpg
400 291
11 15 262 232; 10 13 262 231; 12 15 261 233; 

5\17_17274.jpg
400 300
111 18 252 246; 111 1 248 255; 112 18 253 258; 

5\17_17275.jpg
400 320
176 135 333 296; 174 135 332 298; 176 136 329 297; 

5\17_17286.jpg
400 300
37 58 262 229; 38 91 198 228; 39 93 194 228; 

5\17_17287.jpg
400 308
11 115 246 267; 3 87 329 279; 63 144 189 245; 

5\17_17290.jpg
400 300
64 31 344 282; 67 29 344 273; 68 58 219 254; 

5\17_17297.jpg
400 266
134 11 276 251; 130 17 276 266; 129 16 272 240; 

5\17_17319.jpg
400 270
104 18 258 265; 102 18 255 265; 104 19 255 196; 

5\17_17350.jpg
400 300
159 75 295 261; 158 70 296 258; 160 66 295 259; 

5\17_17352.jpg
253 400
43 38 219 335; 49 40 224 333; 46 39 222 334; 

5\17_17353.jpg
400 196
33 5 243 163; 32 3 246 172; 35 2 244 162; 

5\17_17368.jpg
400 300
74 35 352 259; 72 95 354 263; 75 70 352 261; 

5\17_17369.jpg
400 278
32 48 221 229; 37 51 221 231; 37 53 219 227; 

5\17_17372.jpg
355 400
147 8 351 382; 146 63 349 379; 147 68 348 386; 

5\17_17382.jpg
250 400
109 16 239 392; 109 6 244 394; 113 214 241 394; 

5\17_17388.jpg
400 329
111 100 273 295; 114 104 268 291; 112 104 269 291; 

5\17_17396.jpg
400 300
6 32 248 261; 2 51 254 279; 114 53 245 179; 

5\17_17405.jpg
400 266
212 53 334 239; 218 53 333 242; 219 55 332 234; 

5\17_17407.jpg
400 300
88 48 303 254; 88 49 303 256; 88 49 304 256; 

5\17_17440.jpg
400 280
65 82 323 236; 61 82 329 250; 63 86 313 240; 

5\17_17461.jpg
400 300
59 15 352 206; 66 19 358 209; 69 21 354 206; 

5\17_17466.jpg
400 307
49 66 251 261; 50 62 240 255; 62 77 223 244; 

5\17_17525.jpg
265 400
81 47 216 198; 77 41 217 201; 81 46 217 197; 

5\17_17526.jpg
400 296
139 120 249 244; 138 120 250 245; 140 121 247 243; 

5\17_17543.jpg
400 300
135 24 389 282; 128 25 399 253; 152 26 394 251; 

5\17_17553.jpg
288 400
30 117 252 314; 28 116 251 314; 30 117 250 310; 

5\17_17563.jpg
400 300
71 52 240 294; 58 41 243 298; 73 47 241 298; 

5\17_17567.jpg
300 400
68 111 217 314; 67 114 219 334; 49 102 232 336; 

5\17_17569.jpg
400 400
64 51 343 339; 56 50 337 341; 58 52 336 336; 

5\17_17588.jpg
400 300
6 5 143 292; 3 1 146 296; 9 38 126 293; 

5\17_17623.jpg
374 400
157 132 335 296; 161 128 339 303; 177 143 311 279; 

5\17_17635.jpg
266 400
62 27 198 292; 51 26 211 209; 50 28 210 208; 

5\17_17637.jpg
400 260
49 72 316 236; 45 75 317 236; 45 74 315 234; 

5\17_17660.jpg
400 319
73 68 318 282; 73 72 318 280; 74 72 317 280; 

5\17_17674.jpg
300 400
44 55 249 304; 48 58 247 302; 49 59 243 302; 

5\17_17678.jpg
400 253
180 16 377 241; 180 15 383 242; 182 17 382 241; 

5\17_17680.jpg
337 400
20 16 301 207; 1 40 308 206; 1 0 296 204; 

5\17_17686.jpg
251 400
112 96 188 290; 116 100 182 288; 118 101 182 286; 

5\17_17719.jpg
249 400
28 44 238 289; 28 43 236 286; 29 46 234 284; 

5\17_17764.jpg
300 400
84 24 227 228; 89 21 234 225; 101 35 218 184; 

5\17_17792.jpg
400 300
76 56 275 189; 35 64 274 178; 103 88 246 159; 

5\17_17842.jpg
400 211
219 18 394 162; 221 6 393 164; 225 9 391 162; 

5\17_17844.jpg
337 400
27 118 242 282; 28 121 239 269; 32 121 236 267; 

5\17_17868.jpg
400 300
62 95 299 245; 67 98 296 238; 69 99 292 232; 

5\17_17869.jpg
400 268
51 35 365 221; 49 32 393 238; 55 35 288 189; 

5\17_17901.jpg
400 318
230 59 359 214; 229 62 356 319; 233 65 356 210; 

5\17_17907.jpg
400 268
34 69 352 223; 42 72 379 221; 136 74 249 221; 

5\17_17915.jpg
400 275
198 78 375 268; 198 78 372 275; 198 79 372 272; 

5\17_17922.jpg
400 201
105 22 282 181; 27 24 378 186; 104 24 272 179; 

