346

65\195_195001.jpg
400 400
128 64 370 326; 131 66 335 232; 130 66 371 329; 

65\195_195005.jpg
400 351
19 26 224 339; 50 119 172 256; 24 26 296 287; 

65\195_195008.jpg
400 316
164 9 390 314; 166 89 324 316; 168 10 395 316; 

65\195_195024.jpg
371 400
48 44 314 334; 119 134 252 348; 48 44 318 346; 

65\195_195037.jpg
400 251
214 76 375 245; 217 72 371 251; 216 76 377 251; 

65\195_195040.jpg
400 251
54 68 361 231; 45 52 361 238; 48 51 364 238; 

65\195_195045.jpg
397 400
2 23 207 366; 10 104 206 372; 1 17 205 370; 

65\195_195049.jpg
400 300
56 2 298 294; 116 135 298 299; 52 59 299 298; 

65\195_195058.jpg
400 257
46 82 301 129; 47 39 298 129; 47 36 298 129; 

65\195_195088.jpg
400 300
7 27 346 232; 9 26 347 230; 7 28 347 257; 

65\195_195096.jpg
400 266
95 9 291 263; 96 11 298 266; 96 1 295 266; 

65\195_195117.jpg
399 319
143 61 318 307; 144 69 316 305; 144 11 317 305; 

65\195_195120.jpg
398 400
79 45 353 306; 81 44 356 305; 47 21 352 365; 

65\195_195121.jpg
398 400
129 98 311 359; 211 62 318 211; 142 62 316 361; 

65\195_195124.jpg
400 300
3 0 218 298; 9 47 167 210; 1 0 232 300; 

65\195_195157.jpg
310 400
90 172 226 315; 93 171 229 312; 92 173 230 312; 

65\195_195166.jpg
400 266
6 9 247 254; 9 0 249 244; 6 1 234 256; 

65\195_195176.jpg
282 399
90 160 273 342; 89 159 278 346; 89 161 277 345; 

65\195_195179.jpg
400 331
144 40 242 303; 144 41 255 307; 145 42 261 307; 

65\195_195198.jpg
400 336
46 26 296 280; 45 26 298 281; 48 28 298 279; 

65\195_195219.jpg
400 266
184 84 264 248; 135 84 251 236; 181 86 249 238; 

65\195_195222.jpg
300 225
132 52 226 206; 130 49 227 213; 134 53 229 224; 

65\195_195223.jpg
275 399
50 80 221 352; 26 81 237 358; 28 81 238 357; 

65\195_195247.jpg
300 400
46 36 243 380; 90 32 202 250; 30 32 262 400; 

65\195_195263.jpg
400 266
16 90 180 170; 12 92 179 176; 11 92 179 177; 

65\195_195319.jpg
400 333
122 74 314 205; 123 75 313 202; 125 76 311 204; 

65\195_195335.jpg
400 295
89 104 302 271; 93 114 304 271; 92 114 302 269; 

65\195_195349.jpg
400 300
42 48 296 290; 185 52 292 292; 36 39 294 292; 

65\195_195360.jpg
266 400
24 90 250 373; 25 90 251 247; 26 91 249 395; 

65\195_195362.jpg
400 300
166 36 378 192; 108 35 398 202; 112 38 399 208; 

65\195_195365.jpg
400 335
50 38 340 313; 60 55 335 312; 52 36 341 327; 

65\195_195371.jpg
400 355
68 94 162 259; 69 98 167 261; 70 98 164 259; 

65\195_195396.jpg
300 400
110 142 216 389; 109 144 215 400; 111 143 215 400; 

65\195_195416.jpg
284 400
84 28 266 371; 88 26 271 368; 82 28 268 367; 

65\195_195425.jpg
400 300
141 138 359 272; 127 136 361 264; 126 132 361 285; 

65\195_195431.jpg
266 399
10 26 200 322; 10 14 263 399; 12 12 266 399; 

65\195_195441.jpg
313 400
28 88 298 335; 19 86 273 238; 1 87 298 339; 

65\195_195446.jpg
400 266
124 26 366 263; 120 34 328 239; 122 36 382 266; 

65\195_195448.jpg
400 266
151 82 348 267; 148 126 354 266; 148 58 355 266; 

65\195_195449.jpg
400 266
186 69 324 259; 182 14 322 196; 181 15 397 266; 

65\195_195450.jpg
400 266
50 42 298 265; 50 79 258 267; 51 9 302 266; 

65\195_195451.jpg
266 400
32 71 256 324; 28 38 222 308; 30 39 266 395; 

65\195_195452.jpg
400 266
106 81 250 263; 108 80 252 266; 109 81 252 266; 

65\195_195459.jpg
400 276
228 42 382 273; 225 28 383 276; 227 29 383 276; 

65\195_195463.jpg
400 266
50 56 298 232; 85 82 292 238; 88 84 289 226; 

65\195_195470.jpg
242 400
28 36 166 362; 24 28 211 334; 26 28 210 367; 

65\195_195475.jpg
400 320
46 56 376 252; 48 54 379 237; 48 57 379 255; 

65\195_195476.jpg
400 300
29 52 281 222; 8 42 278 207; 8 44 394 231; 

65\195_195480.jpg
400 266
28 44 312 242; 29 46 312 241; 28 45 313 240; 

65\195_195501.jpg
400 266
64 24 260 259; 63 20 262 266; 64 22 261 266; 

65\195_195513.jpg
400 266
94 24 354 253; 94 26 358 255; 98 26 359 255; 

65\195_195530.jpg
357 400
90 50 260 381; 89 21 261 379; 100 26 261 378; 

65\195_195533.jpg
266 400
89 90 190 356; 61 91 190 357; 61 91 189 358; 

65\195_195546.jpg
400 301
88 121 278 191; 90 96 277 191; 89 100 277 193; 

65\195_195547.jpg
400 301
114 92 294 215; 122 66 296 190; 121 66 293 192; 

65\195_195548.jpg
400 316
52 6 271 262; 55 9 263 258; 74 10 341 279; 

65\195_195571.jpg
400 300
72 126 384 242; 108 130 383 239; 2 128 383 239; 

65\195_195582.jpg
400 305
10 90 386 283; 7 89 349 285; 7 90 389 286; 

65\195_195608.jpg
400 300
56 60 306 298; 183 78 295 292; 160 35 294 292; 

65\195_195610.jpg
300 400
50 152 194 396; 51 153 192 400; 51 155 192 400; 

65\195_195611.jpg
400 266
99 26 300 239; 102 26 300 238; 100 28 298 238; 

65\195_195612.jpg
400 137
190 64 357 134; 194 66 338 131; 198 68 351 135; 

65\195_195640.jpg
266 400
130 18 234 379; 128 18 246 381; 131 20 244 382; 

65\195_195642.jpg
400 356
68 54 338 307; 86 82 335 288; 70 32 332 286; 

65\195_195648.jpg
400 241
52 51 191 186; 54 56 189 183; 53 22 194 184; 

65\195_195653.jpg
400 266
167 58 311 198; 172 63 310 195; 169 25 310 195; 

65\195_195655.jpg
399 299
82 72 228 200; 91 72 222 198; 76 76 218 187; 

65\195_195659.jpg
400 207
68 12 312 159; 67 14 316 161; 67 14 313 159; 

65\195_195660.jpg
380 400
24 96 359 294; 24 97 359 255; 22 96 357 293; 

65\195_195661.jpg
400 265
118 8 360 264; 206 72 348 198; 178 12 349 265; 

65\195_195663.jpg
400 183
172 10 274 178; 166 9 273 173; 168 11 272 182; 

65\195_195681.jpg
367 400
0 80 245 382; 0 121 172 391; 1 82 252 400; 

65\195_195718.jpg
400 266
112 88 280 186; 111 88 277 188; 111 88 278 186; 

65\195_195721.jpg
219 400
62 192 218 302; 60 1 219 302; 64 190 219 302; 

65\195_195728.jpg
277 400
81 13 194 388; 82 14 194 386; 82 14 194 386; 

65\195_195763.jpg
400 250
22 52 185 246; 29 57 198 250; 28 55 198 250; 

65\195_195778.jpg
400 266
74 34 344 258; 73 31 221 191; 72 33 348 266; 

65\195_195780.jpg
320 400
8 140 202 365; 12 143 203 358; 11 143 202 383; 

65\195_195782.jpg
400 282
20 53 212 228; 12 51 220 229; 11 51 221 227; 

65\195_195788.jpg
400 266
116 52 241 260; 118 51 236 191; 62 51 400 266; 

65\195_195789.jpg
400 266
116 52 234 208; 117 51 235 191; 118 51 235 191; 

65\195_195803.jpg
399 266
180 30 384 260; 179 29 397 266; 179 31 399 266; 

65\195_195808.jpg
399 266
88 12 320 262; 86 13 324 266; 85 12 324 266; 

65\195_195809.jpg
399 266
126 24 360 262; 124 24 364 266; 123 27 360 266; 

65\195_195810.jpg
399 266
108 20 314 254; 98 16 318 266; 102 20 364 266; 

65\195_195812.jpg
266 399
60 58 237 396; 59 53 249 399; 59 55 247 399; 

65\195_195813.jpg
399 266
65 30 270 264; 71 27 263 266; 67 28 268 266; 

65\195_195814.jpg
399 266
82 19 280 260; 76 17 277 266; 125 12 275 206; 

65\195_195823.jpg
285 400
64 39 263 319; 87 21 263 298; 61 22 263 377; 

65\195_195827.jpg
400 266
116 52 234 208; 117 50 235 195; 119 51 234 192; 

65\195_195830.jpg
285 400
19 56 154 392; 20 40 157 327; 19 38 285 400; 

65\195_195836.jpg
280 400
81 25 244 334; 79 28 238 353; 79 28 261 388; 

65\195_195837.jpg
311 400
61 86 215 278; 62 87 220 280; 62 86 249 399; 

65\195_195838.jpg
400 285
90 34 340 284; 84 18 382 246; 2 18 380 273; 

65\195_195852.jpg
388 400
58 76 338 352; 56 89 339 258; 58 73 341 362; 

65\195_195875.jpg
400 300
106 57 291 229; 88 62 325 252; 72 48 323 251; 

65\195_195882.jpg
400 300
88 90 332 226; 89 92 334 228; 89 92 335 226; 

65\195_195886.jpg
400 266
54 144 192 248; 53 144 191 245; 54 142 190 246; 

65\195_195889.jpg
400 311
18 28 226 302; 13 31 229 303; 17 28 229 231; 

65\195_195893.jpg
400 300
40 54 278 290; 36 63 287 300; 36 30 290 300; 

65\195_195916.jpg
400 300
46 22 234 246; 41 22 235 258; 40 21 235 274; 

65\195_195930.jpg
400 265
42 30 306 252; 33 32 330 253; 124 32 258 140; 

65\195_195932.jpg
400 266
66 12 358 194; 58 15 351 163; 58 14 376 198; 

65\195_195939.jpg
400 248
44 26 336 207; 42 26 172 210; 43 27 338 212; 

65\195_195955.jpg
400 400
80 88 330 366; 120 94 291 270; 104 77 325 304; 

65\195_195965.jpg
400 266
8 69 394 186; 10 37 395 158; 6 35 396 156; 

65\195_195966.jpg
399 265
62 30 344 215; 63 33 257 217; 61 32 344 215; 

65\195_195969.jpg
285 400
30 26 216 266; 37 26 231 262; 36 26 270 400; 

65\195_195974.jpg
266 400
6 88 232 338; 11 85 228 328; 0 88 258 400; 

65\195_195985.jpg
266 400
98 36 210 391; 101 37 209 390; 100 37 209 391; 

65\196_196014.jpg
320 400
82 36 279 391; 1 34 284 271; 0 34 284 400; 

65\196_196021.jpg
300 400
7 182 182 392; 38 182 182 337; 0 181 182 400; 

65\196_196059.jpg
266 399
11 26 206 246; 10 51 189 249; 10 2 263 247; 

65\196_196060.jpg
266 399
25 37 248 275; 51 55 250 277; 2 2 248 277; 

65\196_196062.jpg
399 266
114 38 352 249; 112 15 317 242; 113 14 315 242; 

65\196_196063.jpg
266 400
36 100 259 356; 58 114 259 363; 42 81 260 358; 

65\196_196064.jpg
399 266
98 42 296 244; 99 41 289 224; 96 42 292 224; 

65\196_196074.jpg
400 266
164 44 354 211; 165 36 359 215; 164 36 362 212; 

65\196_196080.jpg
266 400
80 34 240 310; 22 34 228 284; 20 31 227 340; 

65\196_196083.jpg
400 389
86 16 330 376; 99 99 309 328; 86 18 332 328; 

65\196_196091.jpg
342 394
171 27 325 298; 179 17 322 296; 183 17 320 296; 

65\196_196094.jpg
266 400
78 32 240 307; 22 34 226 284; 20 31 227 340; 

65\196_196096.jpg
400 400
140 199 382 369; 144 206 382 368; 143 205 381 367; 

65\196_196121.jpg
400 368
74 60 326 317; 125 114 276 267; 71 59 328 311; 

65\196_196146.jpg
400 300
16 130 318 296; 123 128 312 238; 124 129 311 233; 

65\196_196148.jpg
400 300
146 68 334 232; 138 68 318 238; 141 77 319 248; 

65\196_196189.jpg
400 266
146 46 276 241; 141 43 285 266; 141 44 286 266; 

65\196_196223.jpg
400 298
10 62 390 224; 122 62 398 191; 1 50 398 167; 

65\196_196240.jpg
400 350
92 76 330 272; 85 78 329 274; 92 76 329 273; 

65\196_196245.jpg
400 294
118 94 382 275; 172 120 384 278; 170 120 383 275; 

65\196_196253.jpg
400 266
36 49 284 162; 37 52 323 161; 37 51 323 161; 

65\196_196257.jpg
400 243
19 5 240 237; 89 16 236 244; 85 14 236 244; 

65\196_196265.jpg
400 300
32 50 356 229; 80 63 262 177; 81 63 287 237; 

65\196_196294.jpg
313 400
50 12 244 390; 52 12 248 253; 50 12 243 400; 

65\196_196297.jpg
400 327
72 135 188 269; 74 136 187 246; 71 137 185 269; 

65\196_196299.jpg
265 400
61 106 236 272; 49 86 241 277; 52 88 239 275; 

65\196_196306.jpg
400 276
6 67 248 262; 2 69 248 256; 4 12 392 272; 

65\196_196316.jpg
400 260
15 33 336 224; 18 32 331 220; 17 32 332 220; 

65\196_196318.jpg
309 399
83 164 211 344; 82 87 211 343; 83 86 209 342; 

65\196_196320.jpg
400 271
214 28 392 234; 217 18 399 181; 218 16 400 271; 

65\196_196324.jpg
216 400
24 64 171 370; 28 53 149 237; 26 26 148 238; 

65\196_196359.jpg
216 400
72 106 159 292; 75 98 160 292; 74 96 158 295; 

65\196_196361.jpg
400 333
156 50 356 299; 158 49 266 239; 160 51 358 297; 

65\196_196363.jpg
400 257
166 74 308 203; 195 88 292 184; 196 86 291 183; 

65\196_196367.jpg
400 300
170 24 286 246; 160 15 299 261; 161 15 299 261; 

65\196_196372.jpg
400 355
19 76 142 351; 23 78 152 355; 16 77 152 355; 

65\196_196386.jpg
266 400
86 50 231 260; 88 52 230 260; 89 52 231 261; 

65\196_196397.jpg
321 400
22 120 264 388; 8 118 213 391; 8 118 212 391; 

65\196_196405.jpg
400 285
32 64 311 184; 32 50 312 184; 32 47 310 183; 

65\196_196409.jpg
400 266
112 40 276 267; 108 39 275 248; 110 40 274 244; 

65\196_196416.jpg
305 400
48 24 183 232; 49 18 184 231; 49 19 183 231; 

65\196_196420.jpg
268 400
24 174 246 364; 24 225 247 364; 24 173 245 364; 

65\196_196427.jpg
400 303
64 38 366 266; 53 37 192 169; 56 38 368 278; 

65\196_196480.jpg
320 400
110 28 214 180; 112 14 212 177; 109 12 212 399; 

65\196_196491.jpg
309 400
74 88 227 232; 86 88 229 232; 84 86 231 236; 

65\196_196496.jpg
320 400
66 34 234 378; 69 23 237 379; 66 21 235 377; 

65\196_196509.jpg
400 387
158 22 354 336; 159 21 355 332; 160 22 354 382; 

65\196_196513.jpg
400 300
62 78 302 236; 62 79 307 238; 61 76 304 237; 

65\196_196525.jpg
400 300
144 108 377 239; 122 120 376 225; 122 120 374 300; 

65\196_196539.jpg
399 266
144 16 391 265; 170 22 350 250; 174 0 399 266; 

65\196_196553.jpg
399 266
16 64 348 221; 35 63 346 213; 0 64 348 224; 

65\196_196602.jpg
399 266
148 54 263 247; 145 53 263 242; 146 55 261 200; 

65\196_196608.jpg
399 266
197 43 323 227; 195 43 321 226; 197 43 323 212; 

65\196_196614.jpg
399 266
108 85 370 193; 115 85 366 191; 113 86 365 190; 

65\196_196626.jpg
399 266
18 8 264 236; 158 19 246 229; 158 19 245 232; 

65\196_196631.jpg
400 266
108 48 306 262; 108 49 317 267; 110 47 313 267; 

65\196_196632.jpg
399 266
120 18 373 208; 122 13 374 173; 122 17 371 189; 

65\196_196633.jpg
400 266
90 54 253 217; 103 60 251 240; 93 29 378 243; 

65\196_196635.jpg
399 266
94 34 336 262; 100 30 348 247; 61 29 344 266; 

65\196_196636.jpg
266 400
34 188 226 400; 33 7 226 386; 30 4 226 400; 

65\196_196638.jpg
266 400
42 179 222 352; 52 168 188 328; 51 176 184 329; 

65\196_196667.jpg
400 266
94 18 326 241; 97 19 254 212; 97 18 254 211; 

65\196_196692.jpg
400 255
156 85 229 252; 159 7 226 255; 160 9 226 255; 

65\196_196716.jpg
400 300
71 79 301 264; 132 114 266 204; 130 117 269 202; 

65\196_196740.jpg
305 400
54 98 206 231; 54 100 210 226; 55 100 207 226; 

65\196_196751.jpg
275 400
40 39 230 366; 41 41 232 362; 40 42 231 359; 

65\196_196763.jpg
400 300
30 79 301 280; 26 79 242 288; 24 79 298 288; 

65\196_196768.jpg
400 298
27 39 369 241; 49 85 323 237; 29 39 378 299; 

65\196_196775.jpg
269 400
57 44 193 317; 59 43 191 317; 58 43 191 316; 

65\196_196776.jpg
266 400
6 78 204 288; 4 74 204 287; 2 76 205 287; 

65\196_196799.jpg
320 400
8 5 210 278; 7 5 202 196; 7 4 209 276; 

65\196_196820.jpg
400 300
42 50 222 270; 40 52 218 265; 41 53 219 264; 

65\196_196827.jpg
300 399
78 98 252 398; 77 120 254 400; 78 119 252 400; 

65\196_196829.jpg
400 390
30 162 362 362; 26 149 367 368; 26 149 365 366; 

65\196_196847.jpg
400 300
112 34 240 274; 111 29 242 273; 111 29 241 274; 

65\196_196871.jpg
400 266
14 9 242 232; 98 110 243 239; 1 0 243 237; 

65\196_196887.jpg
400 266
190 11 332 186; 188 0 332 191; 190 1 329 190; 

65\196_196891.jpg
400 400
46 104 186 341; 57 126 180 337; 58 115 217 341; 

65\196_196894.jpg
400 300
28 35 394 204; 114 109 342 202; 116 110 324 203; 

65\196_196903.jpg
249 400
99 124 220 386; 96 160 237 388; 98 160 234 388; 

65\196_196904.jpg
400 300
65 96 348 286; 69 94 351 298; 68 96 349 300; 

65\196_196911.jpg
400 282
54 102 334 261; 52 89 338 264; 54 89 346 278; 

65\196_196916.jpg
400 266
80 41 226 263; 89 42 218 228; 72 43 238 266; 

65\196_196922.jpg
400 241
32 58 260 198; 84 60 267 170; 86 58 265 166; 

65\196_196926.jpg
400 300
102 46 350 258; 143 59 342 249; 148 66 346 252; 

65\196_196927.jpg
266 400
6 140 263 376; 5 158 144 362; 3 141 266 374; 

65\196_196959.jpg
211 400
56 14 184 391; 73 15 186 218; 44 14 185 388; 

65\196_196969.jpg
262 400
82 102 173 374; 81 105 172 371; 82 106 172 372; 

65\196_196980.jpg
320 400
72 64 279 365; 61 66 282 369; 59 66 282 368; 

65\197_197004.jpg
400 333
96 56 302 309; 95 60 303 299; 95 59 302 302; 

65\197_197020.jpg
309 399
109 46 270 390; 110 37 271 393; 110 39 271 394; 

65\197_197021.jpg
400 286
18 46 195 233; 18 58 195 241; 20 55 196 239; 

65\197_197032.jpg
270 400
64 26 241 328; 78 55 230 244; 27 26 267 328; 

65\197_197036.jpg
400 266
16 51 218 257; 13 43 217 259; 13 45 216 256; 

65\197_197037.jpg
266 400
41 141 263 396; 76 135 249 358; 8 136 266 400; 

65\197_197038.jpg
400 266
2 49 160 258; 3 46 162 246; 1 48 160 266; 

65\197_197042.jpg
400 266
110 72 394 262; 110 4 338 243; 111 2 400 266; 

65\197_197049.jpg
266 400
50 72 204 398; 68 46 196 194; 48 50 214 400; 

65\197_197085.jpg
400 300
88 42 286 267; 85 42 291 278; 86 42 289 282; 

65\197_197087.jpg
400 300
100 26 321 262; 100 24 321 261; 100 23 318 262; 

65\197_197089.jpg
300 400
66 104 236 286; 65 103 234 283; 66 104 234 283; 

65\197_197093.jpg
300 400
62 14 208 270; 64 13 225 306; 63 13 233 306; 

65\197_197100.jpg
400 266
200 36 360 260; 188 36 352 246; 198 40 351 231; 

65\197_197102.jpg
400 266
148 28 380 248; 148 29 382 249; 149 28 382 249; 

65\197_197110.jpg
400 266
79 72 338 188; 78 71 340 186; 78 69 341 179; 

65\197_197111.jpg
400 266
100 26 286 232; 106 24 291 255; 106 22 290 258; 

65\197_197113.jpg
400 266
78 60 264 222; 79 60 265 225; 80 61 266 226; 

65\197_197114.jpg
400 266
132 82 292 194; 130 81 294 199; 130 81 294 196; 

65\197_197116.jpg
400 255
44 54 200 223; 45 52 201 227; 46 54 200 246; 

65\197_197123.jpg
400 266
28 72 350 226; 123 71 368 251; 109 72 369 266; 

65\197_197128.jpg
400 266
109 34 398 234; 105 76 330 231; 108 36 400 234; 

65\197_197133.jpg
400 266
186 40 352 230; 161 36 368 266; 190 38 356 222; 

65\197_197134.jpg
400 265
76 50 298 260; 75 54 302 252; 77 52 301 254; 

65\197_197135.jpg
400 266
154 72 362 248; 154 72 361 249; 153 72 362 246; 

65\197_197136.jpg
266 400
54 36 258 324; 54 118 229 321; 56 8 258 320; 

65\197_197142.jpg
266 400
42 22 212 348; 40 112 223 341; 43 109 223 357; 

65\197_197148.jpg
400 317
108 74 210 276; 110 70 208 279; 110 71 208 279; 

65\197_197160.jpg
400 371
124 20 360 251; 161 70 329 255; 121 16 392 261; 

65\197_197163.jpg
400 300
88 78 272 226; 168 84 269 217; 169 83 264 219; 

65\197_197165.jpg
264 400
80 78 200 318; 80 75 204 330; 82 78 206 331; 

65\197_197166.jpg
400 350
92 116 332 252; 89 122 398 242; 102 121 286 242; 

65\197_197170.jpg
400 318
42 8 318 240; 38 4 141 232; 38 0 323 229; 

65\197_197178.jpg
266 400
60 126 194 268; 63 145 192 264; 59 145 194 265; 

65\197_197182.jpg
400 300
62 78 302 236; 58 78 304 237; 61 77 308 238; 

65\197_197186.jpg
300 400
36 105 276 395; 41 104 271 400; 39 105 275 400; 

65\197_197204.jpg
400 257
120 58 364 199; 6 85 363 207; 11 55 361 217; 

65\197_197210.jpg
350 400
34 52 172 358; 31 100 172 366; 36 2 172 367; 

65\197_197215.jpg
400 304
41 53 330 236; 156 99 400 236; 159 122 358 236; 

65\197_197217.jpg
400 361
134 68 314 306; 78 64 322 309; 80 66 321 310; 

65\197_197221.jpg
399 303
53 73 304 194; 32 75 308 192; 27 75 306 192; 

65\197_197222.jpg
237 400
67 37 197 320; 31 39 203 347; 21 38 201 383; 

65\197_197228.jpg
400 306
48 64 351 212; 44 66 350 253; 47 66 350 285; 

65\197_197233.jpg
258 400
50 21 206 320; 44 22 214 383; 44 23 210 384; 

65\197_197276.jpg
400 277
28 65 394 149; 28 59 396 149; 28 57 395 151; 

65\197_197290.jpg
267 400
137 199 241 392; 134 200 252 389; 81 9 242 400; 

65\197_197293.jpg
300 400
47 98 241 391; 43 171 203 314; 47 19 240 315; 

65\197_197349.jpg
400 300
90 94 312 296; 88 92 316 300; 88 92 308 300; 

65\197_197350.jpg
299 399
124 74 272 341; 128 79 267 336; 128 78 267 337; 

65\197_197352.jpg
400 266
106 154 210 263; 108 158 211 266; 110 159 211 266; 

65\197_197368.jpg
400 280
118 14 318 278; 143 100 255 217; 118 16 320 226; 

65\197_197374.jpg
300 400
111 104 246 364; 113 103 246 367; 113 106 248 369; 

65\197_197376.jpg
400 300
44 56 352 238; 42 56 355 185; 42 57 354 251; 

65\197_197381.jpg
399 299
86 12 321 281; 87 8 322 273; 88 8 320 272; 

65\197_197388.jpg
400 300
124 89 221 229; 111 89 243 234; 122 90 219 228; 

65\197_197390.jpg
400 301
64 32 218 279; 64 38 219 277; 68 43 219 277; 

65\197_197411.jpg
269 400
25 160 233 339; 28 160 234 333; 28 162 234 337; 

65\197_197428.jpg
400 338
78 42 338 332; 133 114 285 244; 82 31 308 242; 

65\197_197432.jpg
400 400
142 72 308 312; 180 75 309 311; 178 74 310 312; 

65\197_197489.jpg
270 400
13 2 222 270; 23 32 195 218; 12 6 194 219; 

65\197_197491.jpg
268 400
112 148 254 252; 116 148 256 371; 115 148 256 374; 

65\197_197500.jpg
400 301
16 96 254 256; 11 98 259 261; 9 97 260 259; 

65\197_197507.jpg
400 266
88 91 262 192; 72 94 262 195; 40 73 262 194; 

65\197_197509.jpg
400 266
96 72 268 219; 124 75 266 160; 100 76 266 220; 

65\197_197514.jpg
295 400
72 70 222 230; 73 71 223 234; 74 71 223 233; 

65\197_197520.jpg
370 400
26 182 338 389; 27 180 342 390; 25 179 339 389; 

65\197_197544.jpg
400 266
60 101 388 248; 19 104 392 245; 20 103 392 250; 

65\197_197545.jpg
400 266
8 68 368 194; 28 73 142 118; 2 73 371 266; 

65\197_197546.jpg
400 300
64 90 332 228; 62 88 326 234; 62 89 326 236; 

65\197_197558.jpg
320 400
82 38 244 382; 78 24 272 290; 82 24 269 388; 

65\197_197573.jpg
300 400
19 74 277 340; 16 80 162 345; 16 78 275 338; 

65\197_197589.jpg
255 400
29 22 201 373; 34 23 199 380; 32 23 199 383; 

65\197_197602.jpg
318 400
114 6 219 242; 120 0 219 242; 116 1 216 245; 

65\197_197612.jpg
400 311
280 80 351 288; 285 81 348 291; 287 79 348 288; 

65\197_197613.jpg
400 300
94 56 324 296; 89 58 331 299; 92 60 329 300; 

65\197_197614.jpg
400 300
14 72 390 242; 59 71 349 172; 12 71 389 243; 

65\197_197624.jpg
400 266
24 82 134 192; 23 8 133 189; 23 8 132 186; 

65\197_197633.jpg
309 400
103 97 203 332; 96 101 203 334; 97 99 203 331; 

65\197_197634.jpg
400 283
113 72 278 197; 115 74 280 209; 118 73 278 208; 

65\197_197636.jpg
400 306
192 72 314 304; 194 74 316 306; 193 75 317 306; 

65\197_197637.jpg
400 266
124 42 383 256; 128 32 387 266; 124 31 384 266; 

65\197_197653.jpg
400 341
29 30 294 279; 29 31 294 278; 32 1 349 279; 

65\197_197654.jpg
400 304
78 82 288 267; 85 83 293 269; 40 33 293 271; 

65\197_197655.jpg
400 331
78 87 354 279; 82 70 338 306; 81 70 341 306; 

65\197_197665.jpg
300 400
62 94 270 398; 120 120 281 400; 128 116 282 400; 

65\197_197674.jpg
400 294
142 21 366 281; 165 22 348 229; 144 19 370 279; 

65\197_197678.jpg
266 400
79 64 223 361; 81 63 223 361; 84 65 223 362; 

65\197_197679.jpg
259 400
62 46 216 364; 64 45 217 362; 62 47 217 362; 

65\197_197680.jpg
265 400
34 92 224 360; 36 91 223 359; 36 91 221 359; 

65\197_197682.jpg
260 400
68 74 225 360; 68 72 233 363; 69 71 232 364; 

65\197_197683.jpg
266 400
52 92 207 352; 54 90 219 353; 52 88 221 353; 

65\197_197684.jpg
259 400
62 66 177 356; 64 52 202 376; 62 53 202 374; 

65\197_197685.jpg
259 400
66 72 202 356; 64 71 220 360; 64 71 221 358; 

65\197_197686.jpg
260 400
64 64 189 358; 65 62 206 363; 67 62 208 364; 

65\197_197687.jpg
264 400
78 64 210 378; 76 61 212 381; 77 62 211 381; 

65\197_197693.jpg
400 324
190 42 366 274; 187 116 372 281; 191 41 372 279; 

65\197_197697.jpg
400 286
34 48 316 257; 162 50 317 241; 36 51 317 256; 

65\197_197698.jpg
400 328
158 112 315 280; 165 121 308 274; 166 119 314 274; 

65\197_197701.jpg
400 315
109 77 206 255; 112 85 206 251; 109 83 205 251; 

65\197_197708.jpg
400 266
12 48 307 202; 171 47 312 190; 8 46 310 197; 

65\197_197710.jpg
266 400
72 84 186 316; 72 85 181 314; 72 85 179 312; 

65\197_197712.jpg
266 400
41 100 190 317; 50 97 171 306; 52 98 171 310; 

65\197_197713.jpg
266 400
62 96 186 300; 62 98 174 300; 62 95 175 300; 

65\197_197714.jpg
266 400
64 108 228 304; 65 107 180 302; 66 110 179 302; 

65\197_197719.jpg
400 266
96 125 326 262; 217 51 379 176; 96 124 325 266; 

65\197_197734.jpg
400 268
66 12 318 244; 68 12 321 261; 67 11 319 259; 

65\197_197740.jpg
400 346
156 56 326 329; 158 113 278 286; 157 56 329 286; 

65\197_197741.jpg
400 265
160 52 332 255; 160 52 333 265; 159 52 332 265; 

65\197_197748.jpg
295 400
20 4 181 308; 12 4 182 302; 9 1 182 304; 

65\197_197750.jpg
400 320
96 36 366 312; 97 10 372 276; 97 1 376 320; 

65\197_197755.jpg
272 400
60 98 204 268; 61 88 234 238; 62 89 236 269; 

65\197_197756.jpg
400 266
114 74 230 181; 112 46 248 182; 110 57 245 182; 

65\197_197758.jpg
320 400
100 78 190 384; 92 50 199 386; 90 42 198 385; 

65\197_197786.jpg
400 266
54 66 236 241; 57 65 235 245; 58 62 223 246; 

65\197_197787.jpg
400 266
180 52 348 225; 178 38 384 238; 178 41 379 231; 

65\197_197789.jpg
400 266
110 90 302 211; 106 88 305 216; 108 89 304 216; 

65\197_197791.jpg
400 266
124 32 274 217; 119 31 272 224; 122 30 272 204; 

65\197_197797.jpg
400 266
110 52 270 204; 94 52 274 209; 94 51 292 257; 

65\197_197798.jpg
266 400
44 38 217 364; 36 40 218 348; 29 40 214 374; 

65\197_197811.jpg
399 266
120 28 340 264; 44 12 321 253; 43 1 324 244; 

65\197_197823.jpg
399 266
34 4 215 259; 82 5 209 122; 81 2 208 122; 

65\197_197841.jpg
400 308
66 52 260 226; 64 52 262 186; 65 51 260 189; 

65\197_197845.jpg
400 285
140 82 306 276; 138 87 293 201; 74 3 372 197; 

65\197_197846.jpg
400 329
73 30 322 201; 72 46 314 159; 11 31 377 300; 

65\197_197850.jpg
400 300
149 12 390 278; 152 4 374 277; 149 4 398 278; 

65\197_197852.jpg
400 300
140 72 380 252; 143 73 389 252; 141 74 386 252; 

65\197_197855.jpg
300 400
5 10 214 346; 58 6 199 192; 0 1 215 346; 

65\197_197860.jpg
400 300
156 18 390 256; 158 18 393 261; 157 18 394 260; 

65\197_197862.jpg
400 300
5 8 244 291; 2 0 259 223; 1 0 258 300; 

65\197_197870.jpg
320 400
114 38 302 358; 108 37 300 372; 108 37 300 377; 

65\197_197871.jpg
400 266
55 72 344 191; 59 66 346 191; 58 72 346 190; 

65\197_197872.jpg
400 266
48 12 276 161; 49 11 277 163; 49 11 276 162; 

65\197_197876.jpg
300 400
96 8 272 390; 97 7 281 392; 97 7 279 392; 

65\197_197877.jpg
400 251
74 66 384 248; 199 69 344 198; 198 69 342 195; 

65\197_197897.jpg
320 400
65 14 222 392; 67 13 224 394; 68 11 222 396; 

65\197_197900.jpg
400 300
128 14 264 252; 132 16 267 254; 128 13 265 252; 

65\197_197919.jpg
400 311
80 22 324 285; 79 19 334 273; 80 18 336 271; 

65\197_197936.jpg
300 400
21 52 280 240; 16 58 288 220; 16 58 289 219; 

65\197_197937.jpg
400 266
131 124 279 239; 136 98 281 254; 112 99 282 257; 

65\197_197954.jpg
400 320
75 14 340 291; 122 10 310 196; 111 11 340 288; 

65\197_197955.jpg
400 320
32 30 276 284; 30 29 244 196; 29 30 276 289; 

65\197_197963.jpg
400 304
32 70 282 282; 29 69 305 280; 29 69 306 278; 

65\197_197974.jpg
400 320
22 16 220 194; 25 17 221 193; 24 19 219 193; 

65\197_197979.jpg
400 375
15 37 286 360; 40 104 235 348; 13 0 286 375; 

65\197_197993.jpg
399 266
60 82 294 254; 47 82 314 233; 26 69 319 266; 

65\197_197995.jpg
399 266
50 85 340 244; 50 82 344 240; 49 84 342 246; 

65\197_197996.jpg
399 266
70 4 254 262; 71 3 252 266; 72 2 251 266; 

