416

67\201_201008.jpg
266 400
4 117 231 398; 48 145 221 332; 0 14 220 334; 

67\201_201015.jpg
400 281
28 38 298 258; 19 39 300 266; 11 40 302 265; 

67\201_201017.jpg
400 327
161 25 272 280; 123 24 288 328; 122 24 288 328; 

67\201_201020.jpg
321 400
86 56 207 320; 70 44 232 374; 71 52 233 377; 

67\201_201022.jpg
400 266
150 86 272 201; 142 82 272 202; 144 85 272 198; 

67\201_201034.jpg
400 300
50 24 324 280; 51 24 228 284; 52 21 329 300; 

67\201_201035.jpg
400 362
78 60 332 296; 78 61 348 302; 78 62 341 301; 

67\201_201045.jpg
266 400
64 35 234 330; 67 35 229 256; 66 36 231 253; 

67\201_201057.jpg
400 266
38 56 334 264; 152 56 253 204; 47 58 334 266; 

67\201_201062.jpg
400 266
160 20 337 211; 164 17 334 213; 35 17 344 244; 

67\201_201080.jpg
266 400
36 150 201 386; 34 154 200 392; 36 152 201 389; 

67\201_201083.jpg
400 266
134 44 368 249; 142 14 376 266; 143 15 400 266; 

67\201_201092.jpg
341 400
72 74 266 350; 84 77 266 246; 54 74 278 382; 

67\201_201095.jpg
378 283
77 6 299 249; 82 5 287 251; 40 2 376 254; 

67\201_201097.jpg
400 286
38 64 356 249; 19 61 372 233; 16 59 371 268; 

67\201_201098.jpg
289 400
82 43 227 312; 42 42 223 354; 38 41 224 358; 

67\201_201099.jpg
400 301
98 117 388 263; 42 118 297 233; 43 119 296 232; 

67\201_201109.jpg
320 399
34 68 240 326; 33 92 251 333; 37 1 287 330; 

67\201_201121.jpg
400 266
90 28 292 216; 89 30 295 217; 89 30 293 214; 

67\201_201125.jpg
266 400
97 32 222 364; 86 31 224 400; 85 31 223 400; 

67\201_201126.jpg
266 400
62 60 234 312; 63 62 239 316; 63 58 238 314; 

67\201_201127.jpg
266 400
42 62 235 332; 35 59 266 400; 32 58 266 400; 

67\201_201130.jpg
266 400
88 22 217 340; 89 22 262 362; 90 22 266 400; 

67\201_201143.jpg
320 400
72 86 276 320; 71 81 281 292; 71 83 281 290; 

67\201_201146.jpg
320 400
98 60 232 318; 98 58 242 302; 100 62 242 302; 

67\201_201151.jpg
400 386
62 104 352 372; 63 102 351 373; 46 100 354 375; 

67\201_201160.jpg
399 284
44 14 264 194; 44 11 269 181; 43 13 268 181; 

67\201_201161.jpg
368 400
131 164 284 385; 129 170 282 383; 132 170 279 383; 

67\201_201189.jpg
400 268
14 66 302 230; 17 68 285 234; 14 69 283 232; 

67\201_201192.jpg
399 345
35 56 380 270; 11 64 382 225; 8 41 380 224; 

67\201_201203.jpg
266 400
16 96 201 306; 17 97 198 306; 16 23 219 304; 

67\201_201205.jpg
400 400
8 80 282 391; 138 81 291 238; 139 81 292 239; 

67\201_201209.jpg
265 400
61 42 236 358; 70 107 216 256; 43 42 247 249; 

67\201_201211.jpg
400 400
124 74 278 238; 121 74 280 228; 122 74 282 227; 

67\201_201213.jpg
266 400
42 72 194 332; 46 76 197 332; 43 77 195 332; 

67\201_201214.jpg
200 400
70 88 138 322; 72 40 138 323; 75 36 138 321; 

67\201_201225.jpg
400 266
104 48 180 194; 90 52 186 218; 78 51 185 217; 

67\201_201228.jpg
400 266
187 36 341 231; 186 36 310 158; 187 36 322 184; 

67\201_201231.jpg
400 266
209 19 367 191; 208 22 364 189; 209 21 367 191; 

67\201_201233.jpg
400 266
22 106 199 200; 15 108 199 190; 17 111 200 189; 

67\201_201234.jpg
265 400
61 44 236 358; 73 104 216 250; 42 43 238 254; 

67\201_201235.jpg
265 400
58 10 227 332; 44 14 223 275; 44 1 223 400; 

67\201_201237.jpg
300 400
34 14 206 206; 16 14 204 209; 54 14 206 170; 

67\201_201246.jpg
266 400
24 80 202 368; 54 82 213 372; 84 82 210 369; 

67\201_201251.jpg
400 285
144 64 312 223; 164 53 326 259; 22 30 315 277; 

67\201_201261.jpg
285 400
40 62 211 392; 111 62 211 309; 4 62 210 400; 

67\201_201267.jpg
314 399
93 18 201 358; 87 16 199 367; 89 17 199 367; 

67\201_201273.jpg
400 266
132 28 220 218; 136 29 218 266; 134 30 218 266; 

67\201_201292.jpg
400 300
108 22 294 206; 111 20 296 209; 112 16 296 209; 

67\201_201303.jpg
266 400
58 66 249 326; 49 100 230 309; 33 68 228 309; 

67\201_201305.jpg
266 400
40 18 219 354; 41 18 221 322; 41 17 220 320; 

67\201_201310.jpg
400 266
4 72 314 200; 2 69 312 192; 2 70 293 193; 

67\201_201318.jpg
400 265
166 62 332 259; 150 61 345 266; 152 62 347 266; 

67\201_201324.jpg
400 300
262 50 332 272; 251 52 333 274; 254 51 332 276; 

67\201_201326.jpg
220 400
24 19 138 207; 22 22 134 203; 25 22 136 204; 

67\201_201331.jpg
400 327
102 58 316 281; 101 62 304 252; 102 61 304 254; 

67\201_201354.jpg
400 266
90 68 308 222; 24 52 368 225; 69 63 321 220; 

67\201_201360.jpg
400 300
141 71 378 220; 129 72 382 214; 140 72 379 215; 

67\201_201366.jpg
400 338
40 90 306 334; 39 91 306 335; 39 92 306 336; 

67\201_201379.jpg
265 400
72 52 236 358; 72 104 218 250; 52 43 238 248; 

67\201_201384.jpg
353 400
97 38 313 244; 71 40 329 262; 91 50 319 258; 

67\201_201394.jpg
400 300
98 50 318 256; 100 50 318 257; 102 50 317 257; 

67\201_201412.jpg
400 265
18 30 340 106; 1 31 340 104; 2 31 341 103; 

67\201_201434.jpg
400 300
34 74 344 154; 30 72 361 146; 26 74 362 148; 

67\201_201441.jpg
400 300
30 30 304 256; 78 42 301 252; 109 44 306 257; 

67\201_201442.jpg
400 303
84 0 318 263; 21 2 252 302; 21 0 318 302; 

67\201_201444.jpg
400 285
134 56 368 284; 126 28 310 228; 127 29 377 285; 

67\201_201445.jpg
371 400
72 52 319 358; 86 58 290 337; 72 40 318 358; 

67\201_201460.jpg
400 266
162 86 274 230; 150 86 276 236; 151 86 274 236; 

67\201_201480.jpg
300 400
109 69 292 370; 121 110 208 391; 106 10 300 400; 

67\201_201484.jpg
301 400
50 58 219 322; 75 101 181 323; 79 62 209 327; 

67\201_201499.jpg
295 400
51 98 234 351; 51 96 235 362; 52 97 295 362; 

67\201_201516.jpg
399 266
88 24 316 221; 86 24 321 221; 85 22 324 222; 

67\201_201529.jpg
348 400
66 187 196 388; 67 188 187 389; 68 186 183 389; 

67\201_201533.jpg
400 320
76 16 312 300; 94 106 270 296; 35 1 316 292; 

67\201_201540.jpg
320 400
32 52 294 296; 14 54 306 284; 12 55 306 284; 

67\201_201545.jpg
400 266
92 46 280 221; 91 48 282 222; 91 46 282 222; 

67\201_201549.jpg
222 400
56 50 171 272; 56 21 172 274; 56 10 170 292; 

67\201_201568.jpg
385 400
84 88 351 368; 111 162 316 321; 85 73 349 379; 

67\201_201574.jpg
400 300
6 54 236 291; 109 28 241 298; 2 54 235 300; 

67\201_201578.jpg
400 326
44 45 271 309; 45 72 181 326; 42 42 275 326; 

67\201_201586.jpg
400 324
96 70 190 306; 96 77 189 191; 96 62 190 186; 

67\201_201619.jpg
400 400
52 108 248 326; 42 110 249 324; 42 108 296 361; 

67\201_201620.jpg
300 400
4 89 281 338; 114 85 291 238; 8 85 290 378; 

67\201_201631.jpg
400 304
68 62 332 302; 156 86 302 215; 108 2 334 250; 

67\201_201649.jpg
306 400
62 96 228 340; 63 97 231 344; 64 97 229 360; 

67\201_201652.jpg
266 400
6 90 242 350; 18 89 209 295; 14 91 266 400; 

67\201_201664.jpg
266 400
62 80 206 374; 64 83 254 336; 64 62 255 335; 

67\201_201681.jpg
400 250
72 40 355 229; 73 42 377 221; 26 42 381 228; 

67\201_201689.jpg
255 400
46 108 252 318; 42 112 229 322; 8 2 255 321; 

67\201_201700.jpg
400 276
254 50 386 192; 255 51 387 195; 256 51 386 165; 

67\201_201708.jpg
300 400
120 112 286 306; 121 113 298 334; 118 112 300 298; 

67\201_201725.jpg
330 400
157 99 268 351; 160 97 268 350; 159 99 268 351; 

67\201_201727.jpg
249 400
78 92 177 348; 78 88 176 362; 78 89 176 365; 

67\201_201736.jpg
400 265
196 19 367 258; 193 19 379 229; 193 21 380 230; 

67\201_201737.jpg
400 265
57 79 336 205; 55 74 370 205; 52 76 368 205; 

67\201_201738.jpg
400 265
18 31 349 110; 15 32 356 113; 14 34 353 112; 

67\201_201739.jpg
400 265
20 30 286 181; 9 24 297 186; 10 25 294 185; 

67\201_201742.jpg
400 265
38 57 359 177; 25 59 368 179; 24 59 364 182; 

67\201_201743.jpg
400 265
28 26 371 187; 30 29 371 187; 29 28 371 189; 

67\201_201750.jpg
400 284
43 57 302 194; 40 55 186 194; 42 54 185 193; 

67\201_201758.jpg
400 313
164 84 336 235; 161 84 341 238; 160 84 337 236; 

67\201_201771.jpg
400 233
92 62 374 179; 96 64 374 178; 7 65 384 179; 

67\201_201775.jpg
400 266
74 18 354 202; 63 31 358 226; 65 30 367 231; 

67\201_201780.jpg
266 400
62 61 229 328; 51 58 242 328; 56 56 240 400; 

67\201_201782.jpg
266 400
54 68 249 362; 77 68 227 364; 0 68 226 178; 

67\201_201796.jpg
293 400
104 44 252 348; 112 46 252 343; 12 46 258 343; 

67\201_201809.jpg
400 300
170 32 369 277; 171 15 370 185; 171 0 369 181; 

67\201_201820.jpg
399 267
94 10 209 252; 96 8 210 248; 99 8 208 249; 

67\201_201861.jpg
270 400
82 88 192 322; 84 84 193 319; 83 86 210 320; 

67\201_201867.jpg
266 400
7 236 182 342; 14 234 183 341; 15 232 181 340; 

67\201_201870.jpg
266 400
116 36 219 268; 116 20 219 291; 32 21 219 359; 

67\201_201871.jpg
266 400
111 158 202 366; 112 155 209 369; 112 156 206 373; 

67\201_201877.jpg
400 366
112 8 362 352; 111 90 322 302; 112 5 367 296; 

67\201_201901.jpg
400 265
60 56 244 202; 59 56 244 202; 59 58 246 201; 

67\201_201903.jpg
266 400
87 102 265 289; 92 104 266 290; 90 103 266 289; 

67\201_201916.jpg
400 301
129 36 348 229; 131 38 388 238; 130 36 385 238; 

67\201_201919.jpg
400 293
34 27 268 267; 34 28 344 263; 34 27 343 263; 

67\201_201920.jpg
400 255
49 46 357 219; 19 51 387 214; 21 51 379 216; 

67\201_201928.jpg
266 400
50 34 201 364; 63 32 202 369; 66 32 201 368; 

67\201_201980.jpg
400 265
200 64 379 255; 180 55 400 265; 181 55 400 265; 

67\201_201983.jpg
400 273
184 36 346 270; 186 37 351 274; 186 38 348 274; 

67\201_201989.jpg
400 266
90 36 360 263; 60 36 366 266; 62 33 365 266; 

67\202_202007.jpg
400 386
89 25 357 333; 91 25 271 337; 90 25 368 335; 

67\202_202009.jpg
400 225
136 119 342 187; 138 119 346 189; 140 121 343 177; 

67\202_202031.jpg
400 315
182 34 333 187; 180 29 325 191; 178 29 328 189; 

67\202_202032.jpg
400 315
182 94 348 238; 178 81 352 266; 182 81 356 270; 

67\202_202033.jpg
300 400
86 134 286 342; 89 136 289 344; 89 136 288 343; 

67\202_202035.jpg
400 266
38 8 270 265; 91 11 264 217; 92 10 260 266; 

67\202_202048.jpg
309 400
30 82 221 387; 26 69 227 260; 28 7 219 320; 

67\202_202056.jpg
400 300
118 62 294 244; 121 65 292 243; 121 65 292 242; 

67\202_202058.jpg
400 261
18 12 258 250; 22 16 261 249; 19 14 258 251; 

67\202_202068.jpg
272 400
65 46 204 376; 29 48 200 392; 27 49 201 391; 

67\202_202072.jpg
337 400
50 64 235 284; 52 66 239 287; 53 65 236 287; 

67\202_202075.jpg
400 293
124 14 271 256; 126 16 274 252; 122 16 272 252; 

67\202_202086.jpg
400 300
20 127 379 262; 20 129 356 263; 13 129 357 264; 

67\202_202103.jpg
300 400
50 66 244 393; 61 67 238 394; 47 66 239 400; 

67\202_202104.jpg
300 400
68 44 278 352; 76 42 281 374; 75 41 278 374; 

67\202_202120.jpg
266 400
34 46 128 332; 33 39 148 392; 32 38 147 392; 

67\202_202122.jpg
400 266
92 40 251 266; 86 0 251 266; 84 0 249 266; 

67\202_202126.jpg
400 266
120 4 306 237; 121 4 336 241; 122 4 343 240; 

67\202_202131.jpg
400 371
174 18 383 354; 204 18 373 238; 65 130 336 371; 

67\202_202150.jpg
400 268
64 8 272 257; 63 8 265 268; 61 9 327 268; 

67\202_202152.jpg
400 191
136 0 255 192; 135 2 269 191; 136 0 268 191; 

67\202_202155.jpg
301 400
84 68 225 276; 84 65 243 274; 84 65 242 274; 

67\202_202157.jpg
400 266
130 66 262 177; 131 67 261 180; 133 66 262 179; 

67\202_202166.jpg
400 233
186 20 381 221; 186 21 378 222; 187 22 379 222; 

67\202_202172.jpg
400 221
81 64 382 213; 85 63 318 213; 6 63 318 216; 

67\202_202178.jpg
400 265
94 6 290 249; 162 62 288 245; 96 1 294 248; 

67\202_202183.jpg
400 302
39 34 271 272; 43 32 272 271; 46 32 272 272; 

67\202_202200.jpg
304 400
44 86 256 392; 45 85 256 398; 46 86 256 394; 

67\202_202209.jpg
400 290
148 28 320 170; 174 27 308 171; 173 28 307 171; 

67\202_202220.jpg
400 266
0 60 297 213; 0 94 400 218; 2 96 313 220; 

67\202_202229.jpg
300 400
44 96 266 256; 43 100 242 228; 27 36 267 311; 

67\202_202235.jpg
400 266
116 32 266 265; 115 32 266 266; 118 32 266 266; 

67\202_202247.jpg
400 214
212 36 382 156; 14 65 208 200; 203 34 397 170; 

67\202_202255.jpg
400 270
160 90 346 235; 135 86 327 243; 134 86 320 242; 

67\202_202260.jpg
400 265
224 14 388 256; 225 14 388 254; 224 16 391 254; 

67\202_202262.jpg
334 400
66 143 285 392; 75 154 277 349; 68 141 279 365; 

67\202_202263.jpg
400 300
146 81 235 235; 171 84 231 229; 172 84 229 261; 

67\202_202265.jpg
400 331
70 19 374 201; 66 31 358 143; 65 31 358 181; 

67\202_202276.jpg
400 300
4 82 304 296; 156 98 294 297; 2 86 307 300; 

67\202_202277.jpg
400 285
170 28 390 223; 163 27 395 219; 163 31 398 223; 

67\202_202278.jpg
400 314
14 52 348 222; 132 76 271 158; 1 51 400 224; 

67\202_202280.jpg
400 300
152 8 312 300; 151 12 311 298; 151 12 313 297; 

67\202_202281.jpg
400 300
141 2 348 289; 142 1 315 290; 142 1 314 290; 

67\202_202282.jpg
400 300
185 13 366 284; 176 18 332 281; 173 18 331 278; 

67\202_202283.jpg
400 300
93 9 262 297; 98 9 246 256; 96 6 246 256; 

67\202_202289.jpg
400 275
184 52 386 269; 181 52 389 275; 184 54 388 275; 

67\202_202292.jpg
398 400
96 28 306 341; 99 29 305 342; 97 28 307 340; 

67\202_202293.jpg
400 396
48 48 244 309; 51 50 242 308; 51 50 242 308; 

67\202_202294.jpg
400 363
193 14 358 353; 193 12 384 363; 194 13 384 360; 

67\202_202296.jpg
400 331
48 52 240 283; 48 50 229 284; 49 50 228 284; 

67\202_202297.jpg
276 400
58 62 217 350; 67 62 214 254; 68 61 216 265; 

67\202_202298.jpg
316 400
16 28 275 222; 18 31 284 172; 16 29 281 172; 

67\202_202299.jpg
400 300
162 24 302 296; 163 11 304 300; 164 9 304 300; 

67\202_202301.jpg
400 296
139 23 364 279; 138 22 396 281; 139 25 394 281; 

67\202_202308.jpg
223 400
50 12 182 224; 49 10 184 224; 53 12 184 223; 

67\202_202325.jpg
281 400
30 98 275 356; 43 145 255 353; 25 91 279 355; 

67\202_202326.jpg
400 345
102 154 276 343; 94 155 329 345; 94 158 331 345; 

67\202_202335.jpg
400 236
56 93 382 223; 58 90 381 222; 54 91 382 222; 

67\202_202341.jpg
399 283
46 54 243 265; 44 52 243 263; 45 52 243 264; 

67\202_202342.jpg
400 266
184 90 348 204; 154 92 352 219; 156 93 366 225; 

67\202_202343.jpg
320 400
66 76 210 366; 62 76 221 383; 68 76 222 378; 

67\202_202345.jpg
266 400
82 116 158 361; 81 112 160 357; 81 110 161 359; 

67\202_202349.jpg
283 400
36 208 246 364; 35 211 248 366; 38 211 246 366; 

67\202_202354.jpg
400 315
78 8 208 207; 79 12 204 206; 79 9 204 314; 

67\202_202356.jpg
400 269
124 74 320 199; 126 76 267 171; 121 76 334 199; 

67\202_202363.jpg
400 266
88 50 246 208; 94 52 249 209; 91 52 247 210; 

67\202_202367.jpg
400 266
34 60 230 263; 31 62 232 266; 34 62 232 266; 

67\202_202373.jpg
340 400
61 4 278 275; 66 9 283 252; 69 10 281 251; 

67\202_202376.jpg
400 325
78 40 350 291; 82 39 359 232; 80 38 362 264; 

67\202_202377.jpg
400 303
146 4 370 303; 147 103 369 268; 148 8 368 264; 

67\202_202384.jpg
318 400
14 74 277 346; 26 96 223 347; 14 76 279 349; 

67\202_202391.jpg
320 400
114 28 256 352; 114 29 262 362; 117 28 262 378; 

67\202_202412.jpg
400 300
64 58 352 298; 66 60 313 300; 65 60 400 300; 

67\202_202422.jpg
266 400
46 196 232 336; 47 198 234 336; 48 197 234 336; 

67\202_202426.jpg
266 400
56 40 226 351; 53 40 226 352; 49 39 224 352; 

67\202_202427.jpg
400 355
54 34 376 227; 75 101 327 232; 71 99 331 228; 

67\202_202435.jpg
400 299
72 46 342 260; 78 47 342 265; 75 47 344 261; 

67\202_202439.jpg
400 285
70 46 338 256; 74 47 332 271; 72 47 366 272; 

67\202_202443.jpg
400 300
166 120 358 296; 171 122 359 300; 173 120 358 300; 

67\202_202446.jpg
300 400
33 96 206 316; 31 95 211 310; 32 96 209 310; 

67\202_202455.jpg
298 400
58 26 204 322; 53 29 209 381; 48 28 209 373; 

67\202_202466.jpg
400 266
173 91 264 226; 174 92 262 228; 175 92 263 225; 

67\202_202468.jpg
400 236
60 33 380 191; 63 32 384 191; 64 0 384 193; 

67\202_202472.jpg
400 271
56 26 207 198; 61 25 208 186; 1 25 399 271; 

67\202_202481.jpg
400 300
48 40 348 228; 55 54 349 251; 5 6 349 258; 

67\202_202489.jpg
400 255
142 6 330 251; 142 8 329 255; 143 5 331 255; 

67\202_202492.jpg
400 266
4 46 194 208; 0 48 198 208; 2 48 198 208; 

67\202_202496.jpg
400 399
160 164 324 371; 169 170 331 376; 50 3 329 385; 

67\202_202508.jpg
400 266
66 24 314 237; 93 22 316 225; 92 22 316 228; 

67\202_202535.jpg
293 400
65 45 267 296; 12 44 275 294; 11 46 276 301; 

67\202_202537.jpg
400 273
35 26 342 186; 34 28 346 158; 31 28 346 178; 

67\202_202552.jpg
400 300
60 80 270 230; 54 77 258 229; 61 79 400 230; 

67\202_202553.jpg
400 300
64 76 264 272; 56 79 265 272; 56 78 265 271; 

67\202_202557.jpg
400 300
96 66 350 252; 120 60 375 249; 118 59 374 248; 

67\202_202565.jpg
400 299
90 44 270 253; 93 46 272 252; 92 46 271 254; 

67\202_202576.jpg
300 400
50 96 236 348; 53 99 237 351; 55 99 237 351; 

67\202_202577.jpg
300 400
28 170 187 370; 31 168 178 368; 32 168 177 369; 

67\202_202578.jpg
300 400
150 160 279 337; 151 163 279 343; 155 163 279 343; 

67\202_202579.jpg
300 400
54 90 254 364; 68 95 221 303; 69 95 219 304; 

67\202_202584.jpg
399 366
28 14 318 290; 28 23 320 290; 27 9 319 367; 

67\202_202587.jpg
400 316
141 66 373 244; 141 68 372 239; 143 69 371 242; 

67\202_202607.jpg
273 400
58 144 262 309; 61 142 262 308; 61 142 262 306; 

67\202_202613.jpg
321 400
109 218 243 318; 109 212 244 318; 110 215 244 319; 

67\202_202621.jpg
400 320
134 26 396 308; 190 2 351 192; 125 2 400 320; 

67\202_202637.jpg
400 267
154 99 256 215; 155 100 257 215; 153 99 255 215; 

67\202_202638.jpg
300 400
68 24 234 331; 70 18 238 329; 69 20 238 332; 

67\202_202667.jpg
400 320
66 30 334 302; 58 30 199 187; 66 32 399 308; 

67\202_202670.jpg
400 320
106 86 353 255; 103 85 357 261; 1 85 356 260; 

67\202_202692.jpg
400 266
68 86 368 252; 64 88 400 266; 66 87 399 266; 

67\202_202708.jpg
400 246
84 66 350 161; 82 66 351 162; 84 68 353 161; 

67\202_202709.jpg
302 400
53 82 226 364; 18 36 231 209; 16 37 231 224; 

67\202_202710.jpg
400 305
126 68 350 203; 166 71 359 208; 169 72 359 207; 

67\202_202715.jpg
400 200
90 102 330 164; 90 104 327 174; 88 103 325 175; 

67\202_202721.jpg
400 220
150 12 344 204; 153 12 343 162; 152 12 344 162; 

67\202_202722.jpg
368 400
86 24 246 374; 87 28 249 381; 84 26 249 381; 

67\202_202723.jpg
399 399
225 63 359 372; 229 64 357 376; 231 65 355 376; 

67\202_202729.jpg
305 400
74 236 253 386; 77 236 255 394; 76 238 256 395; 

67\202_202774.jpg
368 400
110 38 323 388; 110 82 311 391; 109 83 358 391; 

67\202_202775.jpg
266 400
66 122 182 393; 58 121 184 399; 57 119 186 400; 

67\202_202778.jpg
400 266
90 126 390 242; 81 114 399 232; 82 117 400 234; 

67\202_202783.jpg
400 300
120 76 390 188; 120 78 399 185; 121 78 397 188; 

67\202_202787.jpg
400 300
292 66 386 294; 292 48 400 300; 295 0 400 300; 

67\202_202789.jpg
400 340
109 73 279 300; 106 74 278 302; 107 74 279 301; 

67\202_202801.jpg
266 400
26 52 216 278; 0 53 209 344; 57 130 208 279; 

67\202_202805.jpg
400 342
94 56 246 271; 94 48 243 261; 97 137 221 257; 

67\202_202807.jpg
266 400
46 150 187 336; 4 151 192 378; 48 151 190 335; 

67\202_202818.jpg
400 300
120 66 312 298; 117 57 316 300; 119 56 318 300; 

67\202_202819.jpg
400 266
4 78 258 265; 1 77 260 267; 1 77 258 267; 

67\202_202844.jpg
284 400
76 36 174 296; 79 34 177 317; 77 34 248 394; 

67\202_202857.jpg
400 390
140 82 232 276; 141 84 248 282; 142 84 249 282; 

67\202_202858.jpg
379 400
126 79 215 266; 130 84 231 271; 130 82 232 268; 

67\202_202869.jpg
400 298
96 62 277 268; 94 56 274 278; 89 59 276 286; 

67\202_202873.jpg
400 266
38 26 262 263; 42 25 336 266; 41 26 332 266; 

67\202_202875.jpg
399 266
58 114 326 215; 59 121 330 212; 55 119 330 212; 

67\202_202877.jpg
400 269
48 135 219 247; 76 135 219 248; 75 137 216 246; 

67\202_202888.jpg
266 399
42 88 243 346; 40 90 266 351; 41 92 267 359; 

67\202_202910.jpg
400 266
100 16 334 248; 179 69 321 228; 106 0 399 225; 

67\202_202911.jpg
400 400
100 16 336 377; 51 2 273 286; 54 2 354 380; 

67\202_202912.jpg
400 268
166 34 315 259; 159 26 312 269; 160 34 398 265; 

67\202_202914.jpg
299 399
82 66 246 322; 69 66 300 314; 86 67 300 400; 

67\202_202917.jpg
400 204
78 50 262 164; 71 48 264 123; 78 50 262 137; 

67\202_202920.jpg
400 303
28 40 356 219; 29 40 348 220; 32 42 350 218; 

67\202_202927.jpg
400 265
126 58 274 201; 171 61 274 206; 154 61 275 206; 

67\202_202938.jpg
300 400
8 64 276 330; 83 50 178 350; 0 50 278 348; 

67\202_202952.jpg
400 266
84 36 335 193; 13 39 334 199; 8 39 336 253; 

67\202_202957.jpg
400 266
146 24 384 245; 145 21 385 243; 145 25 385 243; 

67\202_202958.jpg
400 266
64 39 385 176; 59 35 387 181; 58 37 386 177; 

67\202_202964.jpg
266 400
44 38 265 312; 41 41 267 317; 43 42 261 297; 

67\202_202965.jpg
266 400
72 119 187 389; 72 115 253 400; 75 93 253 400; 

67\202_202969.jpg
264 400
70 58 196 228; 74 56 193 226; 75 59 195 226; 

67\202_202979.jpg
400 260
81 61 321 258; 85 61 363 260; 82 62 362 260; 

67\202_202983.jpg
400 265
181 11 393 258; 188 92 400 265; 174 1 400 265; 

67\202_202988.jpg
400 230
135 24 301 224; 137 25 303 207; 139 25 303 229; 

67\203_203002.jpg
400 298
38 119 176 254; 41 119 175 255; 40 119 174 254; 

67\203_203005.jpg
400 300
126 80 260 254; 86 80 257 278; 134 78 258 246; 

67\203_203007.jpg
400 261
20 42 333 241; 18 46 268 246; 16 45 332 245; 

67\203_203015.jpg
400 206
152 44 229 160; 152 44 231 163; 152 45 231 163; 

67\203_203024.jpg
304 400
76 74 258 356; 11 74 258 354; 14 72 258 359; 

67\203_203029.jpg
400 258
79 39 241 187; 74 39 241 191; 82 39 238 174; 

67\203_203031.jpg
400 243
122 22 270 236; 117 20 271 239; 115 20 271 239; 

67\203_203050.jpg
379 400
126 82 212 264; 131 82 231 269; 131 81 232 268; 

67\203_203055.jpg
295 400
14 40 258 297; 16 38 216 248; 14 39 262 392; 

67\203_203065.jpg
400 296
100 80 216 289; 101 64 196 296; 101 49 198 296; 

67\203_203067.jpg
400 400
207 113 316 390; 209 115 311 394; 224 118 309 394; 

67\203_203068.jpg
400 266
116 67 289 264; 117 68 289 264; 116 68 289 262; 

67\203_203069.jpg
400 390
137 83 246 282; 141 84 251 282; 142 83 250 282; 

67\203_203073.jpg
400 266
91 65 303 186; 89 68 302 195; 53 66 301 189; 

67\203_203084.jpg
400 266
174 62 340 247; 133 63 377 255; 176 63 376 253; 

67\203_203085.jpg
400 248
206 21 311 218; 171 21 300 219; 175 21 302 222; 

67\203_203091.jpg
400 321
104 38 178 259; 106 35 178 252; 107 36 178 264; 

67\203_203099.jpg
400 327
60 24 334 306; 59 26 321 309; 59 24 332 308; 

67\203_203100.jpg
400 327
60 24 330 306; 59 23 321 306; 59 24 332 308; 

67\203_203101.jpg
400 327
60 24 334 303; 60 23 321 309; 59 24 332 308; 

67\203_203116.jpg
400 279
136 34 334 242; 129 17 343 197; 131 18 338 246; 

67\203_203138.jpg
320 400
26 36 242 382; 21 36 176 252; 16 28 276 394; 

67\203_203141.jpg
379 400
126 86 215 266; 129 80 232 269; 130 81 232 269; 

67\203_203145.jpg
399 300
162 14 306 275; 157 13 331 300; 164 13 330 300; 

67\203_203146.jpg
400 266
90 104 286 209; 89 103 285 205; 92 103 284 205; 

67\203_203147.jpg
400 300
38 61 353 278; 36 67 342 274; 36 63 399 278; 

67\203_203150.jpg
400 293
206 33 377 268; 211 28 381 292; 212 28 379 292; 

67\203_203151.jpg
400 266
46 32 310 264; 48 46 237 266; 46 1 383 266; 

67\203_203154.jpg
399 266
12 36 240 224; 89 37 311 228; 1 38 241 224; 

67\203_203181.jpg
400 362
74 100 240 282; 74 44 242 285; 74 43 242 285; 

67\203_203185.jpg
306 400
92 9 241 334; 75 74 220 363; 88 73 221 329; 

67\203_203187.jpg
400 320
138 15 348 298; 136 14 320 295; 136 15 348 300; 

67\203_203204.jpg
266 400
48 38 190 216; 49 38 194 215; 54 39 198 231; 

67\203_203206.jpg
266 400
48 46 224 278; 89 48 228 279; 2 49 225 324; 

67\203_203209.jpg
400 285
76 46 249 266; 71 46 249 269; 74 46 247 270; 

67\203_203214.jpg
266 400
32 72 232 284; 32 77 233 281; 30 76 234 400; 

67\203_203216.jpg
400 266
14 71 319 252; 13 72 310 246; 12 71 392 250; 

67\203_203217.jpg
400 291
102 8 389 251; 133 1 393 252; 133 1 395 254; 

67\203_203225.jpg
400 266
58 31 314 258; 49 37 238 266; 49 30 351 266; 

67\203_203226.jpg
400 266
59 55 280 257; 61 56 229 266; 62 55 282 266; 

67\203_203236.jpg
266 400
54 84 206 370; 61 61 208 308; 61 62 207 400; 

67\203_203245.jpg
400 300
154 122 358 296; 171 121 360 300; 175 120 358 300; 

67\203_203246.jpg
400 300
32 22 282 294; 29 24 282 300; 28 21 282 300; 

67\203_203247.jpg
400 300
82 46 304 294; 82 81 306 300; 83 38 305 300; 

67\203_203252.jpg
300 400
50 32 250 366; 50 32 251 369; 50 34 251 371; 

67\203_203267.jpg
400 274
117 51 296 272; 116 51 376 274; 116 52 372 274; 

67\203_203268.jpg
400 275
108 44 282 215; 114 45 282 217; 110 44 283 216; 

67\203_203275.jpg
381 400
37 65 275 377; 92 66 250 301; 38 64 281 378; 

67\203_203283.jpg
400 343
88 35 322 241; 88 35 325 239; 89 36 323 236; 

67\203_203289.jpg
265 400
52 174 208 393; 10 157 265 399; 10 157 265 400; 

67\203_203290.jpg
265 400
46 132 204 391; 2 169 265 400; 1 171 265 400; 

67\203_203291.jpg
265 400
64 142 203 392; 75 99 265 400; 88 143 203 275; 

67\203_203292.jpg
265 400
46 160 199 388; 59 50 265 400; 95 161 208 276; 

67\203_203293.jpg
265 400
6 110 221 374; 4 112 223 374; 1 110 224 302; 

67\203_203297.jpg
371 400
117 64 309 346; 129 25 371 349; 131 62 311 302; 

67\203_203298.jpg
361 400
62 82 275 386; 72 21 336 347; 72 84 277 342; 

67\203_203300.jpg
400 289
116 24 370 288; 159 98 283 251; 139 23 342 248; 

67\203_203304.jpg
266 400
56 50 231 356; 36 47 260 332; 33 48 261 356; 

67\203_203307.jpg
400 269
132 68 266 179; 132 68 271 175; 134 70 268 177; 

67\203_203311.jpg
400 266
34 62 304 263; 126 59 249 266; 134 60 248 190; 

67\203_203340.jpg
265 400
38 80 212 391; 45 121 201 290; 22 14 234 290; 

67\203_203346.jpg
400 266
2 78 260 263; 1 77 259 267; 0 78 259 267; 

67\203_203349.jpg
265 400
46 81 202 393; 42 124 201 293; 23 14 246 290; 

67\203_203353.jpg
400 320
74 76 264 242; 57 52 265 244; 54 54 265 243; 

67\203_203359.jpg
400 300
108 26 356 229; 109 23 391 230; 109 25 393 232; 

67\203_203371.jpg
326 400
48 54 298 350; 48 56 275 167; 48 56 262 212; 

67\203_203372.jpg
400 300
156 67 294 248; 151 65 297 268; 154 63 296 267; 

67\203_203373.jpg
400 320
65 20 333 283; 58 41 336 285; 58 42 335 285; 

67\203_203382.jpg
258 400
30 24 204 378; 31 14 209 307; 27 13 207 400; 

67\203_203397.jpg
400 300
34 40 272 274; 93 54 330 180; 32 39 392 275; 

67\203_203400.jpg
400 256
66 38 376 148; 70 39 400 158; 69 16 369 144; 

67\203_203405.jpg
400 238
23 72 202 178; 26 68 201 181; 1 71 380 235; 

67\203_203408.jpg
400 212
3 17 238 204; 76 18 242 212; 2 18 241 212; 

67\203_203422.jpg
400 265
8 70 320 226; 165 86 327 227; 1 67 326 226; 

67\203_203423.jpg
400 400
60 94 348 346; 58 95 351 348; 61 94 351 344; 

67\203_203427.jpg
400 287
72 27 202 248; 64 16 198 261; 69 18 194 261; 

67\203_203430.jpg
400 400
62 99 342 364; 94 138 297 280; 94 130 298 279; 

67\203_203435.jpg
387 400
55 27 285 394; 48 33 284 252; 51 31 289 400; 

67\203_203436.jpg
400 220
48 21 356 181; 48 23 330 182; 49 21 325 178; 

67\203_203446.jpg
400 400
94 64 329 317; 93 64 332 299; 94 64 331 319; 

67\203_203448.jpg
400 300
86 46 325 271; 81 45 321 267; 82 47 322 266; 

67\203_203449.jpg
400 266
192 42 332 126; 195 41 331 96; 193 46 329 93; 

67\203_203453.jpg
400 266
142 4 256 184; 145 3 258 187; 145 1 256 186; 

67\203_203463.jpg
265 400
38 85 207 384; 46 122 198 292; 21 14 238 291; 

67\203_203481.jpg
400 386
84 146 301 327; 78 150 302 324; 74 152 302 330; 

67\203_203483.jpg
300 400
114 4 236 365; 118 36 250 400; 117 36 244 388; 

67\203_203498.jpg
400 266
154 68 320 208; 153 61 324 210; 157 45 305 201; 

67\203_203523.jpg
379 400
20 80 309 364; 34 81 315 322; 23 81 311 366; 

67\203_203526.jpg
335 400
68 58 162 256; 68 59 165 249; 69 58 164 245; 

67\203_203527.jpg
339 400
56 32 275 396; 92 29 235 224; 54 28 279 400; 

67\203_203530.jpg
400 360
163 44 321 354; 168 33 334 269; 170 34 323 261; 

67\203_203555.jpg
266 400
48 104 212 374; 33 84 236 251; 33 84 232 373; 

67\203_203558.jpg
400 300
78 50 378 281; 177 64 352 189; 2 35 389 297; 

67\203_203562.jpg
266 400
56 86 194 320; 58 79 212 329; 58 80 212 328; 

67\203_203590.jpg
400 398
128 32 367 364; 124 22 369 268; 127 22 369 264; 

67\203_203609.jpg
400 350
12 14 320 266; 10 14 319 268; 9 12 320 350; 

67\203_203638.jpg
400 300
104 22 306 274; 106 24 306 213; 108 24 305 274; 

67\203_203642.jpg
400 312
194 36 358 202; 152 31 381 233; 160 33 379 224; 

67\203_203654.jpg
400 264
58 28 298 263; 62 31 293 143; 61 30 291 235; 

67\203_203684.jpg
300 400
40 28 186 398; 10 14 191 400; 5 11 192 400; 

67\203_203686.jpg
400 300
130 72 351 280; 129 74 324 275; 129 72 394 292; 

67\203_203706.jpg
400 300
151 42 352 288; 145 45 352 300; 145 46 354 300; 

67\203_203721.jpg
400 320
98 32 344 298; 101 34 357 272; 99 32 400 320; 

67\203_203724.jpg
400 266
32 46 288 254; 156 46 298 161; 28 45 294 266; 

67\203_203725.jpg
400 266
26 61 301 201; 16 59 303 196; 2 60 301 243; 

67\203_203727.jpg
399 267
64 80 318 239; 87 100 318 243; 10 34 316 245; 

67\203_203734.jpg
300 400
30 50 206 336; 28 106 208 332; 31 49 208 337; 

67\203_203747.jpg
399 266
104 32 321 264; 139 4 337 266; 100 5 333 266; 

67\203_203749.jpg
399 266
110 52 390 218; 109 44 398 220; 111 44 368 218; 

67\203_203754.jpg
399 299
8 76 225 238; 53 88 225 227; 0 82 221 208; 

67\203_203759.jpg
400 320
68 30 373 258; 64 115 268 255; 58 31 374 262; 

67\203_203760.jpg
320 400
67 49 264 364; 63 49 262 366; 61 51 262 364; 

67\203_203763.jpg
320 400
70 50 182 248; 71 49 183 262; 72 50 182 258; 

67\203_203765.jpg
320 400
66 48 264 364; 60 50 263 365; 62 51 262 366; 

67\203_203770.jpg
400 314
58 32 361 274; 48 32 219 278; 43 29 359 276; 

67\203_203772.jpg
400 320
26 158 312 263; 25 160 386 269; 26 160 377 262; 

67\203_203775.jpg
314 400
76 60 172 348; 72 56 177 347; 79 56 171 347; 

67\203_203814.jpg
400 266
232 78 385 239; 234 78 385 259; 234 78 384 261; 

67\203_203849.jpg
400 266
74 18 298 263; 76 20 297 267; 74 17 296 267; 

67\203_203850.jpg
400 266
80 29 318 263; 81 28 316 267; 81 29 317 267; 

67\203_203851.jpg
400 266
82 8 317 263; 84 9 311 267; 85 12 309 267; 

67\203_203852.jpg
400 266
144 70 396 263; 144 70 298 181; 145 69 400 266; 

67\203_203873.jpg
400 358
59 19 326 289; 59 16 218 289; 56 16 365 297; 

67\203_203887.jpg
400 266
1 100 346 214; 1 99 356 222; 1 100 355 224; 

67\203_203889.jpg
400 300
214 78 392 248; 212 79 382 249; 214 59 400 248; 

67\203_203897.jpg
266 400
14 144 218 289; 14 144 221 290; 21 143 219 288; 

67\203_203899.jpg
266 400
40 120 246 295; 39 119 259 292; 40 119 261 292; 

67\203_203906.jpg
400 266
110 69 298 263; 105 70 302 266; 103 70 301 266; 

67\203_203908.jpg
400 318
86 14 388 241; 204 7 393 199; 86 8 396 239; 

67\203_203917.jpg
300 400
90 192 214 358; 88 192 233 359; 90 191 227 358; 

67\203_203931.jpg
320 212
46 71 248 167; 0 70 248 174; 0 71 249 186; 

67\203_203940.jpg
400 328
120 152 392 327; 119 156 399 329; 120 157 400 329; 

67\203_203944.jpg
400 266
168 69 262 260; 172 71 257 265; 169 73 258 267; 

67\203_203956.jpg
338 400
84 36 308 394; 96 92 218 293; 86 39 306 291; 

67\203_203962.jpg
400 320
22 24 262 282; 18 19 254 284; 20 19 208 150; 

67\203_203969.jpg
310 399
58 38 227 288; 56 35 225 185; 61 38 310 399; 

67\203_203971.jpg
400 266
76 28 286 265; 117 3 299 266; 69 3 299 266; 

67\203_203972.jpg
400 266
78 48 362 265; 111 28 357 212; 68 27 374 266; 

67\203_203973.jpg
400 298
50 44 344 214; 44 45 352 184; 44 44 351 203; 

67\203_203978.jpg
320 400
81 26 282 322; 88 25 293 328; 90 26 250 219; 

